197043, -16602.79
197045, -16606.16
197047, -16609.19
197049, -16612.25
197051, -16615.43
197053, -16618.45
197056, -16623.15
197058, -16626.50
197060, -16630.04
197062, -16633.42
197065, -16637.22
197068, -16642.04
197070, -16645.88
197072, -16649.11
197074, -16652.75
197076, -16655.83
197079, -16659.26
197081, -16663.12
197083, -16666.75
197087, -16672.07
197090, -16677.06
197092, -16680.32
197094, -16683.39
197096, -16686.44
197098, -16689.77
197100, -16692.84
197102, -16695.89
197104, -16698.95
197105, -16701.92
197107, -16704.88
197109, -16707.96
197111, -16711.19
197113, -16714.40
197115, -16717.56
197117, -16720.63
197119, -16723.67
197121, -16726.79
197123, -16729.81
197125, -16732.86
197127, -16735.91
197129, -16738.89
197131, -16741.96
197132, -16745.02
197135, -16748.43
197137, -16751.43
197138, -16754.59
197140, -16757.64
197142, -16760.61
197144, -16763.61
197146, -16766.94
197148, -16770.02
197150, -16773.01
197152, -16776.05
197154, -16779.14
197156, -16782.17
197158, -16785.24
197160, -16788.30
197162, -16791.33
197163, -16794.34
197165, -16797.30
197167, -16800.39
197169, -16803.52
197171, -16806.70
197173, -16809.71
197175, -16812.75
197177, -16815.74
197179, -16818.86
197181, -16821.80
197183, -16824.84
197184, -16827.79
197186, -16830.75
197188, -16833.68
197190, -16836.70
197192, -16839.69
197194, -16842.77
197196, -16845.85
197198, -16849.03
197200, -16852.09
197202, -16855.07
197203, -16858.04
197205, -16861.01
197207, -16864.02
197209, -16867.01
197211, -16870.13
197213, -16873.36
197215, -16876.45
197217, -16879.51
197219, -16882.49
197221, -16885.49
197223, -16888.63
197225, -16891.65
197227, -16894.65
197228, -16897.62
197230, -16900.64
197232, -16903.64
197234, -16906.58
197236, -16909.52
197238, -16912.56
197240, -16915.66
197242, -16918.74
197244, -16921.75
197246, -16924.80
197248, -16927.96
197250, -16931.04
197252, -16934.04
197254, -16937.09
197255, -16940.05
197257, -16943.14
197259, -16946.16
197261, -16949.11
197263, -16952.09
197265, -16955.08
197267, -16958.06
197269, -16961.09
197271, -16964.17
197273, -16967.21
197275, -16970.46
197277, -16973.48
197279, -16976.51
197281, -16979.55
197283, -16982.50
197284, -16985.44
197286, -16988.41
197288, -16991.34
197290, -16994.31
197292, -16997.20
197294, -17000.22
197296, -17003.19
197298, -17006.21
197300, -17009.19
197302, -17012.19
197304, -17015.25
197305, -17018.21
197307, -17021.12
197309, -17024.12
197311, -17027.02
197313, -17030.04
197315, -17032.99
197317, -17035.90
197319, -17038.89
197321, -17041.90
197323, -17044.92
197325, -17047.90
197327, -17050.88
197329, -17053.87
197331, -17056.85
197333, -17059.90
197334, -17062.82
197336, -17065.73
197338, -17068.67
197340, -17071.84
197342, -17074.72
197344, -17077.60
197346, -17080.53
197348, -17083.42
197350, -17086.38
197352, -17089.35
197354, -17092.34
197356, -17095.34
197358, -17098.29
197360, -17101.60
197362, -17104.59
197364, -17107.55
197366, -17110.49
197368, -17113.44
197369, -17116.37
197372, -17119.56
197374, -17123.21
197376, -17126.21
197378, -17129.19
197380, -17132.12
197382, -17135.00
197385, -17140.00
197387, -17143.72
197390, -17147.20
197392, -17150.20
197394, -17153.55
197397, -17158.38
197400, -17162.51
197402, -17166.12
197405, -17169.89
197407, -17173.51
197409, -17176.49
197411, -17179.51
197414, -17183.42
197416, -17187.03
197419, -17191.37
197422, -17196.35
197424, -17199.34
197426, -17202.54
197429, -17205.69
197430, -17208.60
197432, -17211.54
197434, -17214.49
197436, -17217.40
197438, -17220.36
197441, -17223.75
197443, -17226.67
197445, -17230.14
197447, -17233.32
197449, -17237.03
197452, -17240.15
197455, -17245.07
197457, -17248.45
197459, -17251.33
197462, -17255.55
197465, -17259.97
197467, -17263.92
197470, -17267.34
197472, -17270.30
197474, -17273.57
197477, -17278.00
197480, -17282.58
197482, -17286.44
197486, -17291.22
197488, -17294.73
197491, -17298.37
197493, -17301.95
197495, -17305.47
197499, -17310.45
197501, -17314.52
197504, -17318.03
197506, -17321.73
197509, -17325.36
197511, -17329.19
197514, -17332.88
197516, -17336.43
197520, -17341.52
197522, -17344.43
197523, -17347.20
197525, -17350.14
197527, -17352.98
197529, -17356.01
197531, -17358.97
197533, -17361.82
197535, -17364.73
197537, -17367.68
197539, -17370.58
197541, -17373.44
197543, -17376.39
197545, -17379.37
197547, -17382.44
197549, -17385.31
197551, -17388.15
197553, -17390.96
197555, -17394.47
197557, -17397.39
197559, -17400.18
197561, -17403.16
197563, -17406.13
197565, -17408.95
197567, -17411.81
197569, -17414.67
197571, -17417.52
197572, -17420.32
197574, -17423.15
197576, -17426.00
197578, -17428.85
197580, -17431.90
197582, -17434.83
197584, -17437.71
197586, -17440.63
197588, -17443.53
197590, -17446.54
197592, -17449.40
197594, -17452.22
197596, -17455.22
197598, -17458.33
197600, -17461.32
197602, -17464.18
197604, -17467.07
197606, -17470.12
197608, -17472.97
197610, -17476.07
197612, -17479.07
197613, -17481.98
197615, -17484.97
197617, -17488.03
197619, -17491.20
197622, -17494.40
197623, -17497.28
197625, -17500.18
197627, -17503.04
197629, -17505.93
197631, -17508.89
197633, -17511.77
197635, -17514.75
197637, -17517.73
197639, -17520.81
197641, -17523.83
197643, -17526.89
197645, -17529.79
197647, -17532.68
197648, -17535.56
197650, -17538.49
197652, -17541.37
197654, -17544.28
197656, -17547.20
197658, -17550.26
197660, -17553.31
197662, -17556.66
197664, -17559.65
197666, -17562.74
197668, -17565.68
197670, -17568.78
197672, -17571.74
197674, -17574.66
197676, -17577.62
197677, -17580.54
197679, -17583.54
197681, -17586.50
197683, -17589.42
197685, -17592.45
197687, -17595.44
197689, -17598.49
197691, -17601.62
197693, -17604.70
197695, -17607.87
197697, -17611.03
197699, -17614.29
197701, -17617.35
197703, -17620.36
197705, -17623.44
197706, -17626.56
197708, -17629.54
197710, -17632.57
197712, -17635.63
197714, -17638.63
197716, -17641.78
197718, -17644.85
197720, -17648.12
197722, -17651.19
197724, -17654.19
197726, -17657.33
197728, -17660.36
197729, -17663.41
197731, -17666.46
197733, -17669.46
197735, -17672.47
197737, -17675.56
197739, -17678.70
197741, -17681.91
197743, -17685.04
197745, -17688.22
197747, -17691.42
197749, -17694.58
197751, -17697.87
197752, -17700.94
197754, -17704.09
197756, -17707.24
197758, -17710.35
197760, -17713.46
197762, -17716.65
197764, -17719.71
197766, -17722.89
197768, -17726.31
197770, -17729.47
197772, -17732.67
197774, -17735.78
197776, -17739.00
197778, -17742.24
197780, -17745.50
197781, -17748.64
197783, -17751.78
197785, -17755.02
197787, -17758.18
197789, -17761.28
197791, -17764.41
197793, -17767.51
197795, -17770.68
197797, -17773.95
197799, -17777.11
197801, -17780.38
197802, -17783.62
197804, -17786.88
197806, -17790.01
197808, -17793.18
197810, -17796.40
197812, -17799.54
197814, -17802.61
197816, -17805.78
197818, -17808.97
197820, -17812.20
197822, -17815.47
197823, -17818.69
197825, -17821.92
197827, -17825.16
197829, -17828.46
197831, -17831.66
197833, -17834.83
197835, -17838.06
197837, -17841.25
197839, -17844.43
197841, -17847.75
197843, -17850.93
197844, -17854.16
197846, -17857.47
197848, -17860.73
197850, -17864.12
197852, -17867.47
197854, -17870.84
197856, -17874.07
197858, -17877.35
197860, -17880.60
197862, -17883.97
197864, -17887.26
197866, -17890.53
197868, -17893.73
197870, -17896.92
197872, -17900.20
197873, -17903.49
197875, -17906.84
197877, -17910.14
197879, -17913.44
197881, -17916.81
197883, -17920.03
197885, -17923.31
197887, -17926.75
197889, -17929.97
197891, -17933.18
197893, -17936.45
197895, -17939.68
197897, -17942.90
197898, -17946.22
197900, -17949.54
197902, -17952.86
197904, -17956.08
197906, -17959.45
197908, -17962.69
197910, -17966.30
197912, -17970.15
197915, -17973.76
197917, -17977.59
197919, -17980.91
197921, -17984.77
197923, -17988.34
197925, -17992.26
197928, -17996.10
197930, -18000.02
197932, -18003.79
197934, -18007.51
197936, -18011.30
197939, -18015.27
197941, -18018.75
197943, -18022.01
197945, -18025.24
197947, -18028.74
197948, -18031.98
197950, -18035.21
197952, -18038.76
197955, -18042.52
197957, -18045.95
197959, -18049.37
197961, -18052.91
197963, -18056.24
197965, -18059.54
197966, -18062.87
197968, -18066.11
197970, -18069.37
197972, -18072.72
197974, -18076.06
197976, -18079.67
197978, -18083.21
197980, -18086.63
197982, -18089.84
197984, -18093.13
197986, -18096.52
197988, -18099.80
197990, -18103.16
197992, -18106.48
197994, -18109.88
197996, -18113.13
197998, -18116.38
198000, -18119.61
198002, -18122.88
198004, -18126.12
198005, -18129.35
198007, -18132.54
198009, -18135.84
198011, -18139.07
198013, -18142.37
198015, -18145.61
198017, -18148.94
198019, -18152.13
198021, -18155.27
198023, -18158.42
198024, -18161.61
198026, -18164.87
198028, -18168.04
198030, -18171.27
198032, -18174.54
198034, -18177.89
198036, -18181.16
198038, -18184.47
198040, -18187.71
198042, -18190.98
198044, -18194.27
198046, -18197.59
198048, -18200.81
198050, -18203.97
198052, -18207.15
198054, -18210.44
198055, -18213.69
198057, -18216.93
198059, -18220.25
198061, -18223.45
198063, -18226.58
198065, -18229.76
198067, -18232.98
198069, -18236.33
198071, -18239.59
198073, -18242.98
198075, -18246.32
198077, -18249.56
198079, -18252.96
198081, -18256.19
198083, -18259.36
198085, -18262.56
198087, -18265.80
198089, -18268.94
198091, -18272.12
198093, -18275.32
198094, -18278.46
198096, -18281.62
198098, -18284.78
198100, -18287.84
198102, -18291.12
198104, -18294.22
198106, -18297.51
198108, -18300.73
198110, -18303.90
198112, -18307.10
198114, -18310.40
198116, -18313.52
198118, -18316.63
198119, -18319.73
198121, -18322.91
198123, -18326.08
198125, -18329.21
198127, -18332.37
198129, -18335.60
198131, -18338.76
198133, -18341.94
198135, -18345.09
198137, -18348.24
198139, -18351.76
198141, -18355.17
198143, -18358.29
198145, -18361.40
198147, -18364.62
198149, -18367.80
198151, -18371.09
198153, -18374.33
198155, -18377.40
198156, -18380.56
198158, -18383.71
198160, -18386.80
198162, -18389.98
198164, -18393.18
198166, -18396.47
198168, -18399.65
198170, -18402.86
198172, -18406.15
198174, -18410.04
198177, -18413.73
198179, -18417.66
198181, -18421.53
198184, -18425.10
198186, -18428.45
198188, -18431.61
198190, -18434.76
198192, -18438.25
198194, -18441.67
198196, -18445.12
198198, -18448.91
198200, -18452.23
198202, -18455.38
198204, -18458.53
198206, -18461.68
198208, -18464.83
198210, -18468.21
198212, -18471.67
198214, -18474.80
198216, -18477.90
198218, -18480.97
198220, -18484.04
198222, -18487.35
198224, -18490.59
198226, -18494.00
198228, -18497.09
198230, -18500.30
198232, -18503.59
198234, -18506.77
198236, -18509.81
198238, -18513.70
198240, -18516.80
198242, -18520.75
198245, -18524.46
198247, -18528.86
198249, -18532.07
198251, -18535.13
198253, -18538.23
198255, -18541.46
198257, -18544.83
198259, -18547.93
198261, -18550.95
198263, -18554.05
198265, -18557.20
198267, -18560.32
198269, -18563.60
198270, -18566.70
198272, -18569.86
198276, -18575.03
198278, -18578.80
198280, -18581.97
198282, -18585.67
198285, -18590.46
198288, -18594.51
198290, -18597.77
198292, -18601.40
198294, -18604.88
198296, -18608.14
198298, -18611.21
198300, -18614.57
198302, -18617.64
198304, -18620.75
198306, -18623.96
198308, -18627.41
198310, -18630.91
198312, -18634.22
198314, -18637.51
198317, -18642.57
198320, -18647.57
198322, -18650.91
198324, -18654.55
198327, -18659.23
198329, -18662.39
198332, -18667.25
198335, -18672.39
198337, -18676.52
198339, -18679.77
198342, -18683.50
198344, -18687.22
198347, -18692.53
198350, -18696.83
198352, -18700.34
198354, -18704.23
198356, -18707.46
198359, -18711.20
198361, -18715.03
198364, -18719.75
198367, -18724.93
198369, -18728.02
198371, -18731.32
198373, -18734.50
198376, -18739.38
198378, -18742.53
198380, -18746.57
198383, -18751.40
198386, -18756.23
198388, -18760.21
198391, -18764.00
198393, -18767.87
198396, -18772.60
198398, -18776.94
198402, -18782.38
198405, -18787.11
198407, -18790.22
198409, -18793.55
198410, -18796.64
198413, -18800.23
198416, -18805.29
198418, -18809.01
198420, -18813.19
198422, -18816.46
198425, -18819.88
198427, -18823.67
198429, -18826.96
198431, -18830.04
198433, -18833.22
198435, -18836.56
198436, -18839.67
198438, -18842.99
198440, -18846.15
198442, -18849.52
198446, -18855.00
198448, -18859.41
198452, -18864.70
198454, -18868.49
198456, -18871.66
198458, -18875.16
198461, -18880.27
198463, -18883.54
198465, -18886.70
198467, -18889.90
198469, -18893.13
198471, -18896.38
198473, -18899.56
198475, -18903.12
198478, -18907.62
198480, -18911.75
198483, -18916.29
198486, -18921.06
198488, -18924.50
198490, -18928.56
198493, -18932.19
198495, -18935.27
198496, -18938.36
198499, -18941.79
198501, -18945.04
198503, -18948.33
198505, -18951.48
198507, -18954.92
198509, -18958.01
198511, -18961.62
198514, -18966.11
198516, -18970.75
198519, -18974.13
198521, -18977.53
198523, -18981.11
198525, -18985.03
198528, -18988.66
198530, -18992.76
198532, -18995.89
198534, -18999.25
198536, -19002.37
198538, -19005.63
198540, -19008.78
198542, -19011.93
198544, -19015.05
198546, -19018.17
198548, -19021.29
198550, -19024.48
198552, -19027.65
198554, -19030.78
198556, -19033.97
198558, -19037.17
198560, -19040.22
198562, -19043.27
198564, -19046.36
198566, -19049.66
198568, -19052.70
198569, -19055.71
198571, -19058.68
198573, -19061.76
198576, -19066.61
198579, -19071.58
198582, -19076.16
198584, -19079.25
198587, -19082.90
198589, -19086.20
198591, -19089.38
198593, -19092.49
198595, -19095.51
198597, -19098.50
198599, -19101.97
198601, -19105.11
198603, -19108.23
198605, -19111.32
198607, -19114.90
198610, -19118.90
198612, -19121.96
198613, -19124.97
198615, -19128.06
198617, -19131.09
198619, -19134.14
198622, -19137.91
198624, -19140.92
198626, -19144.01
198628, -19147.40
198630, -19150.72
198632, -19154.45
198634, -19157.54
198636, -19160.44
198638, -19163.39
198640, -19166.35
198642, -19169.26
198644, -19172.16
198646, -19175.09
198648, -19178.12
198650, -19181.10
198652, -19184.09
198654, -19187.07
198656, -19190.15
198658, -19193.10
198660, -19196.08
198662, -19199.12
198663, -19202.05
198665, -19204.93
198667, -19207.79
198669, -19210.72
198671, -19213.65
198673, -19216.77
198675, -19219.60
198677, -19222.55
198679, -19225.45
198681, -19228.29
198683, -19231.14
198685, -19234.09
198687, -19237.07
198689, -19240.02
198691, -19242.97
198693, -19246.37
198696, -19251.37
198699, -19255.84
198702, -19259.51
198704, -19263.20
198707, -19266.66
198709, -19269.92
198711, -19273.20
198713, -19276.55
198716, -19281.15
198719, -19285.84
198721, -19288.86
198724, -19292.24
198726, -19295.12
198728, -19298.08
198730, -19301.18
198732, -19304.16
198734, -19306.96
198736, -19309.80
198738, -19312.97
198740, -19315.91
198742, -19319.26
198745, -19322.81
198747, -19326.38
198749, -19329.69
198751, -19332.52
198753, -19335.40
198755, -19338.18
198757, -19341.06
198759, -19344.25
198762, -19347.77
198763, -19350.64
198765, -19353.49
198767, -19356.33
198769, -19359.32
198771, -19362.13
198773, -19365.21
198776, -19368.96
198779, -19373.44
198782, -19377.69
198785, -19382.21
198788, -19385.88
198790, -19388.60
198792, -19392.06
198795, -19396.64
198798, -19400.38
198801, -19405.22
198804, -19409.22
198806, -19411.97
198808, -19415.25
198811, -19419.32
198813, -19422.82
198816, -19426.62
198819, -19431.47
198821, -19434.34
198823, -19437.13
198826, -19440.67
198829, -19445.52
198832, -19449.53
198834, -19452.97
198837, -19456.61
198839, -19459.51
198841, -19462.69
198843, -19465.80
198845, -19468.72
198847, -19471.58
198849, -19474.67
198851, -19478.19
198853, -19481.01
198855, -19483.89
198858, -19487.15
198860, -19491.09
198863, -19494.45
198866, -19499.26
198868, -19502.43
198870, -19505.30
198873, -19509.06
198876, -19513.27
198878, -19516.32
198881, -19520.56
198884, -19524.94
198886, -19527.74
198888, -19530.51
198890, -19533.68
198892, -19537.09
198895, -19540.81
198898, -19545.36
198901, -19549.63
198903, -19552.52
198905, -19555.43
198907, -19559.18
198910, -19562.90
198913, -19567.14
198916, -19571.73
198918, -19574.55
198920, -19578.36
198924, -19583.19
198926, -19586.60
198929, -19590.56
198931, -19594.81
198933, -19597.65
198936, -19601.22
198938, -19604.07
198940, -19606.94
198941, -19609.73
198943, -19612.52
198945, -19615.39
198948, -19620.06
198951, -19623.80
198953, -19627.44
198956, -19630.71
198958, -19633.88
198960, -19637.54
198963, -19641.25
198965, -19644.23
198967, -19647.41
198969, -19650.72
198971, -19653.75
198974, -19658.77
198976, -19662.18
198979, -19665.69
198981, -19668.65
198983, -19672.84
198986, -19676.57
198988, -19679.49
198991, -19683.50
198993, -19687.19
198996, -19691.17
198998, -19694.20
199000, -19697.70
199002, -19701.30
199004, -19704.29
199006, -19707.88
199010, -19712.96
199012, -19716.07
199015, -19721.04
199018, -19725.31
199020, -19729.05
199022, -19732.12
199025, -19735.74
199027, -19739.17
199029, -19742.29
199031, -19746.42
199034, -19751.11
199037, -19755.10
199039, -19758.41
199041, -19762.12
199044, -19766.35
199047, -19770.04
199049, -19773.97
199051, -19777.84
199053, -19780.82
199055, -19784.17
199057, -19787.17
199059, -19790.16
199061, -19793.23
199063, -19796.23
199066, -19801.07
199068, -19804.32
199070, -19807.33
199072, -19810.69
199075, -19814.36
199077, -19817.49
199079, -19820.93
199082, -19826.38
199085, -19831.07
199087, -19834.25
199089, -19837.84
199092, -19841.42
199094, -19844.62
199096, -19848.37
199098, -19852.15
199101, -19856.59
199104, -19860.42
199106, -19863.81
199109, -19869.33
199112, -19873.11
199114, -19877.36
199117, -19882.12
199120, -19886.21
199122, -19889.73
199125, -19894.72
199127, -19898.41
199130, -19902.86
199133, -19906.68
199135, -19911.05
199137, -19914.23
199139, -19917.36
199141, -19920.43
199143, -19923.50
199145, -19926.53
199147, -19929.93
199149, -19933.07
199151, -19936.10
199153, -19939.37
199155, -19942.53
199157, -19946.92
199160, -19950.70
199162, -19954.42
199165, -19959.15
199168, -19964.44
199170, -19967.64
199172, -19970.74
199174, -19973.97
199176, -19977.10
199178, -19980.74
199181, -19984.89
199184, -19989.84
199186, -19992.93
199188, -19996.07
199190, -19999.82
199192, -20003.50
199195, -20007.55
199198, -20012.68
199201, -20017.12
199203, -20021.25
199206, -20025.04
199208, -20028.29
199210, -20032.02
199213, -20036.58
199215, -20040.09
199217, -20043.29
199219, -20046.90
199222, -20051.26
199224, -20055.07
199227, -20059.17
199230, -20064.30
199232, -20067.99
199236, -20073.32
199237, -20076.54
199240, -20080.04
199242, -20083.56
199244, -20087.05
199247, -20091.73
199249, -20095.01
199251, -20098.03
199253, -20101.16
199255, -20104.64
199257, -20107.68
199259, -20111.13
199262, -20116.27
199264, -20119.87
199267, -20123.65
199269, -20127.85
199271, -20131.24
199273, -20134.60
199275, -20137.79
199277, -20140.98
199280, -20144.66
199282, -20148.20
199284, -20151.82
199286, -20155.09
199288, -20158.36
199290, -20161.85
199293, -20165.26
199294, -20168.27
199297, -20171.62
199299, -20175.14
199301, -20178.57
199303, -20181.70
199305, -20185.36
199308, -20189.44
199311, -20194.27
199313, -20197.52
199316, -20202.21
199318, -20205.37
199320, -20208.76
199322, -20211.87
199325, -20216.73
199327, -20220.14
199329, -20223.28
199331, -20226.39
199333, -20230.34
199336, -20234.24
199338, -20237.47
199341, -20241.78
199344, -20246.74
199346, -20250.04
199348, -20253.70
199351, -20257.68
199353, -20261.37
199355, -20265.06
199358, -20268.90
199360, -20271.94
199362, -20274.84
199364, -20277.78
199366, -20280.98
199368, -20284.20
199370, -20287.24
199372, -20290.35
199375, -20295.09
199377, -20298.38
199379, -20301.34
199380, -20304.30
199383, -20307.81
199385, -20311.41
199387, -20314.44
199389, -20318.07
199392, -20321.54
199394, -20324.79
199396, -20328.78
199399, -20332.63
199402, -20337.27
199404, -20340.28
199406, -20343.45
199408, -20346.61
199410, -20349.52
199412, -20352.51
199413, -20355.42
199415, -20358.34
199417, -20361.26
199419, -20364.35
199421, -20367.36
199424, -20371.08
199426, -20374.40
199429, -20379.54
199432, -20383.32
199435, -20388.28
199437, -20391.26
199439, -20394.78
199442, -20398.84
199445, -20403.34
199447, -20407.30
199450, -20412.18
199453, -20415.93
199455, -20419.11
199457, -20422.43
199459, -20425.89
199461, -20428.80
199463, -20431.69
199465, -20434.58
199467, -20437.49
199469, -20440.69
199471, -20443.62
199474, -20448.54
199478, -20453.87
199481, -20459.04
199484, -20462.64
199486, -20466.05
199488, -20469.07
199490, -20472.08
199492, -20475.28
199494, -20478.45
199496, -20481.49
199498, -20484.44
199500, -20488.03
199503, -20491.59
199505, -20494.64
199507, -20497.89
199509, -20501.54
199512, -20505.47
199514, -20509.12
199517, -20512.70
199519, -20516.19
199521, -20519.13
199524, -20524.16
199526, -20527.40
199529, -20531.83
199532, -20535.72
199534, -20539.05
199536, -20542.18
199539, -20547.13
199542, -20551.57
199545, -20556.11
199547, -20559.27
199550, -20563.08
199552, -20566.22
199554, -20570.02
199556, -20572.91
199559, -20576.51
199561, -20580.29
199564, -20584.90
199566, -20588.35
199569, -20591.55
199571, -20594.59
199573, -20598.60
199575, -20602.01
199579, -20606.77
199581, -20610.78
199583, -20613.67
199585, -20617.11
199589, -20621.98
199591, -20625.59
199593, -20629.16
199596, -20633.48
199598, -20636.77
199600, -20639.89
199602, -20642.92
199604, -20645.93
199606, -20649.03
199608, -20652.23
199611, -20656.51
199614, -20660.73
199616, -20664.05
199618, -20667.65
199620, -20670.68
199623, -20674.48
199625, -20678.37
199629, -20683.49
199631, -20686.92
199633, -20690.43
199635, -20693.97
199638, -20697.62
199641, -20702.57
199643, -20706.24
199646, -20710.25
199648, -20713.87
199650, -20717.41
199652, -20720.52
199655, -20724.33
199658, -20729.31
199661, -20734.08
199663, -20737.08
199665, -20740.25
199667, -20743.37
199669, -20746.34
199671, -20750.12
199674, -20753.79
199676, -20756.99
199678, -20759.97
199680, -20763.74
199683, -20768.46
199685, -20771.80
199689, -20777.31
199691, -20781.16
199693, -20784.18
199696, -20788.93
199699, -20793.40
199701, -20797.25
199704, -20800.72
199706, -20803.98
199708, -20807.55
199710, -20810.58
199712, -20813.60
199714, -20816.60
199716, -20819.61
199718, -20823.44
199720, -20826.91
199723, -20830.71
199725, -20834.06
199727, -20837.12
199730, -20842.22
199733, -20846.81
199735, -20850.34
199737, -20853.59
199740, -20857.85
199743, -20862.65
199745, -20866.63
199749, -20872.29
199751, -20875.99
199753, -20879.23
199755, -20882.79
199758, -20886.12
199760, -20889.91
199763, -20894.57
199766, -20899.39
199768, -20903.51
199771, -20906.96
199773, -20910.32
199775, -20914.47
199779, -20919.73
199781, -20923.50
199783, -20926.63
199785, -20929.78
199787, -20932.79
199789, -20935.86
199791, -20938.81
199792, -20941.79
199794, -20944.82
199796, -20947.87
199798, -20950.89
199800, -20953.89
199802, -20956.91
199804, -20959.98
199806, -20962.98
199808, -20965.99
199809, -20968.96
199811, -20972.01
199813, -20975.09
199815, -20978.27
199817, -20981.46
199819, -20984.62
199821, -20987.80
199823, -20991.03
199825, -20994.26
199827, -20997.42
199829, -21000.62
199831, -21003.78
199833, -21006.88
199835, -21010.10
199837, -21013.23
199839, -21016.31
199841, -21019.40
199843, -21022.53
199845, -21025.71
199847, -21028.91
199849, -21032.08
199851, -21035.24
199853, -21038.42
199855, -21041.60
199857, -21044.78
199859, -21047.94
199861, -21051.10
199863, -21054.14
199865, -21057.21
199867, -21060.24
199869, -21063.41
199871, -21066.44
199873, -21069.51
199875, -21072.58
199876, -21075.60
199878, -21078.60
199880, -21081.59
199882, -21084.64
199884, -21087.86
199886, -21090.97
199888, -21094.06
199890, -21097.12
199892, -21100.20
199894, -21103.25
199896, -21106.53
199898, -21109.62
199900, -21112.68
199902, -21115.79
199904, -21118.94
199906, -21122.04
199908, -21125.05
199910, -21128.06
199912, -21131.04
199913, -21134.06
199915, -21137.22
199918, -21140.39
199919, -21143.44
199921, -21146.40
199923, -21149.33
199925, -21152.74
199927, -21155.78
199929, -21158.72
199932, -21162.50
199934, -21165.49
199935, -21168.46
199937, -21171.50
199939, -21174.55
199941, -21177.55
199943, -21180.59
199945, -21183.57
199947, -21186.57
199949, -21189.52
199951, -21192.61
199953, -21195.59
199955, -21198.68
199957, -21201.73
199959, -21204.72
199961, -21207.69
199963, -21210.72
199965, -21214.01
199967, -21217.31
199969, -21220.54
199972, -21224.07
199973, -21227.05
199975, -21229.96
199977, -21232.94
199979, -21235.83
199981, -21238.77
199983, -21241.66
199985, -21244.88
199987, -21247.78
199989, -21250.70
199991, -21253.60
199993, -21256.64
199995, -21259.79
199997, -21262.75
199999, -21265.59
200001, -21268.45
200003, -21271.70
200005, -21274.74
200007, -21277.67
200009, -21280.67
200011, -21283.57
200013, -21286.58
200015, -21289.48
200017, -21292.47
200019, -21295.49
200021, -21298.44
200022, -21301.30
200024, -21304.16
200026, -21307.02
200029, -21310.84
200031, -21313.81
200033, -21316.72
200035, -21319.75
200037, -21322.58
200039, -21325.59
200041, -21328.44
200043, -21331.20
200045, -21333.80
200047, -21336.21
200049, -21338.47
200051, -21340.59
200053, -21342.65
200055, -21344.58
200057, -21346.35
200059, -21347.99
200061, -21349.60
200063, -21351.01
200065, -21352.39
200067, -21353.60
200069, -21354.64
200071, -21355.63
200073, -21356.51
200075, -21357.28
200077, -21357.96
200079, -21358.54
200080, -21359.04
200082, -21359.44
200084, -21359.78
200086, -21360.05
200088, -21360.22
200090, -21360.31
200092, -21360.30
200094, -21360.22
200097, -21360.05
200100, -21359.67
200102, -21359.35
200104, -21358.88
200106, -21358.39
200108, -21357.84
200111, -21356.83
200114, -21355.69
200117, -21354.59
200119, -21353.72
200122, -21352.31
200124, -21351.12
200127, -21349.39
200130, -21347.77
200132, -21346.22
200135, -21344.54
200137, -21343.23
200139, -21341.73
200142, -21339.55
200145, -21337.39
200148, -21334.67
200150, -21332.65
200153, -21330.81
200155, -21329.07
200156, -21327.37
200158, -21325.55
200160, -21323.74
200163, -21321.37
200165, -21319.31
200167, -21317.07
200169, -21315.06
200172, -21312.57
200174, -21310.22
200177, -21307.17
200180, -21303.99
200182, -21301.44
200184, -21298.99
200186, -21296.74
200188, -21294.46
200190, -21292.22
200192, -21290.02
200194, -21287.71
200196, -21285.39
200198, -21283.09
200200, -21280.75
200202, -21278.40
200204, -21276.03
200206, -21273.66
200208, -21271.16
200210, -21268.54
200212, -21265.92
200214, -21263.38
200216, -21260.65
200218, -21258.18
200220, -21255.58
200222, -21253.00
200224, -21250.41
200226, -21247.59
200228, -21245.02
200230, -21242.26
200232, -21239.70
200234, -21237.13
200235, -21234.55
200237, -21231.90
200239, -21229.23
200241, -21226.52
200243, -21223.80
200245, -21221.08
200247, -21218.42
200249, -21215.65
200251, -21212.81
200253, -21210.14
200254, -21207.44
200256, -21204.58
200258, -21201.71
200261, -21198.51
200264, -21194.04
200266, -21191.20
200267, -21188.32
200270, -21184.98
200272, -21181.56
200274, -21178.28
200276, -21175.32
200278, -21172.43
200280, -21169.50
200282, -21166.58
200284, -21163.40
200286, -21160.30
200289, -21156.33
200292, -21151.51
200294, -21147.91
200296, -21144.49
200299, -21139.37
200301, -21136.30
200304, -21132.67
200306, -21129.01
200308, -21124.99
200312, -21120.07
200314, -21115.39
200317, -21111.34
200320, -21105.93
200323, -21102.16
200325, -21098.86
200327, -21095.76
200329, -21092.71
200331, -21089.57
200332, -21086.54
200334, -21083.46
200336, -21080.38
200338, -21077.29
200340, -21074.10
200342, -21071.03
200344, -21067.83
200346, -21064.61
200348, -21061.53
200350, -21058.08
200353, -21052.89
200356, -21048.68
200358, -21045.15
200360, -21041.61
200362, -21038.42
200364, -21035.25
200366, -21032.02
200367, -21028.88
200370, -21025.03
200372, -21021.24
200374, -21017.52
200377, -21013.78
200379, -21010.38
200381, -21006.89
200383, -21003.73
200385, -21000.46
200386, -20997.25
200388, -20994.06
200390, -20990.86
200392, -20987.73
200394, -20984.35
200397, -20980.14
200399, -20976.08
200401, -20972.83
200403, -20969.05
200405, -20965.50
200407, -20962.28
200409, -20959.09
200411, -20955.30
200414, -20951.39
200416, -20947.51
200418, -20944.02
200420, -20940.07
200423, -20936.04
200425, -20932.54
200427, -20928.45
200430, -20923.87
200433, -20919.65
200435, -20916.24
200437, -20912.55
200439, -20908.93
200441, -20904.73
200444, -20900.95
200447, -20895.26
200449, -20891.15
200451, -20887.70
200454, -20883.43
200456, -20879.26
200459, -20875.60
200461, -20872.27
200463, -20868.93
200465, -20865.55
200467, -20861.92
200469, -20858.58
200471, -20854.97
200473, -20851.71
200475, -20848.45
200477, -20844.55
200479, -20841.32
200482, -20836.06
200484, -20832.83
200486, -20829.20
200489, -20825.33
200490, -20822.13
200492, -20818.95
200494, -20815.74
200496, -20812.48
200498, -20809.24
200500, -20805.88
200502, -20802.70
200504, -20799.35
200507, -20794.26
200509, -20790.38
200511, -20787.17
200513, -20783.97
200515, -20780.75
200517, -20777.54
200519, -20774.21
200522, -20768.93
200525, -20763.70
200528, -20759.22
200531, -20753.88
200534, -20749.73
200536, -20745.91
200539, -20740.76
200542, -20736.05
200545, -20730.45
200548, -20725.85
200550, -20722.24
200553, -20718.52
200555, -20715.03
200557, -20710.99
200560, -20706.04
200563, -20701.27
200565, -20697.75
200567, -20694.28
200571, -20688.83
200573, -20685.16
200575, -20681.28
200578, -20677.11
200580, -20673.32
200583, -20669.34
200585, -20665.95
200587, -20662.65
200589, -20659.41
200590, -20656.22
200593, -20652.60
200595, -20649.52
200597, -20645.93
200599, -20642.91
200601, -20639.80
200603, -20636.65
200604, -20633.50
200607, -20629.57
200609, -20625.84
200612, -20621.08
200614, -20617.90
200616, -20614.67
200618, -20611.23
200621, -20606.89
200623, -20603.15
200626, -20597.85
200629, -20593.84
200632, -20589.12
200634, -20585.96
200637, -20580.91
200640, -20576.25
200643, -20571.24
200645, -20568.06
200648, -20563.10
200650, -20559.90
200652, -20555.95
200655, -20552.07
200658, -20547.08
200660, -20543.15
200663, -20539.08
200665, -20535.74
200667, -20532.60
200669, -20528.37
200672, -20524.80
200675, -20519.40
200677, -20516.20
200680, -20510.78
200683, -20506.59
200685, -20503.38
200687, -20500.00
200689, -20496.84
200691, -20493.62
200693, -20490.50
200695, -20486.87
200698, -20482.62
200700, -20479.29
200702, -20475.31
200704, -20471.90
200707, -20468.08
200709, -20465.00
200711, -20461.52
200713, -20458.01
200715, -20454.71
200717, -20451.58
200719, -20448.43
200721, -20445.28
200723, -20441.08
200725, -20437.94
200728, -20433.76
200731, -20429.33
200733, -20425.45
200735, -20422.23
200738, -20418.11
200740, -20414.63
200743, -20409.92
200746, -20404.45
200748, -20400.66
200750, -20397.50
200753, -20393.69
200756, -20388.96
200758, -20384.13
200761, -20380.27
200763, -20376.16
200766, -20371.97
200768, -20368.35
200771, -20364.47
200772, -20361.29
200776, -20355.99
200779, -20351.21
200782, -20346.31
200784, -20343.13
200786, -20339.56
200788, -20336.20
200791, -20331.72
200793, -20327.97
200796, -20323.24
200799, -20318.38
200801, -20315.14
200803, -20310.51
200805, -20307.36
200807, -20304.25
200809, -20301.08
200811, -20297.90
200813, -20294.32
200816, -20290.21
200818, -20286.98
200820, -20283.71
200822, -20280.44
200824, -20277.08
200826, -20273.27
200828, -20269.25
200831, -20265.48
200833, -20261.94
200835, -20258.37
200837, -20255.08
200839, -20251.78
200842, -20246.44
200844, -20242.44
200847, -20237.61
200850, -20233.36
200852, -20229.92
200854, -20226.46
200857, -20220.81
200860, -20215.90
200863, -20211.40
200866, -20207.15
200868, -20203.39
200870, -20199.02
200873, -20194.55
200876, -20190.15
200878, -20185.18
200881, -20180.19
200883, -20176.80
200886, -20172.87
200889, -20167.38
200891, -20163.46
200894, -20158.45
200897, -20153.23
200899, -20149.88
200902, -20145.00
200904, -20141.07
200907, -20136.45
200910, -20131.16
200913, -20126.67
200915, -20123.33
200917, -20119.98
200919, -20116.72
200921, -20113.00
200923, -20109.62
200926, -20104.14
200929, -20099.87
200931, -20096.29
200933, -20092.60
200935, -20089.16
200937, -20085.13
200940, -20079.72
200943, -20074.99
200946, -20069.82
200949, -20065.13
200951, -20061.09
200953, -20057.54
200956, -20052.87
200958, -20048.80
200961, -20044.11
200963, -20040.44
200966, -20036.35
200968, -20032.62
200970, -20028.67
200973, -20024.29
200975, -20020.64
200977, -20016.65
200980, -20012.77
200982, -20009.10
200984, -20005.36
200986, -20001.34
200989, -19997.34
200991, -19993.28
200993, -19989.69
200995, -19986.06
200998, -19981.38
201000, -19977.71
201003, -19973.20
201006, -19967.59
201009, -19963.07
201011, -19959.80
201013, -19956.39
201015, -19952.78
201017, -19949.53
201019, -19945.91
201021, -19942.77
201023, -19939.53
201026, -19933.96
201028, -19930.71
201031, -19925.76
201033, -19922.56
201035, -19918.82
201038, -19914.70
201041, -19909.09
201043, -19905.57
201046, -19900.43
201048, -19896.45
201050, -19893.17
201053, -19889.26
201056, -19883.99
201058, -19880.68
201060, -19876.83
201063, -19872.89
201065, -19869.06
201067, -19865.42
201070, -19861.07
201072, -19857.52
201074, -19853.77
201078, -19848.21
201081, -19842.79
201083, -19839.55
201086, -19834.33
201088, -19830.49
201091, -19826.51
201094, -19821.79
201097, -19816.65
201099, -19813.28
201102, -19808.54
201104, -19804.91
201106, -19801.66
201108, -19798.49
201111, -19793.97
201113, -19790.49
201115, -19786.61
201118, -19782.53
201121, -19777.78
201123, -19774.51
201125, -19771.39
201127, -19768.29
201128, -19765.27
201130, -19762.17
201132, -19758.88
201135, -19755.33
201137, -19751.61
201139, -19747.78
201142, -19744.08
201144, -19740.58
201146, -19736.26
201149, -19732.63
201151, -19728.86
201154, -19724.78
201156, -19720.91
201159, -19716.63
201162, -19711.88
201164, -19708.00
201166, -19704.88
201170, -19699.63
201172, -19696.10
201175, -19690.79
201178, -19686.64
201181, -19681.87
201183, -19678.75
201185, -19675.71
201187, -19672.10
201190, -19667.83
201192, -19664.43
201195, -19659.24
201197, -19655.61
201199, -19652.60
201202, -19649.12
201203, -19646.18
201206, -19642.64
201208, -19639.05
201211, -19635.02
201213, -19631.58
201215, -19627.92
201218, -19623.68
201220, -19620.04
201223, -19616.55
201225, -19612.41
201228, -19608.67
201231, -19604.05
201233, -19601.01
201235, -19598.11
201236, -19595.23
201238, -19592.33
201240, -19589.46
201242, -19586.45
201244, -19583.40
201246, -19580.42
201248, -19577.46
201250, -19574.49
201252, -19570.69
201255, -19566.56
201258, -19562.91
201261, -19558.25
201264, -19552.96
201266, -19549.91
201268, -19546.62
201270, -19543.14
201273, -19538.66
201277, -19533.83
201280, -19529.23
201282, -19526.14
201285, -19521.32
201287, -19517.61
201290, -19514.15
201292, -19509.79
201296, -19505.16
201298, -19501.71
201300, -19498.29
201302, -19495.13
201305, -19491.42
201307, -19487.88
201310, -19483.92
201312, -19479.73
201314, -19476.82
201316, -19473.62
201319, -19470.15
201321, -19466.58
201323, -19463.43
201325, -19460.06
201328, -19456.61
201330, -19453.65
201332, -19450.67
201334, -19447.10
201337, -19443.41
201339, -19439.91
201341, -19436.54
201343, -19433.25
201345, -19430.18
201347, -19427.28
201349, -19424.40
201351, -19421.45
201353, -19418.19
201356, -19413.91
201359, -19409.20
201361, -19406.26
201363, -19403.34
201365, -19400.46
201367, -19397.51
201369, -19394.32
201371, -19391.10
201374, -19387.73
201376, -19384.44
201378, -19381.42
201380, -19378.44
201382, -19375.39
201384, -19372.51
201386, -19369.58
201388, -19365.82
201390, -19362.43
201392, -19359.50
201394, -19356.26
201397, -19352.20
201399, -19349.15
201401, -19345.68
201405, -19340.77
201407, -19336.75
201409, -19333.47
201412, -19329.48
201414, -19325.59
201417, -19321.60
201419, -19317.97
201422, -19313.94
201424, -19310.97
201426, -19307.28
201429, -19302.87
201432, -19298.80
201434, -19295.08
201437, -19290.63
201440, -19286.55
201442, -19283.39
201445, -19278.12
201448, -19273.95
201450, -19270.93
201452, -19267.75
201454, -19264.73
201456, -19261.64
201458, -19257.62
201461, -19253.31
201463, -19249.94
201465, -19246.94
201467, -19243.71
201469, -19240.23
201471, -19237.25
201473, -19234.23
201475, -19231.22
201477, -19228.19
201479, -19225.18
201481, -19222.11
201483, -19219.03
201485, -19215.96
201487, -19212.86
201488, -19209.76
201490, -19206.64
201492, -19203.48
201494, -19200.29
201496, -19197.03
201498, -19193.90
201500, -19190.64
201502, -19187.35
201505, -19183.26
201508, -19179.23
201510, -19175.11
201513, -19170.00
201515, -19166.90
201517, -19163.72
201520, -19158.96
201523, -19154.74
201526, -19149.48
201529, -19144.08
201531, -19140.51
201533, -19137.29
201536, -19133.01
201538, -19129.33
201541, -19124.75
201543, -19121.29
201546, -19116.15
201548, -19112.57
201551, -19108.70
201553, -19104.87
201555, -19101.58
201557, -19098.25
201559, -19094.82
201561, -19091.66
201563, -19088.10
201565, -19084.38
201567, -19081.00
201570, -19077.27
201572, -19073.45
201574, -19069.71
201576, -19065.92
201578, -19062.51
201580, -19059.27
201582, -19055.95
201584, -19052.63
201587, -19048.66
201590, -19043.26
201593, -19037.58
201596, -19033.05
201598, -19029.45
201601, -19024.86
201603, -19021.04
201606, -19016.52
201608, -19012.35
201611, -19007.65
201613, -19004.30
201615, -19001.03
201617, -18997.26
201620, -18991.86
201623, -18987.07
201626, -18982.06
201628, -18978.56
201630, -18974.76
201632, -18970.70
201635, -18966.68
201638, -18961.55
201641, -18956.30
201643, -18952.27
201646, -18946.96
201648, -18943.47
201651, -18939.36
201654, -18933.56
201657, -18929.09
201660, -18923.74
201662, -18920.34
201664, -18916.70
201666, -18912.25
201669, -18908.29
201671, -18903.70
201674, -18899.47
201676, -18895.45
201678, -18891.38
201681, -18887.36
201683, -18883.66
201685, -18880.15
201687, -18876.42
201690, -18871.74
201692, -18867.82
201695, -18863.41
201697, -18859.56
201699, -18856.19
201701, -18851.79
201704, -18847.37
201706, -18843.33
201708, -18840.00
201710, -18836.52
201712, -18833.21
201714, -18829.40
201716, -18825.48
201719, -18820.29
201722, -18816.57
201724, -18812.78
201726, -18808.75
201728, -18804.81
201731, -18800.97
201734, -18795.91
201736, -18790.83
201740, -18785.62
201743, -18780.11
201745, -18775.51
201748, -18771.27
201750, -18767.21
201753, -18763.04
201755, -18758.48
201758, -18754.46
201760, -18750.48
201762, -18746.93
201764, -18743.24
201766, -18739.27
201769, -18735.16
201771, -18731.70
201773, -18727.42
201776, -18723.50
201778, -18719.43
201781, -18714.94
201783, -18711.57
201785, -18708.03
201787, -18704.76
201789, -18701.19
201791, -18697.43
201793, -18693.38
201796, -18688.01
201798, -18684.74
201800, -18681.33
201802, -18677.51
201804, -18673.84
201807, -18669.36
201809, -18665.27
201813, -18659.94
201815, -18656.59
201817, -18652.58
201819, -18649.16
201821, -18645.78
201823, -18641.75
201825, -18638.10
201828, -18633.24
201831, -18628.80
201833, -18625.17
201836, -18620.60
201838, -18616.24
201841, -18610.91
201844, -18605.78
201847, -18601.35
201849, -18597.65
201851, -18594.27
201854, -18588.85
201857, -18583.93
201860, -18578.60
201863, -18575.16
201864, -18571.78
201866, -18568.54
201869, -18563.97
201872, -18558.81
201874, -18554.92
201877, -18550.28
201880, -18546.08
201882, -18542.67
201884, -18539.44
201886, -18535.23
201889, -18530.11
201892, -18526.05
201894, -18521.43
201897, -18517.10
201899, -18513.84
201901, -18510.23
201903, -18506.94
201905, -18503.67
201907, -18499.88
201910, -18494.90
201913, -18490.22
201915, -18486.93
201917, -18482.95
201920, -18478.56
201922, -18474.49
201925, -18469.45
201928, -18464.53
201930, -18460.90
201933, -18456.90
201935, -18452.93
201937, -18449.14
201940, -18444.60
201942, -18441.16
201945, -18436.15
201947, -18432.91
201949, -18428.88
201951, -18425.49
201954, -18421.41
201956, -18417.44
201959, -18412.47
201961, -18409.17
201963, -18405.74
201965, -18401.86
201968, -18397.95
201970, -18393.97
201973, -18389.76
201975, -18385.75
201977, -18382.47
201980, -18377.92
201982, -18374.34
201984, -18370.19
201988, -18364.65
201990, -18360.22
201993, -18355.85
201996, -18350.27
201998, -18346.91
202001, -18342.36
202004, -18336.87
202007, -18331.61
202009, -18328.34
202011, -18325.02
202013, -18321.75
202015, -18318.20
202017, -18314.73
202020, -18309.79
202022, -18306.25
202025, -18301.74
202027, -18298.14
202029, -18293.70
202031, -18290.26
202034, -18286.38
202036, -18281.99
202039, -18277.36
202041, -18274.10
202044, -18268.51
202047, -18263.99
202049, -18260.75
202051, -18257.07
202053, -18253.00
202056, -18247.88
202059, -18242.93
202061, -18238.58
202064, -18234.37
202066, -18230.62
202069, -18225.73
202072, -18220.49
202075, -18215.55
202078, -18210.13
202080, -18206.31
202083, -18200.96
202085, -18196.57
202088, -18192.80
202090, -18188.70
202092, -18184.33
202095, -18180.08
202097, -18176.40
202099, -18172.46
202102, -18168.20
202104, -18164.59
202106, -18161.21
202108, -18157.26
202110, -18153.82
202112, -18149.52
202114, -18146.06
202117, -18141.94
202119, -18137.94
202121, -18134.46
202123, -18130.71
202125, -18126.50
202128, -18122.64
202130, -18118.71
202132, -18114.54
202135, -18110.42
202136, -18107.03
202139, -18103.11
202142, -18097.77
202144, -18093.10
202147, -18088.63
202149, -18084.44
202152, -18080.37
202155, -18075.18
202157, -18071.25
202159, -18066.36
202162, -18062.23
202164, -18058.72
202167, -18053.32
202169, -18050.08
202171, -18046.71
202174, -18041.48
202177, -18036.21
202179, -18031.63
202181, -18028.12
202184, -18022.81
202186, -18018.77
202190, -18013.08
202192, -18009.09
202194, -18004.58
202197, -18000.35
202200, -17994.73
202203, -17990.11
202205, -17985.85
202207, -17981.41
202210, -17977.12
202212, -17973.23
202214, -17969.61
202216, -17966.10
202218, -17962.58
202220, -17959.04
202222, -17955.52
202225, -17951.09
202228, -17945.99
202230, -17942.14
202232, -17938.72
202234, -17934.75
202236, -17930.37
202239, -17926.40
202241, -17922.60
202244, -17917.53
202246, -17913.02
202249, -17908.88
202251, -17903.86
202255, -17898.35
202257, -17893.96
202259, -17889.66
202262, -17885.15
202264, -17881.64
202267, -17875.98
202269, -17872.11
202273, -17866.77
202276, -17861.57
202278, -17856.41
202280, -17853.00
202282, -17849.60
202285, -17845.42
202287, -17841.30
202289, -17837.31
202291, -17833.78
202294, -17829.20
202296, -17825.33
202299, -17820.18
202301, -17816.64
202304, -17812.02
202307, -17806.46
202310, -17801.65
202312, -17797.82
202315, -17793.73
202317, -17789.13
202320, -17784.62
202323, -17779.05
202326, -17774.80
202328, -17771.43
202330, -17768.16
202332, -17764.63
202334, -17761.38
202336, -17757.56
202339, -17752.12
202341, -17748.25
202344, -17744.29
202346, -17740.18
202348, -17736.44
202350, -17733.14
202352, -17729.36
202355, -17724.75
202357, -17721.28
202359, -17718.05
202361, -17714.81
202363, -17711.64
202365, -17707.97
202368, -17703.06
202370, -17699.53
202373, -17695.03
202376, -17689.89
202378, -17685.96
202380, -17682.61
202383, -17678.26
202385, -17674.69
202388, -17669.98
202390, -17666.48
202393, -17662.62
202395, -17658.16
202397, -17654.89
202400, -17650.59
202403, -17645.47
202405, -17642.00
202407, -17638.90
202409, -17635.86
202411, -17632.74
202413, -17629.59
202415, -17626.01
202417, -17622.50
202419, -17619.18
202421, -17616.06
202423, -17613.00
202425, -17610.02
202427, -17606.98
202429, -17603.31
202431, -17599.84
202433, -17596.22
202436, -17592.02
202438, -17588.94
202440, -17585.79
202442, -17582.79
202444, -17579.74
202446, -17576.12
202448, -17572.81
202450, -17569.46
202452, -17565.66
202455, -17561.41
202458, -17556.72
202461, -17551.81
202463, -17548.73
202465, -17545.46
202468, -17541.19
202471, -17536.16
202474, -17531.48
202477, -17526.70
202480, -17522.73
202482, -17519.28
202484, -17515.89
202487, -17511.75
202490, -17506.70
202493, -17502.00
202496, -17497.88
202498, -17494.69
202500, -17491.37
202503, -17486.36
202506, -17481.65
202509, -17477.16
202511, -17473.84
202513, -17470.72
202515, -17467.25
202518, -17463.54
202520, -17459.63
202523, -17455.63
202526, -17451.33
202528, -17447.41
202530, -17444.37
202533, -17440.76
202535, -17437.29
202538, -17432.68
202540, -17428.80
202543, -17425.06
202545, -17422.14
202547, -17419.10
202549, -17415.80
202551, -17412.76
202553, -17409.83
202555, -17406.94
202557, -17404.10
202558, -17401.08
202561, -17397.35
202563, -17394.42
202565, -17391.04
202568, -17387.25
202571, -17382.51
202573, -17378.84
202576, -17374.41
202579, -17369.98
202581, -17366.95
202583, -17363.27
202586, -17359.19
202589, -17354.98
202591, -17351.25
202595, -17346.18
202596, -17343.26
202599, -17340.00
202601, -17337.07
202602, -17334.25
202604, -17331.32
202606, -17328.41
202608, -17325.38
202610, -17322.36
202612, -17319.39
202615, -17315.83
202617, -17312.29
202619, -17308.57
202623, -17303.33
202626, -17298.26
202628, -17295.26
202630, -17292.23
202633, -17288.11
202636, -17283.55
202639, -17278.93
202642, -17273.72
202644, -17270.25
202647, -17267.08
202649, -17262.70
202653, -17257.73
202656, -17253.33
202658, -17249.62
202660, -17246.54
202662, -17243.48
202664, -17240.34
202666, -17237.30
202668, -17234.33
202670, -17231.23
202673, -17227.20
202675, -17224.11
202678, -17219.71
202679, -17216.81
202682, -17213.34
202684, -17209.58
202687, -17204.53
202690, -17201.19
202692, -17197.61
202694, -17193.66
202696, -17190.72
202699, -17186.33
202703, -17181.26
202705, -17177.64
202708, -17172.72
202710, -17169.36
202712, -17166.32
202714, -17163.06
202717, -17158.36
202720, -17154.95
202722, -17151.50
202725, -17146.36
202728, -17142.65
202729, -17139.57
202733, -17134.62
202735, -17130.41
202738, -17126.99
202740, -17123.74
202742, -17119.31
202745, -17115.20
202747, -17112.00
202750, -17107.08
202752, -17103.72
202755, -17099.08
202758, -17094.38
202760, -17091.23
202762, -17088.12
202764, -17085.09
202766, -17082.13
202768, -17079.14
202770, -17076.17
202773, -17071.18
202775, -17067.62
202778, -17064.07
202780, -17060.85
202782, -17057.73
202784, -17053.83
202786, -17050.29
202789, -17045.52
202793, -17040.26
202795, -17036.29
202797, -17033.23
202800, -17029.11
202802, -17025.48
202804, -17022.45
202806, -17019.37
202808, -17016.26
202810, -17013.07
202812, -17009.93
202814, -17006.72
202816, -17002.99
202819, -16998.75
202822, -16993.73
202824, -16989.99
202827, -16985.38
202829, -16982.23
202831, -16978.66
202835, -16973.49
202837, -16969.48
202840, -16965.27
202843, -16960.85
202845, -16956.92
202847, -16953.61
202849, -16950.38
202851, -16947.00
202854, -16942.24
202857, -16937.45
202860, -16933.26
202862, -16929.29
202864, -16926.03
202867, -16921.35
202869, -16917.91
202872, -16913.19
202875, -16908.51
202878, -16903.99
202880, -16900.67
202882, -16897.56
202884, -16894.54
202886, -16890.86
202888, -16887.65
202890, -16884.36
202893, -16879.63
202895, -16876.51
202897, -16873.14
202899, -16870.11
202902, -16866.22
202904, -16862.09
202907, -16857.34
202910, -16852.37
202912, -16849.16
202914, -16846.05
202917, -16841.35
202919, -16837.88
202922, -16833.21
202925, -16828.83
202927, -16824.57
202929, -16821.36
202933, -16815.91
202935, -16812.14
202938, -16807.68
202940, -16804.35
202943, -16800.03
202945, -16796.65
202947, -16793.05
202949, -16789.60
202952, -16785.01
202955, -16780.46
202958, -16775.38
202960, -16772.25
202962, -16769.17
202964, -16765.17
202967, -16761.17
202970, -16756.23
202973, -16751.56
202975, -16748.36
202977, -16744.43
202980, -16741.09
202981, -16738.05
202983, -16734.83
202985, -16731.76
202988, -16728.26
202990, -16724.66
202992, -16721.04
202994, -16717.21
202997, -16713.61
202999, -16710.20
203001, -16706.60
203004, -16702.48
203006, -16699.10
203008, -16695.25
203011, -16691.44
203013, -16688.23
203015, -16684.51
203018, -16680.02
203020, -16676.26
203022, -16672.97
203026, -16667.57
203028, -16663.56
203030, -16660.36
203033, -16656.08
203036, -16651.39
203038, -16647.01
203041, -16642.26
203044, -16638.58
203046, -16634.97
203049, -16630.82
203052, -16625.72
203054, -16621.69
203056, -16618.36
203059, -16614.95
203061, -16611.31
203063, -16607.65
203066, -16603.61
203069, -16599.14
203071, -16595.90
203074, -16590.81
203077, -16586.10
203079, -16583.01
203082, -16578.01
203084, -16574.45
203086, -16571.35
203088, -16567.83
203090, -16564.54
203092, -16561.58
203094, -16558.37
203096, -16554.97
203099, -16551.52
203101, -16547.78
203103, -16544.37
203106, -16539.37
203110, -16534.46
203111, -16531.47
203114, -16527.99
203117, -16523.36
203118, -16520.34
203120, -16517.33
203122, -16514.32
203124, -16511.01
203127, -16507.15
203129, -16504.11
203132, -16499.81
203134, -16496.02
203136, -16492.93
203138, -16488.95
203142, -16484.25
203144, -16479.64
203147, -16475.73
203149, -16471.93
203152, -16468.42
203155, -16463.85
203157, -16459.19
203160, -16455.61
203162, -16452.52
203164, -16448.29
203167, -16444.78
203169, -16441.66
203172, -16437.07
203175, -16432.28
203177, -16428.54
203179, -16425.06
203182, -16421.11
203185, -16416.03
203187, -16412.35
203190, -16408.38
203193, -16404.14
203195, -16400.81
203198, -16395.82
203200, -16392.64
203202, -16388.95
203204, -16385.70
203207, -16380.78
203209, -16377.52
203211, -16374.45
203214, -16370.93
203216, -16367.04
203218, -16363.70
203221, -16359.78
203223, -16355.58
203226, -16350.69
203228, -16347.66
203230, -16344.61
203232, -16341.24
203235, -16337.59
203237, -16333.81
203239, -16330.66
203241, -16326.88
203244, -16322.60
203246, -16319.46
203249, -16314.49
203251, -16310.85
203254, -16306.29
203256, -16303.25
203258, -16300.15
203260, -16296.43
203263, -16292.57
203265, -16288.68
203268, -16284.33
203270, -16280.69
203273, -16275.90
203276, -16271.13
203278, -16267.97
203280, -16264.67
203283, -16260.65
203285, -16256.73
203288, -16251.90
203291, -16247.01
203294, -16243.48
203296, -16240.28
203298, -16236.54
203300, -16232.49
203303, -16228.08
203306, -16224.19
203308, -16219.81
203310, -16216.70
203312, -16213.39
203314, -16210.12
203316, -16206.60
203318, -16203.35
203321, -16198.69
203324, -16194.55
203326, -16191.28
203328, -16188.06
203330, -16184.57
203332, -16180.92
203334, -16177.16
203337, -16173.49
203339, -16169.78
203341, -16166.03
203344, -16161.71
203346, -16157.74
203349, -16153.10
203352, -16148.01
203355, -16143.17
203358, -16138.70
203360, -16135.46
203362, -16132.27
203364, -16128.41
203367, -16123.53
203369, -16119.75
203372, -16115.02
203374, -16111.56
203377, -16107.71
203379, -16103.83
203382, -16099.51
203384, -16095.56
203386, -16091.61
203389, -16086.55
203393, -16081.00
203395, -16077.74
203397, -16074.11
203400, -16068.73
203402, -16065.36
203405, -16060.60
203407, -16057.48
203410, -16052.66
203413, -16047.78
203415, -16043.80
203417, -16040.38
203419, -16037.02
203421, -16033.47
203423, -16029.99
203425, -16026.78
203427, -16023.59
203429, -16020.29
203431, -16016.63
203434, -16012.67
203436, -16008.75
203438, -16005.56
203440, -16001.97
203442, -15998.33
203444, -15995.11
203446, -15991.83
203448, -15988.59
203450, -15985.41
203452, -15982.27
203454, -15979.11
203456, -15975.85
203457, -15972.62
203459, -15969.40
203461, -15966.06
203464, -15962.32
203465, -15959.16
203467, -15955.84
203470, -15952.33
203472, -15949.06
203475, -15943.76
203477, -15940.09
203479, -15936.90
203481, -15932.66
203484, -15928.52
203486, -15924.74
203488, -15921.57
203491, -15916.80
203493, -15913.29
203495, -15910.11
203497, -15906.90
203498, -15903.76
203500, -15900.48
203503, -15897.00
203505, -15893.62
203507, -15889.81
203509, -15886.48
203511, -15883.27
203513, -15880.11
203514, -15876.86
203516, -15873.58
203518, -15870.26
203520, -15867.01
203522, -15863.76
203524, -15860.44
203526, -15857.24
203528, -15853.91
203530, -15850.62
203532, -15847.43
203534, -15844.26
203537, -15839.64
203539, -15836.20
203541, -15832.54
203543, -15828.78
203545, -15825.46
203547, -15821.73
203550, -15817.79
203553, -15812.53
203555, -15808.45
203558, -15804.44
203560, -15800.87
203562, -15797.67
203564, -15793.76
203566, -15790.05
203568, -15786.66
203571, -15782.49
203574, -15777.40
203576, -15773.46
203578, -15770.32
203580, -15767.00
203582, -15763.48
203584, -15759.95
203587, -15755.82
203589, -15752.62
203591, -15749.47
203593, -15746.27
203594, -15743.04
203596, -15739.75
203599, -15735.80
203601, -15731.59
203604, -15727.96
203606, -15724.89
203608, -15721.56
203610, -15718.19
203611, -15715.05
203613, -15711.94
203615, -15708.64
203617, -15705.29
203619, -15702.08
203621, -15698.85
203623, -15695.63
203625, -15692.39
203627, -15689.03
203629, -15685.57
203633, -15680.51
203635, -15675.70
203638, -15671.21
203641, -15666.92
203643, -15663.62
203645, -15660.46
203647, -15657.37
203649, -15654.16
203651, -15650.98
203653, -15647.26
203656, -15643.27
203659, -15638.25
203661, -15635.17
203662, -15632.06
203664, -15629.00
203666, -15625.94
203668, -15622.90
203670, -15619.82
203672, -15616.71
203674, -15613.61
203676, -15610.58
203678, -15607.54
203680, -15604.57
203682, -15601.07
203684, -15597.80
203686, -15593.88
203689, -15590.45
203690, -15587.35
203692, -15584.09
203696, -15579.11
203698, -15575.33
203700, -15571.63
203703, -15566.74
203706, -15563.34
203708, -15560.35
203710, -15556.89
203712, -15553.59
203714, -15550.36
203716, -15546.55
203718, -15543.34
203720, -15540.38
203722, -15537.47
203724, -15534.57
203726, -15531.58
203728, -15528.39
203730, -15525.05
203733, -15520.15
203735, -15516.88
203737, -15513.95
203739, -15511.01
203741, -15508.09
203743, -15505.14
203745, -15502.18
203747, -15499.17
203749, -15496.21
203751, -15493.21
203753, -15490.21
203755, -15487.20
203757, -15484.25
203758, -15481.34
203760, -15478.34
203762, -15475.33
203764, -15472.47
203766, -15469.36
203768, -15466.40
203770, -15463.38
203772, -15460.51
203774, -15457.52
203776, -15454.26
203778, -15451.30
203780, -15448.38
203782, -15445.40
203784, -15442.10
203786, -15438.68
203788, -15435.69
203790, -15432.81
203792, -15429.89
203794, -15427.00
203796, -15424.00
203798, -15421.09
203800, -15418.17
203802, -15415.20
203804, -15412.33
203806, -15409.34
203808, -15406.31
203810, -15403.17
203812, -15400.14
203815, -15395.30
203817, -15392.24
203819, -15388.87
203821, -15385.84
203823, -15382.92
203825, -15380.11
203827, -15376.86
203829, -15373.69
203832, -15369.29
203835, -15365.57
203837, -15361.73
203840, -15356.66
203843, -15352.63
203845, -15349.73
203847, -15346.40
203849, -15343.55
203851, -15340.61
203853, -15337.70
203855, -15334.83
203857, -15331.74
203859, -15328.94
203861, -15326.05
203863, -15322.85
203865, -15320.00
203867, -15316.54
203869, -15312.94
203872, -15309.09
203874, -15306.03
203876, -15303.06
203878, -15300.13
203880, -15297.18
203882, -15294.24
203884, -15291.38
203886, -15288.47
203888, -15285.49
203890, -15282.51
203892, -15279.55
203893, -15276.63
203895, -15273.71
203897, -15270.81
203899, -15267.80
203901, -15264.76
203903, -15261.73
203905, -15258.73
203907, -15255.84
203909, -15252.68
203911, -15249.66
203914, -15246.28
203917, -15241.62
203919, -15238.52
203921, -15235.26
203923, -15232.42
203925, -15229.53
203927, -15226.27
203929, -15223.32
203931, -15219.89
203933, -15216.59
203935, -15213.44
203937, -15210.50
203939, -15207.59
203941, -15204.54
203943, -15201.68
203945, -15198.40
203947, -15195.48
203949, -15192.49
203951, -15189.50
203953, -15186.62
203955, -15183.67
203957, -15180.62
203959, -15177.31
203961, -15174.16
203963, -15170.81
203965, -15167.82
203967, -15164.91
203969, -15161.91
203971, -15159.03
203973, -15155.58
203975, -15152.08
203977, -15149.08
203979, -15145.92
203981, -15142.58
203983, -15139.57
203985, -15136.49
203987, -15133.34
203989, -15130.18
203991, -15126.84
203993, -15123.78
203996, -15120.46
203998, -15116.91
204000, -15113.84
204002, -15110.76
204004, -15107.50
204006, -15104.33
204008, -15101.42
204010, -15098.37
204012, -15094.94
204014, -15091.70
204016, -15088.58
204018, -15085.03
204021, -15081.61
204023, -15078.53
204025, -15075.44
204027, -15072.50
204028, -15069.59
204030, -15066.49
204032, -15063.54
204035, -15059.95
204037, -15056.64
204039, -15053.40
204041, -15050.00
204043, -15047.31
204045, -15044.52
204047, -15041.96
204049, -15039.65
204051, -15037.56
204053, -15035.52
204055, -15033.58
204057, -15031.68
204059, -15030.10
204061, -15028.45
204063, -15027.10
204065, -15025.86
204067, -15024.63
204069, -15023.53
204071, -15022.54
204073, -15021.69
204075, -15020.89
204077, -15020.25
204079, -15019.71
204081, -15019.23
204084, -15018.73
204086, -15018.42
204088, -15018.21
204090, -15018.06
204092, -15018.03
204094, -15018.09
204096, -15018.19
204099, -15018.42
204101, -15018.74
204103, -15019.09
204105, -15019.48
204107, -15020.00
204109, -15020.59
204111, -15021.33
204114, -15022.12
204116, -15022.98
204118, -15023.80
204120, -15024.68
204122, -15025.82
204124, -15026.77
204126, -15027.83
204129, -15029.17
204131, -15030.50
204133, -15031.93
204135, -15033.20
204137, -15034.42
204139, -15035.69
204141, -15036.98
204143, -15038.66
204145, -15040.17
204148, -15042.02
204150, -15043.84
204152, -15045.39
204154, -15047.08
204156, -15048.76
204159, -15050.79
204161, -15052.61
204163, -15054.67
204165, -15056.74
204167, -15058.55
204169, -15060.42
204172, -15062.69
204174, -15064.92
204176, -15066.94
204178, -15068.94
204180, -15070.90
204182, -15072.86
204184, -15074.87
204186, -15076.95
204188, -15079.13
204190, -15081.33
204192, -15083.73
204194, -15085.96
204196, -15088.30
204198, -15090.71
204200, -15092.95
204202, -15095.47
204205, -15098.18
204207, -15100.72
204209, -15102.96
204211, -15105.69
204214, -15108.33
204215, -15110.63
204217, -15112.96
204219, -15115.32
204221, -15117.59
204223, -15120.11
204226, -15122.91
204228, -15125.97
204230, -15128.62
204232, -15131.23
204234, -15133.59
204236, -15135.92
204238, -15138.29
204240, -15141.14
204242, -15143.53
204244, -15146.03
204246, -15148.71
204248, -15151.17
204250, -15153.64
204252, -15156.11
204254, -15158.67
204256, -15161.22
204258, -15163.84
204260, -15166.37
204262, -15168.94
204264, -15171.58
204265, -15174.11
204267, -15176.79
204269, -15179.38
204271, -15181.90
204273, -15184.42
204275, -15186.94
204277, -15189.49
204279, -15192.04
204281, -15194.61
204283, -15197.32
204285, -15200.05
204287, -15202.74
204289, -15205.38
204291, -15207.97
204293, -15210.74
204295, -15213.51
204296, -15216.18
204298, -15218.92
204300, -15221.71
204302, -15224.42
204304, -15227.06
204306, -15229.70
204308, -15232.40
204310, -15235.10
204312, -15238.27
204314, -15241.16
204317, -15244.09
204319, -15247.27
204321, -15249.99
204323, -15253.04
204325, -15255.89
204327, -15258.53
204329, -15261.47
204331, -15264.82
204334, -15267.99
204336, -15270.90
204338, -15273.65
204340, -15276.42
204341, -15279.13
204343, -15282.01
204346, -15285.24
204348, -15288.37
204350, -15291.60
204352, -15294.66
204355, -15297.84
204356, -15300.59
204358, -15303.31
204360, -15306.08
204362, -15308.93
204364, -15311.82
204366, -15314.60
204368, -15317.48
204370, -15320.60
204373, -15324.14
204375, -15326.96
204377, -15329.76
204379, -15332.99
204381, -15336.02
204383, -15338.83
204385, -15341.57
204387, -15344.25
204389, -15346.97
204391, -15349.69
204393, -15352.62
204395, -15355.65
204397, -15358.48
204399, -15361.22
204401, -15363.99
204402, -15366.80
204404, -15369.62
204406, -15372.44
204408, -15375.35
204410, -15378.31
204412, -15381.15
204414, -15383.99
204417, -15387.35
204419, -15390.89
204421, -15393.74
204423, -15396.54
204425, -15399.70
204427, -15402.69
204429, -15405.49
204431, -15408.88
204434, -15412.38
204436, -15415.28
204438, -15418.18
204440, -15421.39
204442, -15424.21
204444, -15427.03
204446, -15430.29
204448, -15433.74
204450, -15436.85
204452, -15440.17
204455, -15443.34
204457, -15446.35
204459, -15449.19
204461, -15452.57
204463, -15456.18
204465, -15459.57
204468, -15462.82
204470, -15465.67
204472, -15468.74
204474, -15472.11
204476, -15475.42
204479, -15479.47
204481, -15482.95
204483, -15486.08
204485, -15489.01
204487, -15492.02
204489, -15494.89
204491, -15497.87
204493, -15500.79
204495, -15503.63
204497, -15506.86
204499, -15510.24
204501, -15513.17
204503, -15516.18
204505, -15519.07
204507, -15521.92
204509, -15524.84
204511, -15527.67
204513, -15530.90
204515, -15534.34
204517, -15537.19
204519, -15540.38
204521, -15543.70
204523, -15546.85
204525, -15550.00
204527, -15553.16
204529, -15556.54
204532, -15559.93
204534, -15563.08
204536, -15566.04
204538, -15569.47
204540, -15572.88
204542, -15575.98
204544, -15579.25
204546, -15582.26
204548, -15585.33
204550, -15588.28
204552, -15591.34
204554, -15594.49
204556, -15597.50
204558, -15600.70
204560, -15603.73
204562, -15606.74
204563, -15609.76
204565, -15612.80
204567, -15615.86
204569, -15618.97
204571, -15622.11
204573, -15625.27
204575, -15628.44
204577, -15631.49
204579, -15634.98
204581, -15638.03
204583, -15641.54
204586, -15645.43
204588, -15649.25
204591, -15652.95
204593, -15656.21
204595, -15659.70
204597, -15663.17
204599, -15666.78
204601, -15670.30
204603, -15673.52
204605, -15677.06
204608, -15680.76
204610, -15684.26
204613, -15688.51
204615, -15693.22
204618, -15698.00
204621, -15701.59
204623, -15706.33
204625, -15709.69
204627, -15712.93
204629, -15716.13
204631, -15719.20
204633, -15722.30
204635, -15725.51
204637, -15728.67
204639, -15732.52
204641, -15735.65
204643, -15738.82
204646, -15742.88
204648, -15746.59
204650, -15750.17
204653, -15754.95
204655, -15758.61
204658, -15762.59
204660, -15766.14
204662, -15769.92
204664, -15773.57
204667, -15778.70
204670, -15783.49
204673, -15787.22
204675, -15790.51
204676, -15793.65
204678, -15796.79
204681, -15800.76
204683, -15804.55
204685, -15808.11
204687, -15811.55
204690, -15815.91
204692, -15819.15
204694, -15822.99
204697, -15828.01
204700, -15832.04
204702, -15836.04
204704, -15839.60
204706, -15842.95
204708, -15846.20
204710, -15849.95
204713, -15853.99
204715, -15857.52
204717, -15860.99
204719, -15864.12
204721, -15867.33
204723, -15870.52
204725, -15873.88
204727, -15877.20
204729, -15880.45
204731, -15884.22
204733, -15887.40
204735, -15890.75
204737, -15894.84
204739, -15898.30
204741, -15901.54
204744, -15905.80
204746, -15909.29
204748, -15912.79
204751, -15918.12
204754, -15923.09
204756, -15926.33
204758, -15929.54
204760, -15933.05
204763, -15937.61
204765, -15941.35
204768, -15946.15
204770, -15950.04
204772, -15953.31
204774, -15956.65
204777, -15961.76
204779, -15965.18
204782, -15969.47
204785, -15973.57
204786, -15976.79
204790, -15982.80
204792, -15986.08
204794, -15989.38
204797, -15994.87
204800, -15998.89
204802, -16002.49
204805, -16008.08
204808, -16011.88
204810, -16015.17
204812, -16019.13
204815, -16023.30
204817, -16027.95
204819, -16031.25
204822, -16034.86
204824, -16038.34
204826, -16041.54
204828, -16045.36
204831, -16049.83
204833, -16053.19
204835, -16056.46
204837, -16059.55
204839, -16063.18
204841, -16066.30
204843, -16069.37
204845, -16073.29
204848, -16077.68
204850, -16081.19
204852, -16084.37
204854, -16088.04
204856, -16091.24
204858, -16094.36
204860, -16097.99
204862, -16101.61
204865, -16105.83
204867, -16109.00
204869, -16111.99
204871, -16115.11
204873, -16118.21
204875, -16121.22
204876, -16124.25
204878, -16127.32
204880, -16130.47
204882, -16133.51
204884, -16136.58
204886, -16139.79
204888, -16142.89
204890, -16146.08
204892, -16149.15
204894, -16152.24
204896, -16155.72
204898, -16158.83
204900, -16162.15
204902, -16165.63
204904, -16168.98
204907, -16172.33
204909, -16175.42
204911, -16178.74
204913, -16181.88
204915, -16184.93
204916, -16187.87
204918, -16191.07
204920, -16194.28
204922, -16197.22
204924, -16200.60
204926, -16203.53
204928, -16206.64
204930, -16209.71
204932, -16212.88
204934, -16216.01
204936, -16219.11
204938, -16222.16
204940, -16225.43
204942, -16228.71
204944, -16231.83
204946, -16234.82
204948, -16237.94
204950, -16240.96
204953, -16245.76
204955, -16248.92
204957, -16252.10
204959, -16255.43
204961, -16258.52
204963, -16261.75
204966, -16265.18
204968, -16269.62
204971, -16272.94
204973, -16276.58
204975, -16279.54
204977, -16282.64
204980, -16286.86
204982, -16290.43
204984, -16293.84
204986, -16296.84
204988, -16299.87
204990, -16302.91
204992, -16306.28
204994, -16309.61
204997, -16313.16
204999, -16316.42
205002, -16321.26
205004, -16324.20
205006, -16327.25
205008, -16330.21
205010, -16333.34
205012, -16337.75
205015, -16341.97
205018, -16346.92
205021, -16351.76
205023, -16354.91
205025, -16357.92
205028, -16362.32
205031, -16366.34
205033, -16369.93
205035, -16373.15
205037, -16376.56
205040, -16379.91
205042, -16382.82
205044, -16385.90
205046, -16389.08
205048, -16393.17
205051, -16396.78
205053, -16400.68
205056, -16404.86
205058, -16407.94
205060, -16410.98
205062, -16414.05
205064, -16417.12
205066, -16420.58
205068, -16424.33
205071, -16428.93
205073, -16431.98
205075, -16434.93
205078, -16438.50
205080, -16442.19
205082, -16445.15
205084, -16448.39
205086, -16451.49
205088, -16454.50
205090, -16457.51
205092, -16460.52
205094, -16463.81
205097, -16468.71
205099, -16472.16
205102, -16476.92
205104, -16480.11
205106, -16483.29
205109, -16486.60
205111, -16490.62
205113, -16494.01
205117, -16499.26
205119, -16503.20
205121, -16506.25
205124, -16509.94
205127, -16514.70
205129, -16518.01
205131, -16521.60
205133, -16525.18
205135, -16528.13
205137, -16531.17
205140, -16534.99
205142, -16538.67
205145, -16542.81
205147, -16546.51
205149, -16550.39
205152, -16554.90
205154, -16557.98
205157, -16561.94
205159, -16565.29
205162, -16570.27
205165, -16575.13
205168, -16578.67
205170, -16581.72
205172, -16584.82
205173, -16587.88
205175, -16590.90
205178, -16594.52
205181, -16599.43
205183, -16602.65
205185, -16605.65
205188, -16610.56
205190, -16613.91
205192, -16617.25
205194, -16620.71
205197, -16624.79
205199, -16627.87
205201, -16630.82
205203, -16634.36
205205, -16637.42
205207, -16640.43
205209, -16643.71
205211, -16647.35
205213, -16650.32
205215, -16653.34
205217, -16656.98
205220, -16661.20
205222, -16664.87
205224, -16667.92
205227, -16672.14
205229, -16675.30
205231, -16678.33
205233, -16681.77
205235, -16685.03
205237, -16688.13
205239, -16691.15
205241, -16694.18
205243, -16697.28
205245, -16700.35
205247, -16703.45
205249, -16706.63
205251, -16709.86
205253, -16713.11
205255, -16716.33
205256, -16719.38
205258, -16722.59
205261, -16726.26
205263, -16729.51
205265, -16732.48
205267, -16736.10
205270, -16740.73
205272, -16744.41
205274, -16747.62
205276, -16751.24
205278, -16754.37
205280, -16757.36
205283, -16761.02
205285, -16764.30
205287, -16767.38
205289, -16770.67
205291, -16773.78
205293, -16777.00
205295, -16780.05
205296, -16783.04
205298, -16786.21
205300, -16789.38
205302, -16792.47
205304, -16795.56
205306, -16798.65
205308, -16801.77
205310, -16805.21
205312, -16808.54
205315, -16812.44
205317, -16816.63
205319, -16819.69
205321, -16822.74
205323, -16825.99
205325, -16829.02
205329, -16834.37
205332, -16839.28
205335, -16843.83
205338, -16848.75
205340, -16851.94
205342, -16855.29
205344, -16858.31
205346, -16861.36
205348, -16864.44
205350, -16867.56
205351, -16870.64
205353, -16873.74
205355, -16876.75
205357, -16879.80
205359, -16883.28
205363, -16888.20
205365, -16892.21
205368, -16896.37
205371, -16900.73
205373, -16905.02
205375, -16908.22
205378, -16912.04
205380, -16915.24
205382, -16918.63
205384, -16921.83
205387, -16925.84
205389, -16929.68
205391, -16932.63
205393, -16935.63
205395, -16938.66
205397, -16941.61
205399, -16945.07
205401, -16949.14
205404, -16952.58
205406, -16955.73
205408, -16958.77
205410, -16961.83
205412, -16965.62
205414, -16969.04
205416, -16972.32
205418, -16975.61
205421, -16979.20
205423, -16982.21
205425, -16985.37
205427, -16989.86
205431, -16994.91
205433, -16998.69
205436, -17003.59
205438, -17006.77
205441, -17010.13
205443, -17013.83
205445, -17017.65
205447, -17020.54
205449, -17023.45
205451, -17026.42
205453, -17029.50
205455, -17032.53
205457, -17035.56
205459, -17038.54
205461, -17041.53
205463, -17044.61
205465, -17047.61
205467, -17050.62
205469, -17053.77
205471, -17056.76
205473, -17059.82
205475, -17062.88
205477, -17065.95
205479, -17068.96
205481, -17072.07
205483, -17075.93
205486, -17080.09
205489, -17083.96
205491, -17087.46
205493, -17091.21
205496, -17096.09
205499, -17099.94
205501, -17102.88
205503, -17105.85
205505, -17108.80
205507, -17111.77
205509, -17114.73
205511, -17118.17
205513, -17121.26
205515, -17124.19
205517, -17127.30
205519, -17130.77
205521, -17134.22
205524, -17137.31
205526, -17140.53
205528, -17144.46
205530, -17147.72
205532, -17150.89
205536, -17155.51
205537, -17158.44
205539, -17161.29
205542, -17164.74
205544, -17168.87
205546, -17171.91
205548, -17175.06
205551, -17179.35
205555, -17184.42
205557, -17187.45
205560, -17192.37
205562, -17195.92
205565, -17199.67
205568, -17204.68
205570, -17208.18
205572, -17211.21
205574, -17214.11
205577, -17218.09
205579, -17221.22
205581, -17224.76
205583, -17227.70
205587, -17233.18
205589, -17236.43
205591, -17240.00
205594, -17243.11
205596, -17246.71
205598, -17250.11
205600, -17252.94
205602, -17256.08
205604, -17259.02
205606, -17261.90
205608, -17264.89
205610, -17268.11
205612, -17271.38
205615, -17274.45
205617, -17277.78
205619, -17281.23
205621, -17284.44
205623, -17287.31
205625, -17290.34
205628, -17293.86
205631, -17299.00
205634, -17303.47
205637, -17307.72
205639, -17310.87
205641, -17314.22
205643, -17317.07
205646, -17321.51
205649, -17325.16
205651, -17328.86
205654, -17333.02
205656, -17335.82
205658, -17339.44
205661, -17344.28
205664, -17347.76
205666, -17351.37
205669, -17355.30
205671, -17358.74
205673, -17361.65
205675, -17364.57
205677, -17367.45
205680, -17371.71
205682, -17375.08
205684, -17378.03
205687, -17381.63
205689, -17385.04
205691, -17387.96
205693, -17390.77
205696, -17395.60
205698, -17399.29
205701, -17403.61
205704, -17407.39
205706, -17410.33
205708, -17413.22
205710, -17416.06
205712, -17419.03
205714, -17422.24
205716, -17425.80
205719, -17429.99
205721, -17433.60
205723, -17436.48
205725, -17439.45
205728, -17443.15
205730, -17446.39
205732, -17449.71
205734, -17453.34
205737, -17457.01
205739, -17460.02
205741, -17462.98
205743, -17465.93
205746, -17470.56
205748, -17473.78
205751, -17478.01
205753, -17481.73
205755, -17484.79
205758, -17488.47
205760, -17491.76
205762, -17494.62
205764, -17497.52
205765, -17500.41
205767, -17503.32
205769, -17506.23
205771, -17509.21
205773, -17512.19
205775, -17515.11
205777, -17517.96
205779, -17520.84
205781, -17523.72
205783, -17527.54
205785, -17530.46
205787, -17533.47
205789, -17536.46
205791, -17539.46
205793, -17542.46
205795, -17545.50
205797, -17548.42
205798, -17551.36
205800, -17554.37
205802, -17557.61
205804, -17560.54
205806, -17563.58
205808, -17566.62
205810, -17569.62
205812, -17572.88
205814, -17575.86
205816, -17578.89
205818, -17581.93
205820, -17584.97
205822, -17587.95
205824, -17591.00
205826, -17594.03
205828, -17597.14
205829, -17600.09
205831, -17603.05
205833, -17606.04
205835, -17609.03
205837, -17612.04
205839, -17615.13
205841, -17618.22
205843, -17621.37
205845, -17624.44
205847, -17627.46
205849, -17630.48
205851, -17633.55
205852, -17636.56
205854, -17639.57
205856, -17642.67
205858, -17645.80
205860, -17648.84
205862, -17651.91
205864, -17655.07
205866, -17658.13
205868, -17661.27
205870, -17664.50
205872, -17667.52
205874, -17670.68
205875, -17673.73
205877, -17676.86
205879, -17679.93
205881, -17683.09
205883, -17686.19
205885, -17689.36
205887, -17692.54
205889, -17695.67
205891, -17698.87
205893, -17702.06
205895, -17705.19
205897, -17708.35
205899, -17711.47
205900, -17714.68
205902, -17717.85
205904, -17720.98
205906, -17724.04
205908, -17727.17
205910, -17730.38
205912, -17733.50
205914, -17736.68
205916, -17739.88
205918, -17743.01
205920, -17746.16
205921, -17749.29
205924, -17753.10
205926, -17756.56
205928, -17759.72
205930, -17762.92
205932, -17766.07
205933, -17769.33
205936, -17772.79
205937, -17775.96
205939, -17779.29
205942, -17782.83
205944, -17786.20
205946, -17789.55
205948, -17794.12
205951, -17798.85
205953, -17802.20
205955, -17805.48
205957, -17808.83
205959, -17812.50
205961, -17815.91
205964, -17821.05
205966, -17824.21
205968, -17827.54
205970, -17830.81
205972, -17834.20
205974, -17837.59
205976, -17841.38
205979, -17846.31
205981, -17849.80
205983, -17853.19
205985, -17856.48
205987, -17859.87
205989, -17863.14
205991, -17866.43
205993, -17869.66
205996, -17874.56
205998, -17877.98
206000, -17881.83
206003, -17886.07
206005, -17889.43
206006, -17892.71
206009, -17896.63
206011, -17900.58
206013, -17903.89
206015, -17907.13
206017, -17910.58
206019, -17913.80
206021, -17917.13
206023, -17920.45
206025, -17923.87
206027, -17927.44
206029, -17930.86
206031, -17934.82
206033, -17938.85
206036, -17942.95
206038, -17946.75
206040, -17949.96
206042, -17953.25
206044, -17956.51
206046, -17959.87
206048, -17963.12
206049, -17966.43
206051, -17969.69
206053, -17972.99
206055, -17976.22
206057, -17979.43
206059, -17983.02
206061, -17986.55
206063, -17989.85
206065, -17993.11
206067, -17996.41
206069, -17999.67
206071, -18003.21
206073, -18006.43
206075, -18009.88
206077, -18013.73
206080, -18018.88
206082, -18022.15
206084, -18025.38
206086, -18028.65
206088, -18032.07
206090, -18035.52
206092, -18038.85
206093, -18042.14
206095, -18045.42
206097, -18048.69
206099, -18052.02
206101, -18055.29
206103, -18058.53
206105, -18061.70
206107, -18064.92
206109, -18068.24
206111, -18071.53
206113, -18074.99
206115, -18078.38
206117, -18081.80
206118, -18085.08
206120, -18088.53
206122, -18091.80
206124, -18095.27
206126, -18098.57
206128, -18101.87
206130, -18105.22
206132, -18108.59
206134, -18111.84
206136, -18115.13
206138, -18118.35
206140, -18121.58
206142, -18124.88
206144, -18128.11
206146, -18131.30
206148, -18134.58
206149, -18137.93
206152, -18141.38
206153, -18144.65
206155, -18148.11
206158, -18151.82
206161, -18156.84
206163, -18160.52
206165, -18163.71
206167, -18167.01
206169, -18170.36
206171, -18173.67
206172, -18176.83
206174, -18180.06
206176, -18183.33
206178, -18186.77
206180, -18190.29
206182, -18193.54
206184, -18196.91
206186, -18200.12
206188, -18203.51
206190, -18206.82
206192, -18210.00
206194, -18213.26
206196, -18216.51
206198, -18219.65
206200, -18223.18
206202, -18226.80
206204, -18230.06
206206, -18233.32
206208, -18237.06
206210, -18240.32
206212, -18243.66
206214, -18246.83
206216, -18250.06
206218, -18253.21
206220, -18256.41
206222, -18260.19
206225, -18263.89
206227, -18267.52
206229, -18270.74
206231, -18273.95
206233, -18277.09
206234, -18280.21
206236, -18283.42
206238, -18286.68
206240, -18289.88
206242, -18293.13
206244, -18296.44
206246, -18299.74
206248, -18302.93
206250, -18306.09
206252, -18309.32
206254, -18312.58
206256, -18315.76
206258, -18318.83
206260, -18321.99
206262, -18325.17
206263, -18328.27
206265, -18331.45
206267, -18334.51
206269, -18337.69
206271, -18340.96
206273, -18344.12
206275, -18347.33
206277, -18350.57
206279, -18353.78
206281, -18356.99
206283, -18360.28
206285, -18363.36
206287, -18366.40
206289, -18369.48
206291, -18372.77
206292, -18375.80
206294, -18378.88
206296, -18381.99
206298, -18385.47
206300, -18388.67
206302, -18391.80
206304, -18394.94
206306, -18398.10
206308, -18401.30
206310, -18404.49
206312, -18407.71
206314, -18410.91
206316, -18414.02
206318, -18417.11
206320, -18420.25
206321, -18423.47
206323, -18426.52
206325, -18429.63
206327, -18432.74
206329, -18435.88
206331, -18439.12
206333, -18442.34
206335, -18445.60
206337, -18448.89
206339, -18452.05
206341, -18455.31
206343, -18458.54
206345, -18461.81
206347, -18465.26
206349, -18468.40
206351, -18471.85
206353, -18475.66
206355, -18478.80
206358, -18482.60
206360, -18486.27
206362, -18489.67
206364, -18492.88
206366, -18496.19
206368, -18499.59
206370, -18502.89
206372, -18505.97
206374, -18509.14
206376, -18512.32
206378, -18515.47
206380, -18518.66
206382, -18521.95
206384, -18525.13
206386, -18528.31
206388, -18531.58
206390, -18535.20
206392, -18538.75
206394, -18542.35
206396, -18545.99
206398, -18549.30
206400, -18552.48
206402, -18555.71
206404, -18558.81
206406, -18562.04
206409, -18565.91
206411, -18569.64
206413, -18573.22
206415, -18576.28
206417, -18579.84
206419, -18582.90
206421, -18586.07
206423, -18589.25
206426, -18594.54
206429, -18599.86
206432, -18604.47
206434, -18607.81
206437, -18611.61
206439, -18614.99
206442, -18620.27
206444, -18623.98
206446, -18627.07
206448, -18630.18
206450, -18633.25
206452, -18636.44
206454, -18639.56
206456, -18642.88
206458, -18646.28
206460, -18649.46
206462, -18652.90
206464, -18656.84
206467, -18661.40
206469, -18664.91
206471, -18668.00
206473, -18671.06
206475, -18674.12
206477, -18677.23
206479, -18680.40
206481, -18683.74
206483, -18686.86
206485, -18690.04
206487, -18693.36
206488, -18696.46
206491, -18699.99
206493, -18704.24
206496, -18708.19
206497, -18711.31
206500, -18714.78
206502, -18718.79
206504, -18722.00
206506, -18725.53
206509, -18730.14
206512, -18735.24
206515, -18740.50
206518, -18744.98
206521, -18749.39
206523, -18752.55
206526, -18757.67
206528, -18761.39
206530, -18764.69
206532, -18768.24
206535, -18772.77
206537, -18776.30
206539, -18779.53
206541, -18783.14
206544, -18787.32
206547, -18792.42
206549, -18796.35
206551, -18800.10
206554, -18803.86
206556, -18807.13
206559, -18812.28
206561, -18815.97
206564, -18820.62
206567, -18825.66
206569, -18829.77
206571, -18832.92
206573, -18836.61
206576, -18840.05
206578, -18843.96
206581, -18848.75
206583, -18853.00
206586, -18857.16
206588, -18860.31
206590, -18863.46
206592, -18866.59
206593, -18869.69
206595, -18872.87
206597, -18876.18
206599, -18879.34
206601, -18882.58
206603, -18885.78
206605, -18889.25
206607, -18892.44
206609, -18895.61
206611, -18898.83
206613, -18901.93
206615, -18905.02
206617, -18908.11
206619, -18911.17
206621, -18914.26
206623, -18917.60
206624, -18920.65
206626, -18923.81
206629, -18927.54
206631, -18931.23
206634, -18935.92
206636, -18939.77
206638, -18943.34
206641, -18946.97
206644, -18951.85
206646, -18955.57
206649, -18960.92
206652, -18965.05
206654, -18968.05
206656, -18971.12
206658, -18974.20
206659, -18977.22
206661, -18980.36
206663, -18983.48
206665, -18986.64
206667, -18989.84
206669, -18993.19
206671, -18996.32
206673, -18999.40
206675, -19002.52
206677, -19005.71
206679, -19008.84
206681, -19012.05
206683, -19015.14
206685, -19018.24
206687, -19021.48
206689, -19024.67
206691, -19027.78
206694, -19032.20
206697, -19037.62
206700, -19041.56
