6391, 1958.17, -1
6400, 1957.22, 15
6408, 1954.39, 136
6417, 1949.66, 372
6426, 1944.93, 678
6434, 1936.41, 1048
6443, 1926.01, 1456
6451, 1915.60, 1896
6459, 1906.14, 2421
6469, 1895.73, 2929
6479, 1885.33, 3337
6487, 1875.87, 3732
6496, 1867.36, 4138
6505, 1858.84, 4457
6514, 1851.27, 4749
6522, 1844.65, 5012
6531, 1838.03, 5245
6539, 1831.41, 5463
6547, 1825.73, 5655
6556, 1821.00, 5830
6564, 1816.27, 6002
6573, 1811.54, 6136
6581, 1807.76, 6276
6590, 1803.98, 6386
6598, 1800.19, 6507
6606, 1798.30, 6598
6615, 1794.52, 6714
6625, 1791.68, 6797
6633, 1788.84, 6866
6641, 1786.95, 6954
6650, 1784.11, 7019
6658, 1783.16, 7068
6666, 1780.33, 7128
6674, 1778.43, 7197
6683, 1776.54, 7241
6691, 1775.60, 7277
6700, 1773.70, 7318
6709, 1771.81, 7382
6719, 1770.87, 7433
6729, 1769.92, 7460
6737, 1768.97, 7481
6746, 1768.03, 7498
6754, 1768.03, 7522
6763, 1767.08, 7555
6772, 1765.19, 7599
6780, 1764.24, 7635
6790, 1763.30, 7656
6799, 1762.35, 7670
6809, 1761.41, 7678
6818, 1761.41, 7685
6827, 1761.41, 7691
6836, 1761.41, 7703
6846, 1761.41, 7716
6854, 1760.46, 7733
6863, 1759.51, 7752
6871, 1758.57, 7771
6880, 1757.62, 7793
6889, 1756.68, 7813
6898, 1756.68, 7831
6907, 1755.73, 7851
6916, 1755.73, 7861
6926, 1755.73, 7864
6934, 1755.73, 7866
6943, 1755.73, 7867
6952, 1754.78, 7868
6960, 1754.78, 7868
6969, 1755.73, 7868
6977, 1755.73, 7868
6985, 1755.73, 7868
6995, 1755.73, 7868
7004, 1755.73, 7869
7013, 1754.78, 7870
7022, 1755.73, 7870
7032, 1755.73, 7870
7040, 1755.73, 7870
7050, 1754.78, 7870
7058, 1754.78, 7870
7067, 1754.78, 7871
7077, 1754.78, 7871
7085, 1754.78, 7871
7094, 1754.78, 7871
7103, 1754.78, 7871
7112, 1755.73, 7873
7121, 1755.73, 7873
7130, 1754.78, 7874
7140, 1754.78, 7874
7150, 1755.73, 7874
7160, 1754.78, 7875
7168, 1754.78, 7876
7176, 1755.73, 7876
7185, 1754.78, 7876
7193, 1755.73, 7878
7203, 1754.78, 7879
7212, 1754.78, 7880
7221, 1754.78, 7882
7230, 1754.78, 7883
7239, 1754.78, 7884
7249, 1754.78, 7885
7259, 1754.78, 7887
7269, 1754.78, 7887
7278, 1753.84, 7890
9296, 1753.84, 7913
9306, 1752.89, 7946
9315, 1749.11, 8110
9324, 1743.43, 8346
9334, 1734.92, 8594
9343, 1724.51, 8851
9351, 1712.22, 9105
9360, 1700.86, 9352
9368, 1690.46, 9589
9376, 1681.00, 9821
9385, 1671.54, 10073
9395, 1663.02, 10302
9404, 1654.51, 10502
9414, 1646.00, 10681
9423, 1638.43, 10847
9432, 1630.86, 10991
9440, 1624.24, 11128
9449, 1618.56, 11261
9458, 1612.89, 11387
9468, 1608.16, 11494
9476, 1603.43, 11581
9485, 1599.64, 11688
9494, 1594.91, 11762
9503, 1591.13, 11856
9512, 1587.35, 11922
9522, 1584.51, 11990
9531, 1581.67, 12057
9540, 1579.78, 12101
9549, 1576.94, 12155
9558, 1575.05, 12207
9567, 1573.16, 12241
9575, 1571.27, 12267
9584, 1569.37, 12298
9592, 1567.48, 12342
9601, 1566.54, 12386
9610, 1565.59, 12413
9619, 1563.70, 12431
9629, 1563.70, 12447
9638, 1562.75, 12464
9646, 1561.81, 12486
9655, 1560.86, 12513
9663, 1559.91, 12542
9671, 1558.02, 12561
9679, 1557.08, 12572
9688, 1557.08, 12579
9696, 1556.13, 12585
9704, 1556.13, 12589
9712, 1556.13, 12593
9721, 1556.13, 12599
9729, 1555.18, 12609
9739, 1555.18, 12620
9748, 1555.18, 12631
9757, 1554.24, 12644
9767, 1554.24, 12657
9777, 1553.29, 12671
9786, 1553.29, 12684
9795, 1552.35, 12698
9805, 1551.40, 12709
9813, 1551.40, 12720
9822, 1550.45, 12730
9831, 1549.51, 12737
11849, 1549.51, 12747
11858, 1547.62, 12775
11866, 1543.83, 12894
11875, 1537.21, 13070
11883, 1528.70, 13275
11891, 1518.29, 13502
11900, 1506.94, 13739
11908, 1495.59, 13970
11916, 1485.18, 14195
11925, 1474.78, 14420
11933, 1465.32, 14630
11941, 1455.86, 14831
11950, 1447.34, 15027
11959, 1439.77, 15205
11967, 1432.21, 15396
11977, 1424.64, 15550
11985, 1418.96, 15687
11993, 1413.29, 15828
12001, 1406.67, 15955
12010, 1402.88, 16067
12018, 1399.10, 16179
12026, 1394.37, 16270
12035, 1390.58, 16387
12044, 1387.75, 16478
12054, 1383.96, 16581
12064, 1381.12, 16664
12074, 1378.29, 16728
12082, 1376.39, 16813
12092, 1373.56, 16871
12101, 1370.72, 16920
12110, 1367.88, 16984
12118, 1365.99, 17040
12126, 1365.04, 17075
12135, 1363.15, 17106
12144, 1362.20, 17140
12153, 1361.26, 17189
12162, 1359.37, 17242
12170, 1357.47, 17277
12179, 1356.53, 17301
12188, 1355.58, 17316
12198, 1354.64, 17331
12207, 1354.64, 17349
12216, 1353.69, 17368
12224, 1352.74, 17392
12233, 1351.80, 17423
12241, 1350.85, 17457
12250, 1349.91, 17481
12259, 1349.91, 17493
12267, 1348.96, 17502
12277, 1348.96, 17507
12285, 1348.96, 17510
12295, 1348.96, 17513
12305, 1348.96, 17516
12315, 1348.96, 17518
12323, 1348.96, 17520
12332, 1348.96, 17524
12341, 1348.96, 17532
12350, 1348.96, 17542
12359, 1348.02, 17551
12368, 1348.02, 17563
12377, 1347.07, 17573
12386, 1347.07, 17584
12396, 1347.07, 17595
12406, 1346.12, 17603
12414, 1346.12, 17612
12424, 1345.18, 17619
12432, 1345.18, 17625
12441, 1344.23, 17630
14459, 1344.23, 17636
14468, 1343.29, 17677
14476, 1339.50, 17849
14485, 1332.88, 18092
14493, 1324.37, 18400
14502, 1313.96, 18717
14511, 1301.66, 19056
14519, 1290.31, 19390
14528, 1278.96, 19706
14536, 1268.55, 19997
14545, 1259.09, 20256
14554, 1251.53, 20528
14563, 1242.07, 20758
14572, 1235.44, 20962
14581, 1227.88, 21139
14590, 1221.25, 21300
14598, 1214.63, 21450
14607, 1208.96, 21600
14617, 1204.23, 21718
14626, 1198.55, 21834
14634, 1193.82, 21925
14643, 1189.09, 22021
14651, 1186.25, 22107
14661, 1182.47, 22187
14669, 1178.69, 22253
14679, 1175.85, 22327
14688, 1173.96, 22384
14697, 1170.17, 22437
14707, 1168.28, 22493
14715, 1165.44, 22540
14725, 1164.50, 22568
14733, 1162.60, 22600
14741, 1159.77, 22645
14750, 1158.82, 22685
14759, 1157.87, 22711
14768, 1155.98, 22728
14776, 1155.04, 22747
14785, 1155.04, 22772
14794, 1154.09, 22805
14804, 1152.20, 22833
14814, 1151.25, 22846
14823, 1150.31, 22853
14831, 1149.36, 22860
14841, 1148.41, 22867
14849, 1148.41, 22875
14858, 1147.47, 22887
14866, 1147.47, 22901
14874, 1147.47, 22918
14882, 1146.52, 22937
14891, 1146.52, 22957
14900, 1144.63, 22980
14908, 1143.68, 22992
14917, 1143.68, 22999
14926, 1142.74, 23004
14936, 1142.74, 23007
14944, 1142.74, 23008
14952, 1142.74, 23010
14962, 1142.74, 23010
14970, 1142.74, 23011
14980, 1142.74, 23012
14989, 1142.74, 23012
14999, 1142.74, 23012
15008, 1142.74, 23013
15018, 1142.74, 23014
15027, 1142.74, 23015
15036, 1142.74, 23016
15045, 1141.79, 23017
15054, 1141.79, 23019
15062, 1141.79, 23021
15071, 1141.79, 23023
15080, 1141.79, 23025
15088, 1141.79, 23028
15097, 1141.79, 23031
15106, 1141.79, 23033
15115, 1141.79, 23035
15123, 1141.79, 23038
15133, 1141.79, 23041
15143, 1140.85, 23044
15152, 1140.85, 23047
15161, 1140.85, 23050
15169, 1139.90, 23051
17187, 1139.90, 23061
17196, 1138.95, 23088
17205, 1135.17, 23200
17214, 1129.49, 23356
17223, 1120.03, 23544
17232, 1109.63, 23728
17240, 1098.28, 23921
17249, 1086.93, 24104
17257, 1076.52, 24278
17265, 1067.06, 24448
17274, 1058.55, 24610
17282, 1049.09, 24780
17292, 1040.57, 24939
17301, 1033.01, 25071
17310, 1024.49, 25196
17319, 1017.87, 25310
17328, 1011.25, 25408
17336, 1005.57, 25507
17345, 1000.84, 25594
17353, 996.11, 25671
17361, 992.33, 25752
17370, 988.54, 25814
17378, 984.76, 25893
17388, 980.98, 25948
17396, 977.19, 26020
17406, 974.35, 26065
17414, 971.52, 26112
17423, 968.68, 26167
17433, 966.79, 26205
17442, 963.95, 26256
17452, 962.06, 26297
17461, 960.17, 26323
17469, 958.27, 26349
17478, 956.38, 26384
17487, 954.49, 26417
17495, 953.54, 26438
17505, 952.60, 26452
17513, 950.71, 26471
17523, 949.76, 26498
17532, 948.81, 26529
17541, 947.87, 26552
17550, 945.98, 26565
17559, 945.03, 26575
17568, 945.03, 26583
17577, 944.08, 26590
17586, 944.08, 26601
17594, 943.14, 26614
17604, 942.19, 26628
17612, 942.19, 26643
17621, 941.25, 26661
17629, 939.35, 26674
17638, 939.35, 26680
17647, 938.41, 26683
17656, 938.41, 26686
17666, 938.41, 26687
17675, 939.35, 26688
17684, 939.35, 26689
17693, 939.35, 26689
17701, 939.35, 26690
17710, 939.35, 26691
17718, 939.35, 26692
17727, 939.35, 26695
17735, 939.35, 26698
17744, 938.41, 26703
17752, 938.41, 26709
17761, 938.41, 26715
17771, 937.46, 26721
17780, 937.46, 26728
17788, 937.46, 26733
17797, 936.52, 26740
17806, 935.57, 26745
17814, 935.57, 26750
17824, 935.57, 26755
17833, 935.57, 26758
17843, 934.62, 26762
19863, 934.62, 26760
19872, 933.68, 26786
19880, 929.89, 26882
19889, 923.27, 27020
19897, 915.70, 27190
19906, 905.30, 27375
19915, 893.95, 27571
19923, 883.54, 27773
19933, 872.19, 27993
19942, 861.78, 28173
19951, 852.32, 28353
19959, 842.86, 28517
19968, 834.35, 28669
19977, 826.78, 28817
19985, 820.16, 28956
19994, 813.54, 29099
20003, 807.86, 29221
20012, 803.13, 29342
20021, 797.46, 29462
20030, 792.73, 29558
20039, 788.00, 29657
20047, 784.21, 29753
20057, 780.43, 29834
20065, 777.59, 29909
20074, 773.81, 29988
20082, 771.92, 30046
20090, 768.13, 30114
20099, 765.29, 30177
20108, 763.40, 30233
20117, 760.56, 30298
20126, 758.67, 30345
20134, 757.73, 30380
20143, 755.83, 30427
20152, 753.00, 30487
20161, 752.05, 30530
20171, 751.10, 30561
20181, 749.21, 30592
20189, 747.32, 30628
20198, 746.37, 30668
20206, 745.43, 30695
20215, 744.48, 30711
20223, 743.54, 30727
20233, 742.59, 30743
20241, 742.59, 30765
20250, 741.64, 30794
20258, 740.70, 30825
20266, 738.81, 30856
20274, 737.86, 30875
20282, 737.86, 30886
20291, 736.91, 30894
20299, 736.91, 30899
20307, 736.91, 30902
20315, 736.91, 30906
20325, 736.91, 30910
20335, 736.91, 30914
20343, 736.91, 30921
20351, 735.97, 30930
20360, 735.97, 30942
20370, 735.02, 30954
20379, 734.08, 30969
20387, 733.13, 30985
20396, 733.13, 31003
20406, 732.18, 31017
20415, 732.18, 31031
20423, 731.24, 31043
20431, 731.24, 31054
20440, 730.29, 31063
22458, 730.29, 31079
22466, 729.35, 31114
22475, 725.56, 31262
22483, 718.94, 31483
22492, 711.37, 31751
22500, 701.91, 32055
22509, 690.56, 32382
22517, 680.16, 32711
22525, 670.70, 33055
22533, 660.29, 33396
22542, 651.78, 33734
22550, 643.26, 34073
22559, 634.75, 34407
22567, 628.13, 34724
22575, 622.45, 35032
22583, 615.83, 35351
22592, 610.15, 35632
22601, 603.53, 35887
22609, 597.86, 36148
22618, 593.13, 36376
22627, 588.40, 36591
22635, 584.61, 36789
22645, 580.83, 36977
22654, 577.05, 37143
22664, 573.26, 37301
22672, 569.48, 37439
22682, 565.69, 37586
22691, 562.86, 37691
22701, 559.07, 37806
22709, 557.18, 37894
22717, 555.29, 37961
22726, 553.40, 38055
22735, 551.50, 38147
22745, 550.56, 38199
22753, 548.67, 38252
22762, 546.77, 38320
22771, 544.88, 38391
22780, 543.94, 38439
22789, 542.04, 38470
22799, 541.10, 38507
22808, 540.15, 38555
22817, 538.26, 38611
22825, 537.31, 38657
22833, 536.37, 38685
22842, 535.42, 38702
22850, 534.48, 38712
22859, 534.48, 38720
22868, 534.48, 38732
22876, 533.53, 38749
22885, 532.58, 38773
22894, 532.58, 38802
22902, 531.64, 38839
22912, 530.69, 38873
22920, 529.75, 38904
22929, 528.80, 38923
22937, 528.80, 38934
22945, 527.85, 38940
22954, 527.85, 38945
22963, 527.85, 38947
22972, 528.80, 38949
22982, 528.80, 38951
22991, 528.80, 38952
23001, 527.85, 38953
23009, 528.80, 38954
23018, 528.80, 38955
23027, 528.80, 38957
23036, 528.80, 38959
23044, 528.80, 38961
23052, 528.80, 38964
23060, 527.85, 38964
23069, 528.80, 38968
23077, 527.85, 38972
23086, 527.85, 38979
23095, 527.85, 38986
23104, 526.91, 38995
23113, 526.91, 39003
23122, 526.91, 39011
23131, 526.91, 39018
23139, 525.96, 39024
23147, 525.96, 39031
23156, 525.96, 39038
23165, 525.02, 39044
25184, 525.96, 39048
25192, 524.07, 39103
25201, 520.29, 39296
25210, 514.61, 39596
25222, 505.15, 40007
25230, 493.80, 40314
25238, 481.50, 40624
25247, 470.15, 40925
25256, 458.80, 41205
25264, 450.28, 41465
25272, 440.82, 41714
25281, 432.31, 41934
25289, 425.69, 42137
25298, 418.12, 42328
25306, 411.50, 42502
25315, 405.82, 42661
25323, 400.15, 42809
25332, 395.42, 42951
25341, 389.74, 43081
25349, 385.96, 43189
25357, 382.17, 43304
25366, 378.39, 43397
25374, 374.61, 43491
25383, 371.77, 43588
25392, 367.98, 43675
25400, 364.20, 43757
25410, 362.31, 43834
25418, 359.47, 43899
25428, 356.63, 43974
25437, 354.74, 44031
25445, 351.90, 44075
25453, 350.01, 44130
25462, 348.12, 44190
25471, 346.23, 44227
25479, 344.34, 44265
25488, 342.44, 44311
25497, 341.50, 44358
25507, 339.61, 44383
25517, 338.66, 44405
25526, 337.71, 44436
25536, 336.77, 44475
25544, 334.88, 44516
25553, 333.93, 44543
25561, 332.98, 44561
25571, 332.04, 44572
25579, 331.09, 44583
25589, 331.09, 44596
25598, 331.09, 44610
25607, 330.15, 44631
25617, 329.20, 44654
25625, 328.25, 44686
25635, 327.31, 44703
25644, 325.42, 44713
25654, 325.42, 44719
25662, 325.42, 44722
25671, 325.42, 44726
25679, 325.42, 44728
25688, 325.42, 44730
25696, 325.42, 44732
25705, 325.42, 44735
25713, 325.42, 44739
25722, 325.42, 44746
25732, 324.47, 44754
25741, 324.47, 44763
25751, 323.52, 44771
25759, 323.52, 44779
25767, 323.52, 44787
25776, 323.52, 44794
25784, 323.52, 44802
25792, 323.52, 44810
25801, 322.58, 44818
25809, 322.58, 44826
25819, 322.58, 44834
25828, 321.63, 44841
25838, 321.63, 44848
25846, 320.69, 44852
27865, 320.69, 44852
27873, 319.74, 44880
27882, 315.96, 45008
27890, 311.23, 45190
27898, 303.66, 45408
27907, 293.25, 45642
27915, 282.85, 45883
27923, 272.44, 46120
27932, 262.98, 46360
27940, 254.47, 46601
27949, 245.95, 46861
27958, 237.44, 47107
27968, 229.87, 47307
27976, 221.36, 47500
27985, 213.79, 47691
27993, 206.22, 47861
28002, 200.55, 48041
28011, 194.87, 48190
28020, 190.14, 48354
28029, 185.41, 48501
28039, 181.63, 48627
28047, 176.90, 48764
28057, 172.17, 48882
28065, 168.38, 48993
28075, 165.55, 49103
28083, 161.76, 49185
28092, 158.92, 49280
28100, 156.09, 49369
28110, 153.25, 49444
28118, 150.41, 49530
28127, 148.52, 49594
28137, 146.63, 49657
28145, 144.73, 49739
28155, 143.79, 49785
28163, 141.90, 49836
28173, 139.06, 49906
28182, 138.11, 49965
28191, 136.22, 49997
28200, 135.27, 50025
28208, 133.38, 50063
28216, 132.44, 50121
28226, 130.54, 50168
28234, 129.60, 50197
28243, 128.65, 50218
28253, 128.65, 50235
28262, 127.71, 50258
28272, 127.71, 50297
28284, 126.76, 50339
28293, 124.87, 50376
28301, 123.92, 50397
28309, 122.98, 50411
28318, 122.98, 50420
28326, 122.03, 50427
28335, 122.98, 50433
28343, 122.98, 50441
28353, 122.98, 50451
28363, 122.03, 50466
28372, 122.03, 50483
28381, 121.08, 50500
28390, 120.14, 50521
28400, 119.19, 50541
28408, 118.25, 50560
28417, 118.25, 50582
28426, 118.25, 50599
28435, 117.30, 50617
28444, 117.30, 50624
28454, 117.30, 50627
28463, 116.35, 50629
28473, 116.35, 50630
28481, 116.35, 50629
28491, 117.30, 50629
28500, 117.30, 50629
28510, 117.30, 50629
28518, 117.30, 50629
28526, 117.30, 50629
28534, 117.30, 50629
28544, 117.30, 50629
28552, 117.30, 50630
28561, 117.30, 50630
28570, 116.35, 50631
28578, 116.35, 50631
28587, 116.35, 50631
28597, 116.35, 50632
28606, 116.35, 50632
28615, 117.30, 50633
28624, 116.35, 50633
28633, 117.30, 50633
28641, 117.30, 50634
28649, 117.30, 50635
28658, 117.30, 50635
28666, 117.30, 50636
28675, 116.35, 50637
28684, 116.35, 50637
28693, 116.35, 50640
28702, 116.35, 50640
28711, 116.35, 50641
28721, 116.35, 50642
28729, 116.35, 50643
28737, 116.35, 50644
28746, 116.35, 50645
28754, 116.35, 50647
28764, 116.35, 50649
28773, 116.35, 50650
28782, 115.41, 50652
30801, 116.35, 50668
30809, 114.46, 50710
30818, 111.63, 50874
30826, 105.95, 51128
30835, 99.33, 51442
30844, 89.87, 51776
30852, 80.41, 52110
30860, 70.95, 52429
30869, 61.49, 52781
30878, 52.03, 53086
30887, 43.51, 53372
30896, 35.00, 53646
30906, 26.49, 53875
30914, 18.92, 54106
30924, 11.35, 54314
30933, 4.73, 54483
30942, 0.00, 54649
30951, -6.62, 54809
30960, -12.30, 54946
30969, -17.03, 55076
30979, -21.76, 55198
30988, -26.49, 55307
30997, -31.22, 55412
31007, -34.06, 55494
31015, -37.84, 55589
31025, -41.62, 55663
31035, -44.46, 55743
31045, -47.30, 55801
31053, -50.14, 55853
31062, -52.97, 55911
31070, -55.81, 55952
31078, -57.70, 55992
31087, -59.60, 56045
31095, -61.49, 56084
31103, -62.43, 56111
31112, -63.38, 56137
31120, -65.27, 56178
31129, -66.22, 56214
31139, -67.16, 56237
31148, -69.06, 56258
31156, -70.95, 56283
31165, -71.89, 56317
31173, -72.84, 56347
31182, -73.79, 56368
31191, -74.73, 56380
31200, -75.68, 56390
31210, -75.68, 56401
31219, -75.68, 56416
31228, -76.62, 56434
31237, -77.57, 56460
31246, -78.52, 56481
31255, -79.46, 56493
31263, -80.41, 56500
31272, -80.41, 56505
31280, -80.41, 56509
31290, -81.35, 56513
31298, -81.35, 56518
31307, -82.30, 56526
31316, -82.30, 56536
31329, -82.30, 56547
31337, -83.25, 56557
31346, -84.19, 56569
31355, -84.19, 56579
31363, -84.19, 56592
31373, -85.14, 56602
31381, -85.14, 56614
31390, -85.14, 56624
31398, -86.08, 56634
31408, -87.03, 56637
31417, -87.03, 56638
31426, -86.08, 56638
31436, -86.08, 56638
31445, -86.08, 56639
31454, -86.08, 56639
31463, -86.08, 56638
31473, -87.03, 56638
31481, -87.03, 56638
31490, -87.03, 56639
31498, -87.03, 56639
31507, -87.03, 56639
31516, -87.03, 56639
31524, -87.03, 56639
31534, -87.03, 56639
31543, -87.03, 56639
31553, -87.03, 56639
31562, -87.03, 56640
31571, -87.03, 56640
31579, -86.08, 56640
31588, -87.03, 56639
31596, -87.03, 56640
31605, -87.03, 56640
31613, -86.08, 56640
31623, -86.08, 56641
31631, -87.03, 56641
31641, -87.03, 56642
31650, -87.03, 56642
31659, -87.03, 56642
31668, -87.03, 56642
31678, -87.03, 56643
31688, -87.03, 56643
31696, -87.03, 56643
31705, -87.03, 56643
31713, -87.03, 56644
31721, -87.03, 56644
31730, -87.03, 56644
31740, -87.03, 56645
31748, -87.03, 56646
31758, -87.03, 56646
31766, -87.03, 56647
31776, -87.03, 56647
31785, -87.03, 56648
31793, -87.03, 56649
31803, -87.03, 56650
31811, -87.03, 56650
31820, -87.03, 56651
31828, -87.03, 56651
31837, -87.03, 56653
31845, -87.03, 56654
31854, -87.98, 56654
33873, -87.98, 56667
33882, -88.92, 56683
33890, -87.98, 56665
33899, -85.14, 56557
33908, -80.41, 56386
33917, -71.89, 56176
33926, -62.43, 55926
33935, -51.08, 55695
33944, -39.73, 55465
33952, -29.33, 55233
33961, -18.92, 55009
33969, -9.46, 54754
33979, -0.95, 54508
33989, 6.62, 54280
33998, 14.19, 54077
34007, 20.81, 53882
34015, 28.38, 53677
34025, 34.06, 53495
34034, 39.73, 53324
34043, 45.41, 53152
34052, 50.14, 52994
34060, 54.87, 52847
34069, 58.65, 52712
34077, 62.43, 52575
34086, 66.22, 52462
34094, 70.00, 52336
34103, 71.89, 52233
34111, 74.73, 52136
34119, 77.57, 52026
34128, 79.46, 51943
34136, 81.35, 51860
34145, 84.19, 51766
34153, 86.08, 51699
34161, 87.98, 51641
34169, 89.87, 51569
34177, 91.76, 51493
34186, 92.71, 51442
34194, 94.60, 51402
34202, 96.49, 51359
34210, 97.44, 51303
34219, 98.38, 51243
34227, 99.33, 51203
34235, 100.27, 51177
34243, 101.22, 51156
34252, 102.17, 51132
34260, 102.17, 51102
34268, 103.11, 51067
34277, 104.06, 51023
34285, 105.00, 50981
34293, 106.90, 50956
34301, 106.90, 50940
34310, 107.84, 50929
34318, 107.84, 50922
34326, 108.79, 50914
34334, 108.79, 50905
34343, 108.79, 50895
34351, 108.79, 50884
34359, 109.73, 50870
34368, 109.73, 50855
34376, 109.73, 50837
34385, 109.73, 50819
34393, 110.68, 50799
34402, 110.68, 50777
34410, 111.63, 50754
34418, 111.63, 50732
34427, 112.57, 50717
34435, 112.57, 50709
34443, 113.52, 50704
34452, 114.46, 50701
34460, 113.52, 50699
34469, 114.46, 50698
34477, 114.46, 50698
34485, 114.46, 50698
34493, 114.46, 50698
34502, 114.46, 50698
34510, 114.46, 50697
34519, 114.46, 50697
34527, 114.46, 50697
34535, 114.46, 50696
34543, 114.46, 50696
34552, 113.52, 50696
34560, 114.46, 50696
34568, 114.46, 50695
34577, 114.46, 50695
34585, 114.46, 50695
34594, 114.46, 50694
34602, 114.46, 50694
34611, 114.46, 50694
34619, 114.46, 50694
34629, 114.46, 50693
34637, 114.46, 50692
34647, 114.46, 50692
34655, 113.52, 50692
34664, 113.52, 50692
34672, 113.52, 50691
34681, 113.52, 50691
34690, 113.52, 50689
34698, 114.46, 50688
34708, 114.46, 50686
34718, 114.46, 50685
34726, 114.46, 50684
34736, 114.46, 50682
34745, 113.52, 50680
34754, 113.52, 50678
34762, 114.46, 50677
34771, 114.46, 50676
34779, 115.41, 50673
36799, 115.41, 50645
36808, 115.41, 50662
36817, 116.35, 50613
36825, 120.14, 50419
36834, 125.81, 50147
36843, 134.33, 49838
36851, 144.73, 49527
36859, 156.09, 49220
36868, 167.44, 48924
36876, 176.90, 48640
36884, 187.30, 48339
36894, 195.82, 48057
36904, 204.33, 47809
36913, 212.84, 47596
36921, 221.36, 47393
36930, 227.98, 47212
36938, 234.60, 47039
36947, 240.28, 46888
36955, 245.95, 46743
36964, 250.68, 46616
36972, 254.47, 46488
36981, 259.20, 46366
36989, 263.93, 46266
36998, 267.71, 46147
37008, 271.49, 46059
37016, 275.28, 45965
37025, 278.12, 45896
37033, 281.90, 45803
37043, 284.74, 45740
37051, 286.63, 45685
37059, 289.47, 45619
37068, 292.31, 45559
37077, 293.25, 45509
37087, 295.14, 45454
37096, 297.04, 45400
37106, 297.98, 45370
37114, 299.87, 45339
37124, 301.77, 45295
37134, 302.71, 45239
37143, 304.60, 45207
37152, 305.55, 45187
37161, 306.50, 45169
37169, 307.44, 45151
37177, 308.39, 45130
37186, 309.33, 45105
37194, 310.28, 45071
37204, 311.23, 45046
37212, 313.12, 45029
37222, 313.12, 45019
37231, 314.06, 45012
37239, 314.06, 45006
37248, 314.06, 45000
37257, 314.06, 44991
37267, 314.06, 44982
37275, 315.01, 44971
37284, 315.01, 44958
37293, 315.96, 44945
37302, 316.90, 44932
37310, 316.90, 44920
37319, 317.85, 44909
37327, 317.85, 44898
37335, 317.85, 44887
37344, 318.79, 44878
37352, 318.79, 44869
37360, 318.79, 44860
37369, 319.74, 44853
37377, 320.69, 44850
39395, 320.69, 44843
39404, 319.74, 44857
39413, 321.63, 44812
39421, 325.42, 44656
39430, 332.04, 44430
39439, 340.55, 44173
39448, 351.90, 43898
39457, 364.20, 43637
39465, 374.61, 43381
39473, 385.01, 43131
39482, 395.42, 42890
39490, 403.93, 42651
39499, 412.45, 42400
39508, 420.96, 42188
39517, 427.58, 41985
39525, 435.15, 41803
39534, 440.82, 41627
39542, 447.45, 41456
39551, 453.12, 41308
39559, 457.85, 41148
39568, 462.58, 41008
39577, 467.31, 40885
39585, 471.10, 40760
39593, 474.88, 40656
39602, 478.66, 40541
39610, 481.50, 40448
39619, 484.34, 40350
39627, 487.18, 40265
39636, 490.02, 40193
39644, 491.91, 40103
39653, 494.75, 40029
39661, 496.64, 39977
39670, 498.53, 39912
39679, 500.42, 39835
39687, 502.31, 39781
39696, 503.26, 39744
39704, 505.15, 39702
39714, 507.04, 39636
39723, 508.93, 39575
39732, 509.88, 39537
39742, 510.83, 39513
39750, 511.77, 39489
39760, 512.72, 39467
39768, 512.72, 39435
39778, 514.61, 39394
39786, 515.56, 39347
39795, 516.50, 39314
39803, 517.45, 39292
39812, 518.39, 39280
39821, 518.39, 39270
39831, 518.39, 39263
39841, 518.39, 39256
39849, 519.34, 39248
39857, 519.34, 39239
39866, 519.34, 39229
39875, 519.34, 39219
39883, 520.29, 39210
39892, 520.29, 39197
39900, 520.29, 39184
39909, 521.23, 39167
39918, 522.18, 39146
39927, 523.12, 39127
39936, 523.12, 39106
39946, 523.12, 39090
39954, 524.07, 39075
39964, 525.02, 39063
41982, 525.02, 39037
41991, 525.02, 39066
42001, 526.91, 38975
42010, 530.69, 38694
42020, 537.31, 38354
42028, 546.77, 37942
42037, 559.07, 37494
42046, 571.37, 37036
42054, 583.67, 36561
42063, 594.07, 36093
42072, 603.53, 35658
42080, 612.99, 35232
42089, 621.51, 34843
42098, 629.07, 34504
42106, 637.59, 34198
42114, 644.21, 33929
42123, 649.89, 33666
42131, 655.56, 33442
42140, 661.24, 33232
42149, 665.02, 33053
42157, 670.70, 32880
42166, 675.43, 32737
42174, 679.21, 32597
42182, 682.99, 32487
42191, 686.78, 32365
42199, 689.62, 32276
42207, 692.45, 32183
42216, 695.29, 32084
42225, 697.18, 32017
42233, 700.02, 31934
42243, 701.91, 31852
42252, 703.81, 31793
42261, 705.70, 31739
42271, 708.54, 31669
42281, 709.48, 31619
42289, 711.37, 31585
42298, 712.32, 31553
42306, 714.21, 31516
42315, 715.16, 31478
42323, 716.10, 31435
42332, 717.05, 31404
42340, 718.94, 31385
42348, 718.94, 31371
42357, 719.89, 31357
42367, 719.89, 31339
42377, 720.83, 31315
42386, 721.78, 31287
42396, 722.73, 31253
42405, 723.67, 31226
42413, 724.62, 31201
42422, 725.56, 31185
42430, 726.51, 31175
42440, 726.51, 31169
42449, 726.51, 31165
42457, 726.51, 31163
42467, 726.51, 31161
42475, 726.51, 31160
42485, 726.51, 31158
42493, 726.51, 31157
42503, 726.51, 31155
42512, 726.51, 31153
42521, 726.51, 31150
42529, 726.51, 31147
42537, 726.51, 31143
42546, 726.51, 31137
42555, 727.46, 31132
42564, 727.46, 31126
42573, 727.46, 31119
42582, 728.40, 31112
42592, 728.40, 31105
42601, 728.40, 31098
42610, 728.40, 31091
42619, 729.35, 31084
42629, 729.35, 31078
42637, 729.35, 31074
42646, 729.35, 31069
42654, 730.29, 31063
44674, 730.29, 31056
44683, 729.35, 31073
44692, 731.24, 31026
44701, 735.02, 30852
44709, 742.59, 30611
44718, 751.10, 30354
44727, 763.40, 30091
44736, 775.70, 29836
44744, 787.05, 29603
44752, 797.46, 29381
44761, 807.86, 29172
44769, 817.32, 28979
44777, 825.84, 28802
44786, 833.40, 28636
44795, 840.97, 28487
44803, 847.59, 28350
44811, 854.22, 28211
44821, 860.84, 28081
44831, 866.51, 27979
44839, 872.19, 27880
44848, 876.92, 27780
44857, 881.65, 27699
44866, 885.43, 27628
44874, 889.22, 27546
44884, 893.00, 27485
44893, 895.84, 27417
44903, 898.68, 27369
44912, 901.51, 27312
44922, 904.35, 27258
44931, 907.19, 27220
44941, 910.03, 27183
44949, 912.87, 27144
44958, 914.76, 27114
44967, 915.70, 27096
44976, 917.60, 27073
44985, 918.54, 27047
44994, 919.49, 27016
45002, 920.43, 26990
45011, 922.33, 26973
45020, 923.27, 26962
45029, 923.27, 26951
45038, 923.27, 26939
45048, 924.22, 26927
45056, 925.16, 26914
45065, 926.11, 26900
45073, 927.06, 26883
45081, 928.00, 26866
45090, 928.95, 26856
45098, 928.95, 26850
45106, 929.89, 26846
45115, 929.89, 26843
45124, 929.89, 26841
45133, 929.89, 26839
45142, 930.84, 26837
45152, 930.84, 26835
45161, 930.84, 26832
45170, 930.84, 26829
45179, 930.84, 26826
45187, 930.84, 26822
45195, 931.79, 26817
45204, 931.79, 26813
45212, 932.73, 26808
45221, 931.79, 26804
45229, 931.79, 26799
45239, 931.79, 26795
45247, 932.73, 26789
45257, 932.73, 26783
45265, 933.68, 26778
45274, 933.68, 26774
45282, 933.68, 26770
45291, 933.68, 26766
45300, 933.68, 26764
45309, 933.68, 26761
45318, 933.68, 26759
45327, 933.68, 26756
45336, 933.68, 26753
45346, 934.62, 26751
47365, 934.62, 26747
47373, 933.68, 26760
47382, 935.57, 26728
47391, 940.30, 26609
47400, 946.92, 26448
47408, 956.38, 26268
47416, 968.68, 26078
47425, 980.98, 25891
47433, 992.33, 25705
47441, 1002.73, 25526
47449, 1012.19, 25357
47458, 1021.65, 25195
47466, 1031.11, 25043
47475, 1039.63, 24901
47483, 1047.19, 24771
47491, 1054.76, 24650
47500, 1060.44, 24526
47509, 1066.11, 24422
47517, 1070.84, 24313
47527, 1076.52, 24212
47537, 1081.25, 24122
47546, 1085.98, 24040
47554, 1090.71, 23966
47563, 1093.55, 23900
47572, 1097.33, 23838
47580, 1101.12, 23789
47588, 1103.95, 23727
47597, 1106.79, 23678
47605, 1109.63, 23632
47614, 1111.52, 23586
47623, 1113.41, 23541
47633, 1115.31, 23513
47641, 1117.20, 23481
47650, 1119.09, 23433
47660, 1120.98, 23392
47669, 1122.87, 23367
47679, 1123.82, 23349
47688, 1125.71, 23334
47697, 1126.66, 23315
47705, 1127.60, 23286
47715, 1128.55, 23259
47723, 1130.44, 23241
47732, 1130.44, 23230
47742, 1131.39, 23222
47752, 1132.33, 23215
47761, 1132.33, 23208
47770, 1132.33, 23197
47779, 1133.28, 23185
47788, 1134.22, 23171
47798, 1134.22, 23157
47806, 1134.22, 23143
47814, 1135.17, 23128
47823, 1136.12, 23113
47832, 1137.06, 23099
47840, 1138.01, 23088
47849, 1138.95, 23082
47858, 1138.95, 23080
47867, 1138.95, 23078
47877, 1138.95, 23077
47887, 1138.95, 23076
47896, 1138.95, 23076
47905, 1138.95, 23076
47913, 1138.95, 23076
47921, 1138.95, 23076
47930, 1138.01, 23076
47938, 1138.01, 23076
47947, 1138.01, 23076
47955, 1138.95, 23076
47964, 1138.95, 23076
47972, 1139.90, 23075
49992, 1139.90, 23071
50002, 1138.95, 23082
50011, 1139.90, 23024
50021, 1144.63, 22861
50030, 1152.20, 22652
50039, 1162.60, 22387
50049, 1175.85, 22121
50058, 1190.04, 21825
50068, 1202.33, 21574
50076, 1214.63, 21288
50086, 1225.98, 21013
50095, 1235.44, 20755
50105, 1244.90, 20530
50114, 1253.42, 20320
50122, 1260.99, 20113
50131, 1267.61, 19923
50139, 1274.23, 19748
50148, 1279.90, 19579
50157, 1285.58, 19415
50165, 1289.36, 19277
50174, 1294.09, 19129
50183, 1297.88, 19003
50193, 1302.61, 18862
50203, 1305.45, 18755
50212, 1309.23, 18648
50221, 1312.07, 18559
50229, 1314.91, 18494
50238, 1317.74, 18422
50246, 1320.58, 18337
50255, 1321.53, 18277
50265, 1323.42, 18236
50274, 1325.31, 18191
50283, 1327.20, 18133
50291, 1329.10, 18079
50300, 1330.04, 18042
50309, 1330.99, 18017
50319, 1331.93, 17993
50328, 1332.88, 17969
50337, 1332.88, 17944
50345, 1333.83, 17914
50354, 1334.77, 17881
50363, 1335.72, 17844
50372, 1336.66, 17821
50381, 1337.61, 17809
50390, 1337.61, 17800
50400, 1338.56, 17793
50409, 1338.56, 17788
50418, 1338.56, 17783
50426, 1338.56, 17775
50435, 1338.56, 17766
50443, 1339.50, 17756
50451, 1339.50, 17744
50460, 1340.45, 17731
50468, 1340.45, 17718
50477, 1341.39, 17703
50486, 1341.39, 17689
50495, 1341.39, 17677
50505, 1341.39, 17667
50514, 1342.34, 17656
50522, 1342.34, 17645
50532, 1343.29, 17637
50540, 1343.29, 17630
50549, 1343.29, 17624
50557, 1343.29, 17619
50566, 1344.23, 17615
52585, 1344.23, 17605
52593, 1344.23, 17619
52601, 1346.12, 17579
52610, 1349.91, 17407
52618, 1356.53, 17172
52626, 1365.99, 16886
52635, 1377.34, 16590
52643, 1389.64, 16263
52653, 1401.94, 15970
52661, 1414.23, 15695
52670, 1424.64, 15403
52680, 1435.99, 15158
52689, 1446.40, 14941
52698, 1455.86, 14729
52707, 1464.37, 14534
52717, 1472.88, 14357
52727, 1479.51, 14214
52735, 1486.13, 14096
52744, 1491.80, 13974
52752, 1496.53, 13871
52761, 1500.32, 13769
52770, 1504.10, 13688
52778, 1507.88, 13601
52787, 1511.67, 13542
52795, 1514.51, 13473
52804, 1518.29, 13404
52812, 1520.18, 13358
52820, 1523.02, 13313
52829, 1524.91, 13260
52837, 1526.80, 13218
52845, 1527.75, 13189
52853, 1529.64, 13161
52862, 1531.53, 13124
52871, 1532.48, 13079
52879, 1533.43, 13044
52888, 1535.32, 13021
52897, 1536.26, 13006
52905, 1536.26, 12993
52913, 1537.21, 12978
52921, 1538.16, 12960
52930, 1539.10, 12937
52938, 1540.05, 12908
52947, 1541.94, 12878
52955, 1542.89, 12859
52963, 1542.89, 12846
52972, 1543.83, 12837
52980, 1544.78, 12831
52989, 1544.78, 12828
52998, 1544.78, 12826
53006, 1544.78, 12822
53014, 1544.78, 12819
53023, 1544.78, 12816
53031, 1544.78, 12810
53040, 1545.72, 12804
53048, 1545.72, 12798
53057, 1546.67, 12793
53065, 1546.67, 12787
53073, 1546.67, 12781
53081, 1546.67, 12774
53090, 1547.62, 12769
53099, 1547.62, 12764
53107, 1547.62, 12758
53115, 1547.62, 12753
53123, 1547.62, 12748
53132, 1547.62, 12743
53140, 1548.56, 12739
53148, 1548.56, 12733
53156, 1548.56, 12730
53165, 1549.51, 12726
55183, 1549.51, 12719
55192, 1548.56, 12729
55200, 1550.45, 12699
55209, 1554.24, 12565
55217, 1560.86, 12366
55226, 1570.32, 12130
55234, 1582.62, 11865
55243, 1595.86, 11614
55251, 1608.16, 11368
55260, 1619.51, 11135
55268, 1629.92, 10914
55276, 1640.32, 10692
55285, 1648.84, 10490
55293, 1657.35, 10276
55303, 1664.92, 10093
55312, 1672.48, 9925
55321, 1679.11, 9772
55329, 1685.73, 9622
55338, 1691.40, 9492
55347, 1697.08, 9359
55356, 1701.81, 9247
55365, 1705.59, 9145
55373, 1709.38, 9053
55382, 1713.16, 8962
55390, 1716.00, 8882
55400, 1719.78, 8793
55408, 1722.62, 8720
55418, 1725.46, 8665
55426, 1728.30, 8587
55436, 1730.19, 8521
55446, 1732.08, 8484
55454, 1733.97, 8447
55463, 1735.86, 8403
55471, 1736.81, 8351
55480, 1738.70, 8312
55488, 1739.65, 8287
55498, 1740.59, 8269
55507, 1741.54, 8249
55515, 1742.49, 8226
55524, 1743.43, 8194
55534, 1744.38, 8155
55543, 1745.32, 8120
55552, 1746.27, 8096
55561, 1747.22, 8083
55569, 1748.16, 8075
55578, 1748.16, 8070
55586, 1748.16, 8065
55595, 1748.16, 8062
55604, 1747.22, 8057
55614, 1748.16, 8052
55622, 1748.16, 8044
55632, 1748.16, 8034
55641, 1749.11, 8022
55650, 1749.11, 8007
55660, 1750.05, 7991
55670, 1751.00, 7976
55679, 1751.00, 7963
55688, 1751.95, 7951
55696, 1751.95, 7940
55704, 1751.95, 7930
55713, 1752.89, 7921
55721, 1752.89, 7912
55730, 1752.89, 7904
55738, 1753.84, 7898
