6594, 1.00, -5431
6603, -11.00, -5357
6612, -23.00, -5102
6622, -39.00, -4799
6631, -49.00, -4437
6640, -61.00, -4081
6650, -78.00, -3767
6659, -86.00, -3475
6668, -94.00, -3199
6677, -101.00, -2953
6686, -110.00, -2729
6694, -117.00, -2509
6703, -125.00, -2314
6712, -132.00, -2134
6721, -138.00, -1975
6729, -142.00, -1828
6738, -146.00, -1682
6746, -153.00, -1561
6755, -156.00, -1441
6764, -162.00, -1331
6773, -165.00, -1229
6782, -171.00, -1143
6790, -172.00, -1050
6799, -174.00, -982
6807, -178.00, -908
6816, -181.00, -839
6824, -182.00, -787
6833, -187.00, -723
6842, -190.00, -662
6851, -189.00, -625
6859, -190.00, -591
6868, -195.00, -546
6877, -197.00, -484
6886, -196.00, -448
6895, -196.00, -422
6904, -199.00, -400
6913, -199.00, -377
6921, -202.00, -348
6930, -203.00, -311
6939, -203.00, -286
6947, -204.00, -270
6956, -204.00, -258
6965, -204.00, -247
6974, -206.00, -233
6983, -208.00, -212
6992, -207.00, -189
7001, -208.00, -170
7009, -210.00, -149
7018, -211.00, -130
7027, -211.00, -111
7036, -212.00, -95
7045, -213.00, -88
7053, -210.00, -84
7062, -214.00, -81
7070, -212.00, -80
7079, -212.00, -78
7089, -211.00, -77
7099, -211.00, -76
7108, -213.00, -75
7116, -212.00, -73
7125, -212.00, -71
7135, -212.00, -70
7144, -211.00, -67
7152, -212.00, -64
7161, -213.00, -59
7169, -214.00, -55
7178, -213.00, -50
7187, -214.00, -47
7195, -214.00, -44
7204, -215.00, -41
7213, -214.00, -37
7223, -212.00, -34
7232, -215.00, -30
7241, -216.00, -25
10261, -216.00, -3
10270, -225.00, 68
10280, -244.00, 249
10289, -259.00, 483
10298, -269.00, 755
10308, -284.00, 1034
10317, -298.00, 1281
10326, -309.00, 1508
10335, -317.00, 1746
10344, -326.00, 1949
10353, -334.00, 2134
10362, -342.00, 2308
10371, -346.00, 2483
10380, -353.00, 2621
10389, -358.00, 2760
10397, -367.00, 2896
10406, -369.00, 3012
10415, -373.00, 3124
10423, -376.00, 3220
10432, -383.00, 3326
10441, -383.00, 3404
10449, -390.00, 3502
10459, -391.00, 3581
10467, -394.00, 3650
10476, -399.00, 3720
10485, -399.00, 3773
10493, -402.00, 3822
10502, -404.00, 3887
10511, -406.00, 3948
10520, -408.00, 3990
10530, -409.00, 4027
10540, -413.00, 4072
10548, -416.00, 4127
10556, -414.00, 4168
10565, -416.00, 4194
10574, -415.00, 4213
10582, -416.00, 4233
10590, -419.00, 4253
10598, -420.00, 4278
10607, -423.00, 4309
10615, -424.00, 4341
10623, -423.00, 4359
10632, -422.00, 4370
10640, -422.00, 4378
10648, -424.00, 4386
10657, -424.00, 4399
10665, -425.00, 4410
10673, -425.00, 4421
10681, -425.00, 4432
10689, -426.00, 4444
10698, -425.00, 4457
10706, -427.00, 4470
10715, -427.00, 4483
10723, -428.00, 4496
10731, -427.00, 4508
10740, -429.00, 4520
10748, -430.00, 4532
10756, -431.00, 4542
10764, -430.00, 4549
10773, -430.00, 4557
10781, -431.00, 4563
10789, -430.00, 4570
10798, -429.00, 4570
10806, -431.00, 4570
10815, -431.00, 4570
10823, -429.00, 4569
10831, -429.00, 4569
10839, -430.00, 4568
10848, -430.00, 4568
10856, -430.00, 4568
10864, -431.00, 4568
10873, -429.00, 4568
10881, -430.00, 4568
10889, -431.00, 4568
10898, -429.00, 4569
10906, -429.00, 4570
10914, -431.00, 4571
10923, -431.00, 4571
10931, -431.00, 4572
10939, -430.00, 4572
10948, -430.00, 4572
10956, -431.00, 4573
10964, -430.00, 4574
10973, -431.00, 4575
10981, -431.00, 4576
10989, -430.00, 4577
10997, -431.00, 4578
11006, -432.00, 4580
14024, -432.00, 4593
14033, -440.00, 4660
14042, -459.00, 4849
14050, -471.00, 5108
14059, -484.00, 5399
14068, -498.00, 5706
14076, -508.00, 6009
14085, -519.00, 6317
14094, -526.00, 6614
14103, -536.00, 6905
14112, -546.00, 7180
14121, -553.00, 7436
14130, -560.00, 7670
14138, -566.00, 7898
14147, -575.00, 8102
14156, -578.00, 8278
14164, -583.00, 8464
14174, -590.00, 8628
14184, -593.00, 8758
14193, -599.00, 8887
14201, -600.00, 8989
14210, -606.00, 9109
14220, -605.00, 9203
14229, -611.00, 9299
14239, -613.00, 9382
14248, -617.00, 9446
14257, -619.00, 9512
14265, -621.00, 9582
14274, -621.00, 9627
14282, -622.00, 9666
14290, -626.00, 9712
14298, -630.00, 9769
14307, -629.00, 9811
14315, -629.00, 9839
14323, -631.00, 9865
14331, -632.00, 9893
14340, -633.00, 9924
14348, -637.00, 9962
14357, -637.00, 9998
14365, -637.00, 10018
14373, -636.00, 10029
14381, -636.00, 10038
14390, -637.00, 10050
14398, -638.00, 10063
14406, -640.00, 10080
14415, -641.00, 10100
14423, -640.00, 10121
14431, -643.00, 10144
14440, -643.00, 10168
14448, -644.00, 10190
14456, -644.00, 10208
14465, -643.00, 10217
14473, -645.00, 10222
14481, -644.00, 10226
14490, -644.00, 10228
14498, -644.00, 10230
14506, -644.00, 10232
14515, -644.00, 10234
14523, -644.00, 10236
14531, -646.00, 10239
14540, -646.00, 10242
14548, -646.00, 10245
14556, -645.00, 10248
14565, -645.00, 10251
14573, -646.00, 10256
14582, -646.00, 10261
14590, -646.00, 10265
14598, -647.00, 10270
14607, -648.00, 10272
14615, -645.00, 10273
14623, -647.00, 10275
14632, -647.00, 10280
14640, -649.00, 10284
17658, -648.00, 10299
17668, -657.00, 10354
17677, -674.00, 10521
17685, -684.00, 10741
17694, -698.00, 10977
17703, -713.00, 11217
17712, -722.00, 11462
17722, -732.00, 11703
17731, -746.00, 11913
17741, -753.00, 12086
17749, -761.00, 12254
17758, -769.00, 12403
17767, -778.00, 12536
17775, -781.00, 12652
17784, -785.00, 12762
17792, -793.00, 12867
17800, -795.00, 12957
17809, -799.00, 13047
17817, -804.00, 13126
17825, -807.00, 13204
17834, -811.00, 13272
17842, -815.00, 13343
17850, -819.00, 13401
17859, -823.00, 13466
17867, -825.00, 13513
17875, -827.00, 13558
17884, -830.00, 13610
17892, -831.00, 13647
17900, -833.00, 13685
17909, -838.00, 13730
17917, -838.00, 13767
17926, -839.00, 13791
17934, -840.00, 13815
17942, -843.00, 13844
17951, -846.00, 13880
17959, -845.00, 13904
17967, -845.00, 13923
17976, -845.00, 13940
17984, -848.00, 13962
17993, -850.00, 13988
18001, -852.00, 14016
18009, -852.00, 14037
18017, -852.00, 14050
18026, -852.00, 14060
18034, -853.00, 14067
18042, -854.00, 14075
18051, -854.00, 14084
18059, -855.00, 14095
18067, -857.00, 14108
18075, -858.00, 14122
18084, -858.00, 14137
18092, -860.00, 14154
18100, -860.00, 14167
18109, -859.00, 14173
18117, -859.00, 14177
18125, -860.00, 14180
18133, -860.00, 14182
18142, -860.00, 14184
18150, -861.00, 14186
18158, -859.00, 14187
18167, -859.00, 14189
18175, -860.00, 14192
18183, -860.00, 14195
18191, -860.00, 14199
18200, -859.00, 14203
18208, -860.00, 14208
18216, -862.00, 14214
18225, -862.00, 14221
18233, -861.00, 14227
18241, -862.00, 14233
18249, -862.00, 14239
18258, -864.00, 14246
18266, -863.00, 14252
18274, -863.00, 14257
18283, -864.00, 14261
18291, -865.00, 14265
21309, -864.00, 14270
21318, -873.00, 14306
21327, -889.00, 14435
21337, -903.00, 14603
21345, -914.00, 14787
21354, -927.00, 14999
21364, -937.00, 15210
21374, -952.00, 15417
21384, -959.00, 15601
21394, -970.00, 15756
21402, -977.00, 15921
21412, -986.00, 16055
21421, -992.00, 16184
21430, -997.00, 16303
21438, -1004.00, 16429
21448, -1010.00, 16547
21457, -1014.00, 16642
21466, -1018.00, 16744
21476, -1024.00, 16831
21485, -1027.00, 16922
21494, -1032.00, 16998
21503, -1034.00, 17073
21513, -1039.00, 17148
21522, -1041.00, 17211
21531, -1043.00, 17258
21539, -1049.00, 17314
21547, -1049.00, 17363
21556, -1049.00, 17400
21564, -1053.00, 17441
21572, -1055.00, 17491
21580, -1055.00, 17528
21589, -1056.00, 17555
21597, -1058.00, 17583
21605, -1062.00, 17619
21614, -1064.00, 17660
21622, -1063.00, 17686
21630, -1062.00, 17706
21639, -1065.00, 17727
21647, -1067.00, 17749
21655, -1067.00, 17773
21664, -1069.00, 17800
21672, -1071.00, 17826
21680, -1071.00, 17842
21689, -1070.00, 17852
21697, -1071.00, 17860
21705, -1070.00, 17868
21713, -1073.00, 17877
21722, -1073.00, 17886
21730, -1073.00, 17897
21738, -1074.00, 17911
21746, -1074.00, 17927
21755, -1077.00, 17945
21763, -1077.00, 17968
21771, -1078.00, 17988
21780, -1077.00, 18005
21788, -1077.00, 18013
21796, -1077.00, 18018
21804, -1079.00, 18022
21813, -1079.00, 18023
21821, -1078.00, 18025
21829, -1077.00, 18026
21837, -1079.00, 18027
21846, -1077.00, 18028
21854, -1078.00, 18029
21862, -1079.00, 18031
21870, -1079.00, 18033
21879, -1080.00, 18035
21887, -1079.00, 18037
21895, -1078.00, 18039
21903, -1079.00, 18042
21912, -1080.00, 18044
21920, -1079.00, 18048
21929, -1079.00, 18051
21937, -1079.00, 18053
21945, -1081.00, 18057
21954, -1079.00, 18060
21962, -1079.00, 18063
21970, -1080.00, 18066
21979, -1080.00, 18070
21987, -1080.00, 18074
21995, -1081.00, 18077
22003, -1082.00, 18080
25022, -1081.00, 18089
25031, -1091.00, 18151
25040, -1106.00, 18311
25049, -1122.00, 18523
25057, -1130.00, 18760
25066, -1146.00, 19014
25075, -1153.00, 19263
25083, -1162.00, 19519
25092, -1172.00, 19811
25101, -1183.00, 20058
25110, -1191.00, 20322
25120, -1200.00, 20561
25129, -1205.00, 20799
25138, -1212.00, 21011
25147, -1216.00, 21212
25156, -1222.00, 21408
25164, -1229.00, 21599
25173, -1230.00, 21768
25181, -1236.00, 21960
25191, -1240.00, 22143
25201, -1244.00, 22307
25210, -1250.00, 22468
25219, -1252.00, 22610
25229, -1256.00, 22761
25238, -1259.00, 22893
25247, -1260.00, 22999
25256, -1265.00, 23122
25265, -1266.00, 23230
25273, -1267.00, 23312
25282, -1269.00, 23413
25291, -1273.00, 23536
25301, -1274.00, 23619
25311, -1274.00, 23683
25320, -1277.00, 23755
25329, -1279.00, 23859
25338, -1281.00, 23930
25347, -1280.00, 23981
25356, -1281.00, 24019
25365, -1282.00, 24068
25375, -1284.00, 24122
25383, -1285.00, 24193
25393, -1288.00, 24264
25401, -1286.00, 24307
25409, -1287.00, 24334
25417, -1286.00, 24354
25426, -1287.00, 24370
25434, -1287.00, 24390
25442, -1289.00, 24413
25451, -1289.00, 24441
25459, -1291.00, 24472
25468, -1292.00, 24506
25476, -1291.00, 24541
25484, -1293.00, 24578
25493, -1293.00, 24616
25501, -1294.00, 24651
25509, -1295.00, 24673
25518, -1293.00, 24683
25526, -1294.00, 24689
25535, -1294.00, 24693
25543, -1295.00, 24695
25551, -1293.00, 24697
25560, -1294.00, 24699
25568, -1294.00, 24701
25576, -1295.00, 24705
25585, -1294.00, 24708
25593, -1296.00, 24712
25601, -1293.00, 24716
25610, -1295.00, 24720
25618, -1294.00, 24727
25626, -1295.00, 24734
25635, -1295.00, 24742
25643, -1296.00, 24749
25651, -1295.00, 24757
25660, -1295.00, 24764
25668, -1296.00, 24772
25676, -1295.00, 24780
25684, -1295.00, 24788
25693, -1296.00, 24797
25701, -1295.00, 24806
25709, -1298.00, 24815
28727, -1296.00, 24855
28737, -1306.00, 24950
28745, -1321.00, 25261
28754, -1334.00, 25692
28764, -1346.00, 26110
28773, -1359.00, 26571
28782, -1368.00, 26964
28791, -1381.00, 27368
28801, -1388.00, 27741
28810, -1397.00, 28041
28819, -1405.00, 28344
28828, -1412.00, 28619
28838, -1419.00, 28874
28847, -1427.00, 29080
28856, -1433.00, 29296
28865, -1438.00, 29471
28874, -1443.00, 29628
28883, -1447.00, 29778
28891, -1454.00, 29937
28901, -1455.00, 30069
28911, -1460.00, 30188
28919, -1464.00, 30308
28929, -1468.00, 30420
28939, -1471.00, 30514
28949, -1475.00, 30610
28957, -1476.00, 30683
28967, -1481.00, 30755
28975, -1482.00, 30832
28984, -1483.00, 30886
28993, -1486.00, 30937
29002, -1489.00, 31002
29010, -1488.00, 31045
29019, -1490.00, 31085
29028, -1490.00, 31128
29037, -1494.00, 31177
29045, -1496.00, 31223
29054, -1496.00, 31253
29062, -1497.00, 31273
29070, -1497.00, 31293
29079, -1500.00, 31319
29087, -1501.00, 31356
29095, -1503.00, 31400
29103, -1503.00, 31432
29112, -1504.00, 31452
29120, -1503.00, 31466
29128, -1502.00, 31476
29137, -1504.00, 31486
29145, -1505.00, 31497
29153, -1506.00, 31512
29162, -1507.00, 31525
29170, -1507.00, 31540
29179, -1508.00, 31557
29187, -1510.00, 31578
29195, -1509.00, 31602
29203, -1510.00, 31622
29212, -1509.00, 31630
29220, -1509.00, 31636
29228, -1510.00, 31639
29237, -1510.00, 31642
29245, -1510.00, 31645
29253, -1510.00, 31647
29262, -1509.00, 31651
29270, -1511.00, 31654
29278, -1511.00, 31659
29287, -1512.00, 31663
29295, -1511.00, 31669
29303, -1510.00, 31674
29311, -1511.00, 31680
29320, -1512.00, 31687
29328, -1512.00, 31693
29336, -1512.00, 31699
29345, -1511.00, 31705
29353, -1513.00, 31712
29361, -1514.00, 31720
29369, -1513.00, 31726
29378, -1513.00, 31731
29386, -1513.00, 31735
29394, -1514.00, 31740
29403, -1513.00, 31745
29411, -1514.00, 31748
29419, -1513.00, 31753
29428, -1515.00, 31757
32446, -1514.00, 31762
32456, -1523.00, 31811
32465, -1536.00, 31978
32474, -1549.00, 32207
32482, -1561.00, 32493
32492, -1573.00, 32743
32501, -1583.00, 32993
32509, -1595.00, 33240
32517, -1603.00, 33485
32526, -1609.00, 33709
32535, -1617.00, 33910
32543, -1624.00, 34105
32552, -1631.00, 34313
32562, -1640.00, 34508
32571, -1646.00, 34669
32580, -1650.00, 34810
32588, -1653.00, 34948
32596, -1660.00, 35080
32605, -1663.00, 35195
32613, -1666.00, 35313
32621, -1672.00, 35419
32630, -1674.00, 35523
32638, -1676.00, 35611
32646, -1681.00, 35708
32655, -1683.00, 35787
32663, -1687.00, 35875
32671, -1689.00, 35943
32680, -1691.00, 36012
32688, -1694.00, 36088
32696, -1695.00, 36142
32705, -1698.00, 36196
32713, -1700.00, 36266
32721, -1701.00, 36315
32729, -1703.00, 36355
32738, -1706.00, 36397
32746, -1709.00, 36455
32754, -1708.00, 36502
32762, -1708.00, 36534
32771, -1709.00, 36563
32779, -1711.00, 36595
32787, -1714.00, 36637
32796, -1715.00, 36680
32804, -1715.00, 36706
32812, -1715.00, 36725
32821, -1716.00, 36742
32829, -1716.00, 36760
32837, -1718.00, 36784
32846, -1718.00, 36813
32854, -1721.00, 36846
32862, -1722.00, 36883
32870, -1721.00, 36903
32879, -1722.00, 36914
32887, -1721.00, 36922
32895, -1723.00, 36928
32904, -1721.00, 36934
32912, -1723.00, 36941
32920, -1723.00, 36950
32928, -1724.00, 36961
32937, -1725.00, 36973
32945, -1724.00, 36986
32953, -1725.00, 37001
32961, -1724.00, 37018
32970, -1726.00, 37038
32978, -1728.00, 37060
32986, -1729.00, 37080
32995, -1728.00, 37097
33003, -1729.00, 37110
33012, -1728.00, 37122
33020, -1728.00, 37124
33028, -1729.00, 37125
33037, -1728.00, 37126
33045, -1728.00, 37126
33053, -1729.00, 37126
33061, -1728.00, 37126
33070, -1729.00, 37126
33078, -1727.00, 37126
33086, -1730.00, 37127
33094, -1728.00, 37127
33103, -1728.00, 37128
33111, -1728.00, 37129
33119, -1729.00, 37130
33128, -1729.00, 37131
33136, -1729.00, 37132
33145, -1728.00, 37134
33153, -1728.00, 37135
33161, -1729.00, 37137
33170, -1728.00, 37139
33178, -1730.00, 37141
33186, -1728.00, 37143
33195, -1729.00, 37147
33203, -1729.00, 37149
33212, -1729.00, 37152
33220, -1730.00, 37152
33228, -1729.00, 37153
33237, -1729.00, 37154
33245, -1729.00, 37156
33254, -1730.00, 37158
33262, -1730.00, 37160
33270, -1730.00, 37163
33279, -1730.00, 37165
33287, -1730.00, 37168
33295, -1731.00, 37169
36314, -1731.00, 37199
36322, -1740.00, 37255
36331, -1752.00, 37446
36340, -1765.00, 37730
36349, -1776.00, 38024
36358, -1788.00, 38368
36368, -1797.00, 38706
36377, -1809.00, 39021
36385, -1816.00, 39335
36394, -1825.00, 39681
36404, -1835.00, 40013
36413, -1842.00, 40295
36422, -1849.00, 40584
36432, -1855.00, 40856
36441, -1862.00, 41073
36450, -1866.00, 41301
36459, -1872.00, 41514
36469, -1880.00, 41688
36478, -1881.00, 41836
36486, -1887.00, 41983
36495, -1889.00, 42120
36505, -1893.00, 42240
36513, -1897.00, 42360
36523, -1901.00, 42479
36532, -1903.00, 42574
36542, -1909.00, 42668
36550, -1908.00, 42737
36559, -1912.00, 42817
36569, -1915.00, 42890
36577, -1913.00, 42945
36586, -1918.00, 43000
36594, -1921.00, 43077
36604, -1921.00, 43124
36613, -1923.00, 43165
36623, -1926.00, 43207
36631, -1928.00, 43262
36640, -1928.00, 43306
36650, -1929.00, 43331
36658, -1929.00, 43352
36666, -1929.00, 43375
36674, -1933.00, 43407
36683, -1935.00, 43446
36691, -1935.00, 43479
36699, -1934.00, 43498
36708, -1935.00, 43512
36716, -1936.00, 43525
36724, -1936.00, 43538
36733, -1937.00, 43553
36741, -1936.00, 43570
36749, -1939.00, 43588
36757, -1939.00, 43610
36766, -1941.00, 43634
36774, -1942.00, 43657
36782, -1942.00, 43670
36791, -1942.00, 43678
36799, -1940.00, 43683
36807, -1941.00, 43687
36815, -1942.00, 43690
36824, -1942.00, 43694
36832, -1943.00, 43697
36840, -1941.00, 43702
36849, -1943.00, 43707
36857, -1942.00, 43713
36865, -1942.00, 43719
36874, -1943.00, 43727
36882, -1943.00, 43736
36890, -1945.00, 43745
36898, -1943.00, 43754
36907, -1945.00, 43763
36915, -1944.00, 43774
36923, -1947.00, 43783
36932, -1947.00, 43793
36940, -1945.00, 43801
36948, -1946.00, 43808
36956, -1947.00, 43816
36965, -1947.00, 43822
36973, -1948.00, 43828
39992, -1947.00, 43835
40001, -1954.00, 43881
40010, -1970.00, 44066
40020, -1984.00, 44309
40030, -1997.00, 44547
40038, -2006.00, 44780
40047, -2020.00, 45005
40056, -2027.00, 45220
40065, -2035.00, 45425
40074, -2043.00, 45634
40084, -2053.00, 45820
40093, -2061.00, 45970
40102, -2068.00, 46107
40110, -2072.00, 46236
40118, -2076.00, 46356
40127, -2083.00, 46474
40135, -2088.00, 46577
40143, -2092.00, 46670
40152, -2096.00, 46769
40160, -2101.00, 46851
40168, -2106.00, 46933
40176, -2109.00, 47002
40185, -2110.00, 47081
40193, -2114.00, 47141
40201, -2120.00, 47206
40209, -2117.00, 47259
40218, -2123.00, 47313
40226, -2127.00, 47374
40234, -2127.00, 47417
40242, -2128.00, 47456
40251, -2132.00, 47505
40259, -2132.00, 47544
40267, -2134.00, 47578
40276, -2136.00, 47617
40284, -2139.00, 47661
40292, -2140.00, 47690
40301, -2141.00, 47712
40309, -2142.00, 47734
40317, -2143.00, 47763
40326, -2146.00, 47797
40334, -2146.00, 47822
40342, -2145.00, 47839
40351, -2148.00, 47854
40359, -2149.00, 47873
40367, -2149.00, 47894
40376, -2152.00, 47919
40384, -2152.00, 47945
40392, -2153.00, 47963
40401, -2153.00, 47974
40409, -2154.00, 47982
40417, -2154.00, 47988
40426, -2154.00, 47994
40434, -2154.00, 48001
40442, -2154.00, 48008
40450, -2155.00, 48018
40459, -2156.00, 48031
40467, -2157.00, 48045
40475, -2158.00, 48058
40484, -2158.00, 48073
40492, -2160.00, 48090
40500, -2160.00, 48100
40509, -2160.00, 48105
40517, -2159.00, 48108
40525, -2159.00, 48110
40533, -2160.00, 48111
40542, -2159.00, 48114
40550, -2161.00, 48116
40558, -2160.00, 48117
40567, -2160.00, 48119
40575, -2160.00, 48119
40583, -2160.00, 48121
40591, -2160.00, 48124
40600, -2160.00, 48127
40608, -2161.00, 48130
40616, -2161.00, 48134
40625, -2161.00, 48137
40633, -2162.00, 48141
40641, -2161.00, 48144
40650, -2161.00, 48148
40658, -2161.00, 48152
40666, -2161.00, 48157
40674, -2162.00, 48162
40683, -2162.00, 48168
40691, -2162.00, 48174
40699, -2162.00, 48179
40708, -2162.00, 48182
40716, -2163.00, 48186
40724, -2163.00, 48190
40733, -2163.00, 48193
40741, -2162.00, 48195
40749, -2163.00, 48198
40757, -2162.00, 48200
40766, -2165.00, 48203
40774, -2162.00, 48206
40782, -2163.00, 48209
40791, -2165.00, 48213
40799, -2164.00, 48215
43817, -2164.00, 48219
43827, -2170.00, 48247
43836, -2156.00, 48200
43845, -2145.00, 48068
43854, -2131.00, 47874
43864, -2118.00, 47657
43874, -2106.00, 47462
43883, -2097.00, 47244
43893, -2087.00, 47057
43902, -2078.00, 46882
43910, -2070.00, 46720
43918, -2062.00, 46545
43928, -2055.00, 46398
43936, -2048.00, 46250
43946, -2042.00, 46120
43954, -2037.00, 45983
43963, -2032.00, 45870
43972, -2025.00, 45758
43980, -2021.00, 45657
43988, -2018.00, 45562
43996, -2013.00, 45464
44005, -2011.00, 45381
44013, -2006.00, 45294
44022, -2002.00, 45224
44030, -1999.00, 45141
44038, -1997.00, 45075
44046, -1994.00, 45008
44055, -1993.00, 44945
44063, -1990.00, 44891
44071, -1985.00, 44824
44080, -1983.00, 44771
44088, -1982.00, 44727
44097, -1979.00, 44677
44105, -1979.00, 44628
44113, -1976.00, 44593
44122, -1976.00, 44557
44130, -1972.00, 44513
44138, -1972.00, 44469
44146, -1970.00, 44440
44155, -1970.00, 44418
44163, -1969.00, 44394
44171, -1965.00, 44362
44180, -1963.00, 44321
44188, -1964.00, 44294
44196, -1965.00, 44276
44204, -1964.00, 44262
44213, -1964.00, 44246
44221, -1963.00, 44227
44229, -1961.00, 44204
44238, -1959.00, 44176
44246, -1957.00, 44148
44254, -1958.00, 44130
44262, -1958.00, 44119
44271, -1958.00, 44112
44279, -1958.00, 44106
44287, -1957.00, 44100
44296, -1957.00, 44093
44304, -1956.00, 44084
44312, -1956.00, 44072
44320, -1956.00, 44058
44329, -1955.00, 44042
44337, -1954.00, 44026
44345, -1955.00, 44009
44354, -1953.00, 43991
44362, -1951.00, 43973
44370, -1950.00, 43955
44378, -1952.00, 43947
44387, -1952.00, 43943
44395, -1952.00, 43941
44403, -1952.00, 43940
44412, -1951.00, 43939
44420, -1951.00, 43938
44428, -1951.00, 43937
44437, -1952.00, 43937
44445, -1951.00, 43936
44454, -1952.00, 43934
44462, -1951.00, 43933
44470, -1952.00, 43932
44479, -1952.00, 43930
44487, -1951.00, 43927
44496, -1951.00, 43924
44504, -1952.00, 43921
44512, -1951.00, 43918
44520, -1950.00, 43915
44529, -1950.00, 43911
44537, -1949.00, 43908
44545, -1950.00, 43905
44553, -1949.00, 43902
44562, -1949.00, 43900
44570, -1950.00, 43898
44578, -1950.00, 43896
44586, -1949.00, 43893
44595, -1950.00, 43891
44603, -1948.00, 43888
47621, -1949.00, 43866
47630, -1955.00, 43902
47640, -1941.00, 43842
47649, -1929.00, 43676
47657, -1915.00, 43427
47667, -1902.00, 43170
47675, -1894.00, 42893
47684, -1884.00, 42610
47693, -1872.00, 42300
47703, -1865.00, 41980
47713, -1852.00, 41663
47722, -1845.00, 41373
47732, -1837.00, 41103
47741, -1832.00, 40820
47750, -1825.00, 40586
47759, -1818.00, 40327
47769, -1813.00, 40120
47777, -1810.00, 39898
47787, -1804.00, 39706
47796, -1797.00, 39528
47805, -1795.00, 39372
47814, -1791.00, 39209
47824, -1787.00, 39064
47833, -1783.00, 38943
47842, -1780.00, 38836
47850, -1777.00, 38726
47859, -1775.00, 38642
47867, -1771.00, 38548
47875, -1769.00, 38465
47884, -1767.00, 38400
47892, -1766.00, 38324
47900, -1764.00, 38249
47908, -1763.00, 38196
47917, -1760.00, 38143
47925, -1756.00, 38073
47933, -1756.00, 38018
47942, -1756.00, 37978
47950, -1757.00, 37941
47958, -1753.00, 37897
47967, -1750.00, 37839
47975, -1750.00, 37799
47983, -1750.00, 37771
47991, -1749.00, 37747
48000, -1747.00, 37720
48008, -1746.00, 37687
48017, -1744.00, 37650
48025, -1743.00, 37609
48033, -1744.00, 37584
48042, -1743.00, 37567
48050, -1744.00, 37555
48058, -1742.00, 37543
48067, -1742.00, 37529
48075, -1742.00, 37513
48083, -1741.00, 37494
48091, -1739.00, 37472
48099, -1739.00, 37448
48108, -1737.00, 37422
48116, -1738.00, 37399
48124, -1736.00, 37383
48133, -1736.00, 37374
48141, -1736.00, 37369
48150, -1738.00, 37366
48158, -1737.00, 37364
48166, -1737.00, 37362
48175, -1736.00, 37359
48183, -1738.00, 37356
48191, -1735.00, 37352
48200, -1736.00, 37346
48208, -1736.00, 37340
48216, -1735.00, 37333
48225, -1734.00, 37325
48233, -1735.00, 37317
48242, -1734.00, 37308
48250, -1735.00, 37300
48258, -1734.00, 37291
48267, -1735.00, 37282
48275, -1733.00, 37272
48284, -1734.00, 37263
48292, -1734.00, 37255
48300, -1732.00, 37246
48308, -1733.00, 37239
48317, -1732.00, 37231
48325, -1732.00, 37225
48333, -1733.00, 37220
48341, -1732.00, 37216
48350, -1733.00, 37211
48358, -1731.00, 37205
51376, -1732.00, 37195
51386, -1738.00, 37241
51395, -1724.00, 37171
51404, -1711.00, 36980
51413, -1698.00, 36726
51422, -1687.00, 36424
51431, -1674.00, 36156
51440, -1666.00, 35863
51450, -1653.00, 35584
51460, -1645.00, 35332
51469, -1635.00, 35101
51478, -1625.00, 34892
51487, -1621.00, 34683
51496, -1614.00, 34507
51505, -1607.00, 34320
51515, -1601.00, 34171
51523, -1599.00, 34032
51532, -1591.00, 33893
51540, -1587.00, 33762
51549, -1584.00, 33644
51558, -1578.00, 33522
51567, -1575.00, 33420
51575, -1572.00, 33317
51584, -1568.00, 33225
51593, -1564.00, 33129
51601, -1563.00, 33056
51610, -1557.00, 32970
51618, -1557.00, 32896
51628, -1554.00, 32831
51636, -1551.00, 32757
51645, -1549.00, 32704
51653, -1547.00, 32652
51661, -1545.00, 32590
51670, -1544.00, 32547
51678, -1542.00, 32513
51686, -1540.00, 32470
51695, -1538.00, 32417
51703, -1537.00, 32374
51711, -1537.00, 32344
51719, -1535.00, 32320
51728, -1534.00, 32295
51736, -1533.00, 32266
51744, -1530.00, 32223
51752, -1530.00, 32191
51761, -1530.00, 32169
51769, -1530.00, 32153
51777, -1529.00, 32137
51785, -1528.00, 32119
51794, -1526.00, 32100
51802, -1526.00, 32077
51810, -1526.00, 32054
51819, -1523.00, 32028
51827, -1524.00, 32013
51835, -1524.00, 32004
51843, -1523.00, 31999
51852, -1524.00, 31995
51860, -1521.00, 31990
51868, -1522.00, 31985
51876, -1524.00, 31979
51885, -1523.00, 31970
51893, -1522.00, 31960
51901, -1520.00, 31947
51910, -1522.00, 31932
51918, -1519.00, 31916
51926, -1520.00, 31899
51935, -1519.00, 31884
51943, -1519.00, 31869
51951, -1518.00, 31855
51960, -1517.00, 31842
51968, -1517.00, 31831
51976, -1517.00, 31821
51984, -1517.00, 31813
51993, -1517.00, 31805
52001, -1515.00, 31800
55019, -1516.00, 31796
55029, -1523.00, 31838
55038, -1506.00, 31762
55047, -1495.00, 31547
55057, -1478.00, 31299
55065, -1469.00, 30982
55076, -1455.00, 30714
55084, -1442.00, 30409
55094, -1434.00, 30103
55104, -1425.00, 29827
55113, -1417.00, 29534
55123, -1408.00, 29266
55132, -1401.00, 29035
55141, -1394.00, 28819
55150, -1388.00, 28612
55158, -1381.00, 28420
55167, -1377.00, 28231
55175, -1372.00, 28028
55185, -1366.00, 27859
55194, -1363.00, 27690
55203, -1358.00, 27529
55212, -1356.00, 27393
55220, -1350.00, 27239
55229, -1348.00, 27122
55238, -1343.00, 26983
55246, -1342.00, 26873
55255, -1339.00, 26760
55264, -1337.00, 26646
55273, -1335.00, 26554
55282, -1329.00, 26449
55290, -1329.00, 26350
55299, -1329.00, 26273
55309, -1326.00, 26199
55317, -1321.00, 26089
55327, -1321.00, 26014
55337, -1322.00, 25964
55346, -1320.00, 25905
55355, -1317.00, 25838
55364, -1317.00, 25760
55372, -1317.00, 25711
55381, -1314.00, 25672
55390, -1313.00, 25636
55399, -1313.00, 25595
55409, -1311.00, 25548
55417, -1309.00, 25491
55425, -1309.00, 25432
55434, -1307.00, 25397
55442, -1309.00, 25376
55450, -1309.00, 25364
55458, -1307.00, 25352
55467, -1308.00, 25338
55475, -1307.00, 25321
55483, -1307.00, 25301
55492, -1306.00, 25276
55500, -1304.00, 25247
55508, -1303.00, 25217
55516, -1304.00, 25188
55525, -1303.00, 25158
55533, -1303.00, 25128
55541, -1302.00, 25099
55549, -1301.00, 25073
55558, -1301.00, 25063
55566, -1301.00, 25057
55574, -1303.00, 25053
55583, -1302.00, 25052
55591, -1302.00, 25050
55599, -1301.00, 25049
55608, -1301.00, 25047
55616, -1302.00, 25045
55624, -1302.00, 25043
55632, -1299.00, 25041
55641, -1302.00, 25038
55649, -1301.00, 25035
55657, -1302.00, 25031
55665, -1302.00, 25027
55674, -1302.00, 25020
55682, -1300.00, 25013
55691, -1301.00, 25005
55699, -1301.00, 24998
55707, -1301.00, 24990
55716, -1298.00, 24981
58734, -1299.00, 24930
58743, -1306.00, 25002
58752, -1290.00, 24873
58761, -1276.00, 24532
58769, -1264.00, 24086
58778, -1251.00, 23626
58787, -1239.00, 23140
58796, -1231.00, 22701
58805, -1218.00, 22297
58814, -1208.00, 21926
58822, -1200.00, 21592
58831, -1192.00, 21295
58840, -1184.00, 21034
58849, -1176.00, 20804
58857, -1171.00, 20591
58866, -1165.00, 20404
58874, -1163.00, 20231
58883, -1155.00, 20069
58892, -1152.00, 19909
58901, -1147.00, 19775
58910, -1143.00, 19634
58920, -1137.00, 19520
58929, -1132.00, 19397
58939, -1130.00, 19298
58949, -1125.00, 19206
58957, -1126.00, 19133
58967, -1120.00, 19059
58976, -1117.00, 18984
58984, -1116.00, 18931
58993, -1113.00, 18879
59002, -1110.00, 18809
59011, -1109.00, 18760
59021, -1108.00, 18716
59031, -1105.00, 18668
59040, -1102.00, 18621
59049, -1102.00, 18595
59058, -1101.00, 18572
59067, -1101.00, 18547
59076, -1100.00, 18509
59085, -1096.00, 18463
59095, -1095.00, 18434
59103, -1095.00, 18415
59111, -1094.00, 18400
59121, -1094.00, 18388
59129, -1093.00, 18376
59137, -1095.00, 18363
59146, -1091.00, 18347
59154, -1091.00, 18330
59162, -1092.00, 18310
59170, -1087.00, 18287
59179, -1090.00, 18270
59187, -1087.00, 18261
59195, -1089.00, 18255
59204, -1088.00, 18251
59212, -1088.00, 18248
59221, -1089.00, 18245
59229, -1087.00, 18241
59237, -1087.00, 18236
59245, -1087.00, 18231
59254, -1086.00, 18225
59262, -1087.00, 18218
59270, -1087.00, 18212
59279, -1087.00, 18203
59287, -1085.00, 18195
59295, -1086.00, 18187
59303, -1084.00, 18179
59312, -1084.00, 18172
59320, -1085.00, 18166
59328, -1085.00, 18160
59337, -1083.00, 18155
59345, -1083.00, 18149
59353, -1084.00, 18144
59362, -1083.00, 18140
59370, -1084.00, 18136
59378, -1082.00, 18132
62396, -1084.00, 18127
62406, -1089.00, 18164
62415, -1073.00, 18087
62425, -1058.00, 17923
62434, -1045.00, 17693
62444, -1030.00, 17470
62453, -1020.00, 17239
62462, -1006.00, 17014
62472, -997.00, 16828
62480, -988.00, 16656
62489, -982.00, 16476
62498, -974.00, 16325
62507, -967.00, 16188
62516, -960.00, 16052
62525, -953.00, 15929
62533, -946.00, 15801
62543, -939.00, 15700
62552, -935.00, 15602
62561, -931.00, 15501
62571, -924.00, 15407
62581, -922.00, 15341
62590, -917.00, 15257
62599, -914.00, 15190
62609, -908.00, 15127
62618, -908.00, 15079
62626, -905.00, 15030
62635, -904.00, 14975
62643, -901.00, 14933
62652, -896.00, 14884
62662, -895.00, 14838
62671, -894.00, 14810
62680, -892.00, 14777
62689, -888.00, 14737
62698, -888.00, 14702
62706, -887.00, 14676
62716, -887.00, 14653
62725, -883.00, 14626
62735, -881.00, 14599
62743, -880.00, 14573
62753, -880.00, 14557
62763, -879.00, 14545
62773, -879.00, 14532
62783, -878.00, 14518
62791, -877.00, 14499
62800, -875.00, 14478
62809, -873.00, 14454
62817, -873.00, 14436
62826, -874.00, 14426
62834, -874.00, 14420
62842, -872.00, 14415
62851, -873.00, 14410
62859, -871.00, 14407
62867, -872.00, 14402
62875, -872.00, 14397
62884, -872.00, 14391
62892, -871.00, 14384
62900, -869.00, 14376
62909, -869.00, 14368
62917, -869.00, 14364
62925, -869.00, 14359
62933, -868.00, 14354
62942, -867.00, 14348
62950, -868.00, 14342
62958, -869.00, 14337
62967, -866.00, 14332
62975, -867.00, 14326
62983, -867.00, 14322
62992, -866.00, 14318
63000, -867.00, 14313
63009, -866.00, 14309
63017, -866.00, 14305
63025, -865.00, 14302
66043, -866.00, 14299
66053, -873.00, 14328
66063, -858.00, 14278
66072, -842.00, 14151
66080, -829.00, 13988
66089, -818.00, 13816
66098, -805.00, 13633
66106, -797.00, 13457
66115, -787.00, 13281
66123, -777.00, 13083
66133, -768.00, 12915
66142, -759.00, 12757
66151, -751.00, 12611
66159, -743.00, 12474
66168, -735.00, 12346
66176, -733.00, 12214
66186, -727.00, 12103
66195, -720.00, 11979
66204, -715.00, 11880
66213, -712.00, 11779
66223, -706.00, 11683
66231, -705.00, 11601
66240, -698.00, 11508
66250, -698.00, 11440
66258, -691.00, 11362
66267, -690.00, 11294
66277, -688.00, 11232
66287, -682.00, 11163
66295, -681.00, 11114
66304, -679.00, 11068
66313, -677.00, 11015
66321, -675.00, 10974
66330, -674.00, 10942
66338, -672.00, 10902
66348, -670.00, 10858
66357, -669.00, 10809
66367, -668.00, 10782
66375, -666.00, 10765
66384, -666.00, 10744
66394, -663.00, 10716
66403, -662.00, 10678
66413, -661.00, 10640
66421, -661.00, 10619
66429, -661.00, 10604
66438, -661.00, 10592
66447, -659.00, 10582
66455, -659.00, 10570
66464, -658.00, 10557
66472, -659.00, 10542
66480, -658.00, 10526
66489, -655.00, 10511
66497, -654.00, 10495
66505, -654.00, 10478
66513, -652.00, 10461
66522, -653.00, 10450
66530, -653.00, 10444
66538, -653.00, 10441
66547, -652.00, 10439
66555, -654.00, 10438
66563, -651.00, 10437
66571, -654.00, 10435
66580, -653.00, 10435
66588, -654.00, 10433
66597, -652.00, 10431
66605, -652.00, 10430
66613, -652.00, 10428
66621, -653.00, 10426
66630, -652.00, 10422
66638, -652.00, 10419
66646, -651.00, 10415
66655, -653.00, 10412
66663, -653.00, 10408
66671, -651.00, 10403
66680, -653.00, 10398
66688, -650.00, 10392
66696, -651.00, 10387
66704, -650.00, 10383
66713, -649.00, 10378
69731, -649.00, 10351
69740, -657.00, 10392
69749, -642.00, 10334
69758, -627.00, 10134
69768, -611.00, 9852
69778, -595.00, 9563
69787, -584.00, 9242
69797, -572.00, 8947
69806, -563.00, 8653
69814, -554.00, 8366
69823, -547.00, 8070
69832, -538.00, 7808
69841, -530.00, 7557
69850, -522.00, 7328
69858, -515.00, 7090
69868, -508.00, 6868
69878, -502.00, 6677
69888, -498.00, 6525
69896, -492.00, 6361
69906, -489.00, 6225
69915, -485.00, 6094
69924, -481.00, 5995
69932, -477.00, 5888
69940, -475.00, 5807
69949, -471.00, 5722
69957, -468.00, 5640
69965, -466.00, 5581
69974, -464.00, 5517
69982, -459.00, 5439
69990, -460.00, 5386
69998, -459.00, 5346
70007, -456.00, 5305
70015, -452.00, 5248
70023, -453.00, 5193
70031, -453.00, 5158
70040, -451.00, 5128
70048, -449.00, 5101
70056, -449.00, 5072
70065, -447.00, 5038
70073, -444.00, 4996
70081, -444.00, 4970
70090, -445.00, 4952
70098, -445.00, 4940
70106, -445.00, 4927
70115, -444.00, 4910
70123, -442.00, 4889
70131, -442.00, 4864
70140, -440.00, 4841
70148, -438.00, 4818
70156, -439.00, 4798
70165, -438.00, 4778
70173, -438.00, 4766
70181, -437.00, 4761
70189, -436.00, 4757
70198, -437.00, 4754
70206, -437.00, 4751
70214, -438.00, 4749
70223, -437.00, 4747
70232, -436.00, 4744
70240, -436.00, 4741
70248, -436.00, 4737
70256, -436.00, 4733
70265, -436.00, 4728
70273, -436.00, 4723
70282, -435.00, 4718
70290, -436.00, 4711
70298, -436.00, 4704
70307, -433.00, 4697
70315, -433.00, 4689
70323, -433.00, 4682
70331, -434.00, 4677
70340, -434.00, 4673
70348, -434.00, 4668
70356, -434.00, 4663
70365, -433.00, 4657
70373, -431.00, 4651
70381, -434.00, 4646
70389, -433.00, 4641
70398, -433.00, 4631
70406, -434.00, 4624
70414, -434.00, 4617
70423, -431.00, 4612
70431, -432.00, 4606
73449, -432.00, 4601
73458, -438.00, 4649
73467, -424.00, 4582
73476, -407.00, 4386
73486, -392.00, 4152
73494, -380.00, 3913
73502, -369.00, 3659
73511, -359.00, 3419
73519, -349.00, 3182
73528, -341.00, 2966
73537, -331.00, 2753
73546, -323.00, 2553
73554, -315.00, 2369
73563, -308.00, 2201
73572, -302.00, 2041
73581, -295.00, 1892
73589, -288.00, 1756
73598, -285.00, 1632
73607, -277.00, 1515
73615, -275.00, 1415
73624, -271.00, 1314
73632, -267.00, 1236
73641, -262.00, 1140
73650, -261.00, 1068
73658, -256.00, 994
73667, -253.00, 924
73676, -252.00, 865
73685, -248.00, 797
73694, -246.00, 738
73703, -245.00, 698
73711, -243.00, 659
73720, -240.00, 603
73728, -239.00, 552
73737, -237.00, 517
73746, -237.00, 489
73755, -233.00, 458
73764, -232.00, 422
73772, -230.00, 386
73781, -230.00, 364
73790, -230.00, 350
73799, -230.00, 337
73808, -229.00, 320
73817, -227.00, 298
73825, -226.00, 269
73835, -224.00, 242
73843, -224.00, 217
73852, -223.00, 193
73861, -224.00, 178
73869, -221.00, 170
73878, -222.00, 165
73887, -223.00, 161
73896, -222.00, 158
73905, -222.00, 155
73914, -222.00, 152
73922, -221.00, 148
73931, -222.00, 144
73940, -220.00, 138
73949, -222.00, 133
73958, -220.00, 126
73966, -218.00, 119
73975, -220.00, 113
73984, -219.00, 106
73992, -218.00, 99
74001, -218.00, 91
74010, -218.00, 86
74019, -216.00, 80
