6273, 1933.57, -1
6281, 1938.30, -1
6290, 1942.09, -1
6298, 1944.93, -1
6307, 1947.76, -1
6316, 1949.66, -2
6325, 1950.60, -1
6335, 1952.49, -1
6343, 1953.44, 1
6353, 1954.39, 3
6361, 1955.33, 13
6370, 1955.33, 29
6379, 1955.33, 37
6387, 1956.28, 43
6395, 1956.28, 51
6403, 1956.28, 67
6412, 1956.28, 98
6420, 1956.28, 143
6429, 1955.33, 172
6437, 1954.39, 192
6446, 1954.39, 207
6454, 1953.44, 227
6462, 1953.44, 261
6471, 1952.49, 311
6479, 1951.55, 359
6488, 1950.60, 386
6496, 1950.60, 403
6504, 1949.66, 416
6513, 1949.66, 429
6521, 1948.71, 445
6530, 1948.71, 469
6538, 1947.76, 505
6547, 1946.82, 552
6555, 1945.87, 591
6564, 1944.93, 613
6572, 1943.98, 626
6580, 1943.98, 635
6589, 1943.03, 642
6597, 1943.03, 646
6605, 1943.03, 649
6613, 1942.09, 653
6622, 1942.09, 656
6630, 1942.09, 660
6638, 1941.14, 665
6648, 1941.14, 672
6657, 1941.14, 680
6665, 1941.14, 689
6674, 1941.14, 701
6683, 1940.20, 712
6692, 1940.20, 724
6700, 1940.20, 737
6708, 1940.20, 751
6718, 1939.25, 763
6726, 1939.25, 776
6735, 1939.25, 789
6743, 1938.30, 802
6752, 1938.30, 814
6761, 1938.30, 823
6770, 1938.30, 831
6778, 1937.36, 839
8797, 1935.47, 824
8805, 1935.47, 816
8814, 1936.41, 812
8822, 1936.41, 812
8831, 1936.41, 820
8841, 1936.41, 843
8849, 1936.41, 890
8859, 1935.47, 920
8869, 1935.47, 938
8877, 1934.52, 960
8886, 1934.52, 1001
8894, 1933.57, 1065
8902, 1932.63, 1115
8911, 1931.68, 1148
8919, 1931.68, 1171
8929, 1930.74, 1191
8938, 1929.79, 1220
8946, 1928.84, 1264
8955, 1927.90, 1321
8963, 1926.95, 1370
8971, 1926.01, 1399
8980, 1925.06, 1417
8988, 1925.06, 1429
8996, 1924.11, 1438
9005, 1924.11, 1445
9013, 1924.11, 1453
9021, 1923.17, 1465
9030, 1923.17, 1482
9038, 1922.22, 1504
9046, 1922.22, 1530
9055, 1921.28, 1559
9063, 1921.28, 1591
9071, 1920.33, 1625
9079, 1919.38, 1658
9088, 1918.44, 1677
9096, 1918.44, 1687
9104, 1918.44, 1693
9113, 1917.49, 1697
9122, 1917.49, 1699
9130, 1916.55, 1701
11149, 1915.60, 1724
11157, 1915.60, 1719
11167, 1915.60, 1717
11176, 1915.60, 1718
11184, 1915.60, 1726
11193, 1915.60, 1754
11201, 1914.65, 1817
11209, 1913.71, 1866
11219, 1913.71, 1894
11227, 1912.76, 1916
11236, 1912.76, 1951
11246, 1911.82, 2001
11254, 1910.87, 2083
11264, 1908.98, 2139
11273, 1908.03, 2168
11282, 1908.03, 2190
11291, 1907.09, 2205
11299, 1907.09, 2221
11308, 1906.14, 2245
11316, 1905.19, 2277
11324, 1905.19, 2318
11332, 1904.25, 2366
11341, 1903.30, 2415
11349, 1902.36, 2446
11357, 1902.36, 2465
11365, 1901.41, 2477
11374, 1900.46, 2485
11383, 1900.46, 2491
11392, 1900.46, 2494
11401, 1899.52, 2497
11410, 1899.52, 2500
11419, 1899.52, 2502
11427, 1899.52, 2505
11436, 1899.52, 2508
11444, 1899.52, 2511
11452, 1899.52, 2515
11462, 1899.52, 2520
11470, 1899.52, 2528
11480, 1899.52, 2535
11488, 1898.57, 2547
11498, 1898.57, 2557
11506, 1898.57, 2568
11514, 1898.57, 2579
11524, 1897.63, 2590
11532, 1897.63, 2601
11540, 1897.63, 2611
11549, 1897.63, 2622
11558, 1897.63, 2632
11567, 1897.63, 2643
11577, 1896.68, 2653
13596, 1895.73, 2661
13604, 1895.73, 2655
13613, 1895.73, 2652
13622, 1895.73, 2654
13630, 1895.73, 2664
13639, 1895.73, 2707
13648, 1895.73, 2782
13658, 1894.79, 2824
13667, 1893.84, 2856
13677, 1893.84, 2890
13685, 1892.90, 2954
13695, 1891.95, 3035
13703, 1891.00, 3095
13713, 1890.06, 3131
13722, 1889.11, 3155
13731, 1888.17, 3178
13740, 1887.22, 3211
13748, 1886.28, 3262
13758, 1885.33, 3321
13766, 1884.38, 3376
13775, 1883.44, 3408
13783, 1882.49, 3426
13791, 1881.55, 3438
13799, 1881.55, 3448
13809, 1881.55, 3454
13817, 1880.60, 3459
13826, 1880.60, 3464
13835, 1880.60, 3470
13843, 1880.60, 3477
13852, 1879.65, 3487
13860, 1879.65, 3500
13868, 1879.65, 3515
13877, 1879.65, 3530
13885, 1878.71, 3548
13894, 1878.71, 3568
13903, 1877.76, 3587
13911, 1877.76, 3606
13920, 1877.76, 3624
13929, 1876.82, 3642
13938, 1876.82, 3659
13946, 1875.87, 3673
15965, 1872.09, 3676
15974, 1872.09, 3671
15983, 1873.03, 3668
15992, 1873.03, 3668
16001, 1873.03, 3676
16011, 1873.98, 3697
16020, 1873.03, 3757
16030, 1873.03, 3801
16040, 1872.09, 3827
16049, 1872.09, 3848
16057, 1871.14, 3882
16065, 1871.14, 3933
16074, 1870.19, 4001
16082, 1869.25, 4054
16092, 1868.30, 4082
16100, 1867.36, 4103
16109, 1866.41, 4121
16117, 1866.41, 4147
16127, 1865.46, 4180
16135, 1864.52, 4220
16144, 1863.57, 4274
16153, 1862.63, 4319
16162, 1861.68, 4345
16170, 1860.73, 4363
16180, 1859.79, 4372
16189, 1859.79, 4380
16198, 1859.79, 4384
16207, 1858.84, 4389
16216, 1858.84, 4393
16225, 1858.84, 4397
16233, 1858.84, 4401
16241, 1858.84, 4407
16250, 1857.90, 4414
16258, 1857.90, 4422
16266, 1857.90, 4431
16274, 1857.90, 4442
16283, 1856.95, 4453
16292, 1856.95, 4465
16301, 1856.95, 4477
16309, 1856.95, 4487
16317, 1856.95, 4498
16326, 1856.00, 4508
16334, 1856.00, 4518
16343, 1856.00, 4528
16351, 1856.00, 4536
16359, 1855.06, 4545
18378, 1854.11, 4546
18388, 1854.11, 4543
18396, 1854.11, 4542
18406, 1854.11, 4546
18414, 1854.11, 4562
18423, 1853.17, 4617
18431, 1852.22, 4677
18440, 1852.22, 4712
18448, 1851.27, 4730
18456, 1851.27, 4732
18465, 1851.27, 4718
18473, 1851.27, 4706
18481, 1851.27, 4694
18490, 1851.27, 4670
18498, 1851.27, 4618
18507, 1852.22, 4563
18515, 1852.22, 4520
18524, 1853.17, 4479
18534, 1854.11, 4417
18543, 1856.00, 4333
18553, 1856.95, 4285
18561, 1857.90, 4252
18570, 1858.84, 4216
18578, 1859.79, 4168
18587, 1860.73, 4105
18595, 1862.63, 4042
18604, 1863.57, 4004
18612, 1864.52, 3978
18620, 1864.52, 3959
18629, 1865.46, 3940
18638, 1866.41, 3915
18646, 1867.36, 3886
18654, 1868.30, 3849
18663, 1869.25, 3803
18673, 1870.19, 3758
18681, 1871.14, 3716
18689, 1871.14, 3691
18698, 1872.09, 3673
18707, 1872.09, 3665
18716, 1873.03, 3658
18725, 1873.03, 3654
18734, 1873.98, 3652
18743, 1873.98, 3650
18751, 1873.98, 3648
18760, 1873.98, 3647
18768, 1873.98, 3645
18777, 1874.92, 3644
18787, 1874.92, 3642
18796, 1874.92, 3640
18804, 1874.92, 3639
18813, 1874.92, 3637
18821, 1874.92, 3635
18830, 1874.92, 3633
18839, 1874.92, 3631
18848, 1874.92, 3628
18857, 1874.92, 3625
18866, 1874.92, 3622
18875, 1874.92, 3619
18884, 1874.92, 3616
18892, 1874.92, 3613
18901, 1875.87, 3608
20919, 1876.82, 3521
20927, 1876.82, 3516
20937, 1876.82, 3513
20945, 1876.82, 3515
20954, 1876.82, 3521
20962, 1876.82, 3535
20970, 1876.82, 3559
20979, 1876.82, 3580
20987, 1876.82, 3592
20995, 1876.82, 3594
21004, 1876.82, 3590
21012, 1876.82, 3572
21021, 1876.82, 3554
21029, 1877.76, 3542
21038, 1877.76, 3529
21046, 1877.76, 3504
21056, 1877.76, 3445
21066, 1878.71, 3366
21075, 1879.65, 3321
21084, 1880.60, 3289
21093, 1881.55, 3260
21101, 1882.49, 3219
21110, 1883.44, 3153
21119, 1884.38, 3081
21128, 1885.33, 3028
21136, 1886.28, 2996
21144, 1886.28, 2975
21153, 1887.22, 2959
21161, 1888.17, 2945
21170, 1888.17, 2926
21178, 1889.11, 2901
21186, 1890.06, 2871
21194, 1890.06, 2838
21203, 1891.00, 2801
21211, 1891.95, 2756
21221, 1892.90, 2710
21229, 1892.90, 2668
21239, 1893.84, 2645
21247, 1893.84, 2631
21256, 1894.79, 2624
21265, 1894.79, 2620
21273, 1894.79, 2618
21283, 1895.73, 2617
21291, 1895.73, 2616
21301, 1895.73, 2614
21309, 1895.73, 2614
21318, 1896.68, 2613
23337, 1899.52, 2573
23345, 1899.52, 2569
23353, 1898.57, 2566
23361, 1898.57, 2565
23370, 1898.57, 2569
23378, 1898.57, 2577
23386, 1897.63, 2592
23394, 1897.63, 2623
23403, 1897.63, 2649
23411, 1896.68, 2662
23419, 1896.68, 2666
23427, 1896.68, 2662
23436, 1896.68, 2643
23444, 1896.68, 2618
23452, 1896.68, 2602
23461, 1896.68, 2588
23469, 1896.68, 2567
23477, 1896.68, 2523
23485, 1897.63, 2448
23494, 1898.57, 2388
23502, 1899.52, 2351
23510, 1900.46, 2323
23518, 1901.41, 2290
23527, 1901.41, 2246
23535, 1902.36, 2183
23543, 1903.30, 2114
23551, 1905.19, 2069
23560, 1906.14, 2040
23568, 1906.14, 2020
23576, 1907.09, 2005
23584, 1908.03, 1988
23593, 1908.03, 1967
23601, 1908.98, 1942
23610, 1908.98, 1910
23618, 1909.92, 1873
23626, 1910.87, 1829
23636, 1911.82, 1788
23644, 1912.76, 1749
23654, 1913.71, 1728
23664, 1913.71, 1716
23673, 1914.65, 1709
23683, 1914.65, 1706
23691, 1914.65, 1703
23701, 1914.65, 1702
23709, 1914.65, 1701
23718, 1914.65, 1700
23726, 1915.60, 1699
23735, 1915.60, 1699
23743, 1915.60, 1698
23753, 1915.60, 1697
23761, 1915.60, 1695
23770, 1915.60, 1695
23778, 1916.55, 1694
25797, 1917.49, 1639
25806, 1917.49, 1631
25815, 1917.49, 1628
25824, 1917.49, 1628
25832, 1917.49, 1634
25841, 1917.49, 1651
25851, 1917.49, 1688
25860, 1916.55, 1713
25870, 1916.55, 1722
25879, 1916.55, 1722
25888, 1916.55, 1703
25898, 1916.55, 1678
25906, 1916.55, 1659
25915, 1916.55, 1642
25923, 1917.49, 1611
25932, 1918.44, 1558
25940, 1919.38, 1481
25950, 1920.33, 1440
25958, 1920.33, 1411
25967, 1921.28, 1381
25976, 1922.22, 1341
25985, 1923.17, 1279
25994, 1924.11, 1216
26003, 1925.06, 1170
26013, 1926.01, 1145
26021, 1926.95, 1128
26029, 1926.95, 1112
26038, 1927.90, 1092
26046, 1928.84, 1068
26055, 1928.84, 1039
26063, 1929.79, 1004
26072, 1930.74, 960
26081, 1931.68, 920
26090, 1932.63, 892
26100, 1933.57, 877
26108, 1933.57, 868
26118, 1934.52, 862
26128, 1934.52, 859
26136, 1934.52, 857
26145, 1935.47, 855
26153, 1935.47, 853
26161, 1935.47, 852
26170, 1935.47, 850
26178, 1935.47, 849
26186, 1935.47, 847
26195, 1936.41, 844
26203, 1936.41, 842
26211, 1936.41, 840
26220, 1936.41, 836
26229, 1936.41, 834
26238, 1936.41, 831
26247, 1936.41, 828
26255, 1936.41, 825
26263, 1936.41, 822
26272, 1936.41, 819
26281, 1937.36, 816
