4879, 2078, 3, 2078
4887, 2077, 3, 2077
4895, 2077, 2, 2078
4903, 2077, -8, 2077
4912, 2077, -17, 2076
4920, 2076, -49, 2074
4929, 2075, -93, 2073
4937, 2073, -148, 2069
4946, 2071, -235, 2067
4954, 2069, -300, 2065
4962, 2066, -404, 2060
4971, 2064, -488, 2061
4979, 2061, -585, 2056
4987, 2059, -691, 2055
4996, 2056, -775, 2051
5004, 2054, -896, 2047
5013, 2051, -986, 2048
5021, 2048, -1111, 2039
5029, 2045, -1220, 2040
5038, 2041, -1324, 2035
5046, 2039, -1455, 2033
5054, 2035, -1556, 2031
5063, 2033, -1695, 2027
5071, 2030, -1805, 2026
5080, 2027, -1931, 2020
5088, 2024, -2057, 2019
5096, 2021, -2171, 2016
5105, 2018, -2315, 2013
5113, 2015, -2424, 2011
5121, 2012, -2575, 2005
5130, 2010, -2696, 2006
5138, 2007, -2827, 2001
5147, 2004, -2967, 1999
5155, 2001, -3079, 1996
5163, 1998, -3234, 1992
5172, 1995, -3346, 1991
5180, 1992, -3482, 1984
5188, 1989, -3610, 1986
5197, 1987, -3724, 1982
5205, 1984, -3869, 1978
5214, 1981, -3974, 1977
5222, 1978, -4113, 1970
5231, 1975, -4218, 1970
5239, 1972, -4335, 1965
5247, 1969, -4470, 1964
5257, 1965, -4574, 1960
5265, 1963, -4707, 1956
5274, 1960, -4800, 1956
5282, 1957, -4924, 1949
5290, 1954, -5024, 1949
5299, 1950, -5132, 1944
5307, 1948, -5245, 1942
5315, 1945, -5336, 1942
5324, 1942, -5461, 1935
5333, 1939, -5557, 1935
5342, 1936, -5676, 1930
5350, 1934, -5770, 1930
5359, 1931, -5871, 1925
5368, 1928, -5976, 1923
5376, 1925, -6059, 1920
5384, 1922, -6168, 1916
5393, 1919, -6259, 1914
5402, 1916, -6363, 1908
5410, 1913, -6449, 1908
5419, 1909, -6550, 1902
5428, 1906, -6643, 1901
5437, 1903, -6743, 1897
5447, 1900, -6836, 1894
5455, 1897, -6912, 1892
5464, 1894, -7019, 1888
5473, 1891, -7101, 1887
5482, 1888, -7197, 1879
5490, 1885, -7275, 1879
5498, 1881, -7358, 1876
5507, 1879, -7442, 1875
5515, 1876, -7516, 1871
5524, 1873, -7615, 1867
5533, 1871, -7680, 1866
5541, 1867, -7772, 1860
5549, 1864, -7851, 1858
5558, 1861, -7926, 1855
5566, 1858, -8015, 1852
5575, 1855, -8085, 1851
5584, 1851, -8171, 1846
5592, 1848, -8235, 1845
5600, 1844, -8320, 1840
5609, 1837, -8396, 1840
5617, 1839, -8474, 1836
5627, 1837, -8564, 1834
5636, 1833, -8639, 1829
5645, 1830, -8721, 1825
5654, 1826, -8784, 1823
5662, 1822, -8871, 1817
5671, 1814, -8934, 1818
5679, 1816, -9008, 1812
5688, 1807, -9085, 1812
5696, 1810, -9149, 1808
5704, 1808, -9226, 1805
5713, 1805, -9284, 1804
5721, 1802, -9366, 1798
5730, 1799, -9432, 1796
5738, 1795, -9512, 1793
5748, 1792, -9593, 1791
5757, 1788, -9660, 1786
5766, 1785, -9731, 1783
5774, 1782, -9788, 1780
5783, 1779, -9870, 1776
5791, 1776, -9930, 1775
5799, 1772, -9997, 1770
5808, 1769, -10064, 1769
5816, 1766, -10125, 1767
5824, 1763, -10199, 1762
5833, 1760, -10255, 1760
5841, 1756, -10330, 1756
5850, 1754, -10395, 1755
5858, 1750, -10465, 1750
5868, 1747, -10537, 1748
5878, 1744, -10607, 1743
5887, 1740, -10680, 1741
5895, 1737, -10733, 1738
5903, 1733, -10802, 1733
5912, 1724, -10858, 1733
5920, 1727, -10929, 1728
5929, 1724, -10988, 1726
5937, 1721, -11055, 1722
5947, 1717, -11126, 1720
5956, 1714, -11188, 1717
5964, 1711, -11259, 1713
5973, 1708, -11309, 1710
5981, 1705, -11382, 1705
5990, 1695, -11444, 1706
5998, 1697, -11507, 1700
6007, 1694, -11571, 1698
6016, 1691, -11628, 1695
6024, 1689, -11703, 1691
6033, 1679, -11755, 1691
6041, 1683, -11808, 1687
6050, 1679, -11869, 1685
6058, 1677, -11918, 1683
6068, 1675, -11966, 1682
6076, 1672, -12022, 1677
6085, 1663, -12059, 1677
6094, 1669, -12084, 1676
6103, 1666, -12111, 1673
6113, 1663, -12153, 1671
6122, 1656, -12202, 1671
6130, 1661, -12231, 1669
6139, 1653, -12255, 1671
6147, 1652, -12270, 1671
6155, 1659, -12282, 1669
6165, 1658, -12292, 1668
6173, 1651, -12306, 1668
6182, 1657, -12320, 1667
6190, 1656, -12336, 1664
6198, 1648, -12357, 1664
6206, 1654, -12372, 1662
6215, 1646, -12381, 1663
6223, 1645, -12386, 1663
6232, 1645, -12390, 1663
6240, 1650, -12392, 1662
6249, 1644, -12393, 1663
8267, 1644, -12398, 1663
8275, 1650, -12398, 1662
8284, 1650, -12407, 1661
8293, 1649, -12461, 1658
8302, 1647, -12512, 1654
8311, 1645, -12575, 1650
8321, 1642, -12621, 1649
8329, 1637, -12690, 1643
8337, 1634, -12751, 1642
8346, 1631, -12806, 1637
8354, 1628, -12872, 1634
8363, 1623, -12929, 1633
8371, 1621, -13001, 1629
8379, 1618, -13054, 1628
8388, 1615, -13120, 1621
8397, 1605, -13191, 1621
8406, 1608, -13258, 1616
8415, 1605, -13326, 1614
8425, 1601, -13382, 1609
8433, 1598, -13458, 1606
8442, 1593, -13514, 1604
8450, 1590, -13579, 1599
8458, 1587, -13634, 1597
8467, 1583, -13707, 1593
8476, 1575, -13776, 1593
8484, 1577, -13830, 1590
8493, 1574, -13902, 1585
8501, 1571, -13961, 1583
8510, 1568, -14034, 1578
8518, 1565, -14090, 1577
8527, 1561, -14164, 1572
8537, 1558, -14233, 1571
8545, 1554, -14294, 1566
8554, 1551, -14359, 1563
8562, 1547, -14409, 1561
8570, 1544, -14488, 1556
8578, 1534, -14550, 1556
8587, 1538, -14613, 1551
8595, 1535, -14682, 1549
8604, 1531, -14747, 1546
8613, 1528, -14818, 1541
8621, 1525, -14870, 1540
8629, 1522, -14951, 1534
8638, 1517, -15021, 1533
8647, 1514, -15086, 1529
8655, 1511, -15149, 1527
8664, 1508, -15206, 1524
8672, 1504, -15286, 1520
8680, 1501, -15344, 1517
8689, 1498, -15416, 1512
8697, 1494, -15491, 1511
8707, 1490, -15563, 1507
8715, 1487, -15637, 1504
8725, 1484, -15703, 1502
8733, 1480, -15790, 1498
8742, 1477, -15852, 1496
8751, 1474, -15938, 1491
8760, 1471, -16003, 1490
8769, 1468, -16077, 1485
8777, 1457, -16141, 1485
8786, 1461, -16187, 1482
8794, 1459, -16240, 1479
8803, 1456, -16313, 1477
8811, 1453, -16360, 1476
8820, 1445, -16395, 1476
8829, 1450, -16428, 1474
8837, 1448, -16473, 1469
8846, 1440, -16520, 1470
8855, 1439, -16547, 1471
8863, 1444, -16565, 1469
8872, 1443, -16583, 1468
8880, 1436, -16609, 1468
8889, 1442, -16633, 1467
8897, 1440, -16660, 1464
8906, 1438, -16690, 1462
8914, 1430, -16716, 1462
8923, 1429, -16731, 1462
8931, 1428, -16741, 1462
8940, 1428, -16746, 1462
8948, 1428, -16749, 1464
8957, 1435, -16751, 1462
8965, 1435, -16752, 1461
8973, 1428, -16754, 1461
8982, 1428, -16755, 1462
8990, 1427, -16756, 1462
11008, 1427, -16759, 1463
11017, 1435, -16759, 1462
11026, 1434, -16777, 1460
11035, 1433, -16840, 1456
11043, 1432, -16892, 1454
11052, 1429, -16969, 1448
11061, 1425, -17035, 1447
11069, 1421, -17111, 1441
11078, 1411, -17180, 1443
11086, 1415, -17245, 1438
11094, 1413, -17337, 1436
11103, 1409, -17406, 1433
11112, 1406, -17503, 1427
11121, 1402, -17579, 1425
11129, 1398, -17661, 1420
11138, 1388, -17743, 1420
11147, 1391, -17837, 1415
11156, 1388, -17924, 1412
11165, 1385, -18000, 1409
11174, 1381, -18099, 1407
11182, 1378, -18169, 1405
11190, 1375, -18264, 1399
11199, 1372, -18350, 1398
11207, 1369, -18430, 1393
11216, 1365, -18530, 1392
11224, 1362, -18608, 1389
11233, 1359, -18715, 1384
11241, 1356, -18799, 1383
11250, 1351, -18911, 1376
11260, 1341, -18994, 1376
11268, 1345, -19087, 1371
11277, 1334, -19183, 1371
11285, 1338, -19261, 1367
11293, 1335, -19371, 1364
11302, 1333, -19455, 1362
11311, 1329, -19562, 1355
11320, 1326, -19647, 1354
11329, 1323, -19735, 1350
11337, 1319, -19829, 1349
11346, 1315, -19910, 1345
11355, 1313, -20011, 1342
11363, 1310, -20091, 1340
11372, 1307, -20189, 1334
11381, 1296, -20262, 1335
11389, 1300, -20348, 1329
11398, 1297, -20434, 1327
11407, 1293, -20506, 1324
11415, 1291, -20600, 1321
11424, 1286, -20670, 1318
11433, 1283, -20760, 1313
11441, 1280, -20828, 1312
11450, 1277, -20927, 1306
11460, 1266, -20996, 1306
11468, 1270, -21071, 1301
11477, 1266, -21158, 1299
11486, 1263, -21225, 1296
11494, 1261, -21305, 1293
11503, 1258, -21366, 1292
11511, 1255, -21450, 1285
11520, 1243, -21512, 1285
11529, 1249, -21567, 1283
11537, 1245, -21635, 1278
11546, 1234, -21690, 1278
11555, 1241, -21729, 1277
11564, 1239, -21774, 1275
11573, 1237, -21828, 1272
11582, 1226, -21866, 1272
11590, 1234, -21890, 1271
11598, 1224, -21912, 1271
11607, 1232, -21940, 1269
11615, 1229, -21974, 1266
11624, 1228, -22014, 1265
11632, 1227, -22041, 1264
11641, 1217, -22057, 1264
11650, 1216, -22069, 1264
11660, 1216, -22076, 1265
11668, 1224, -22082, 1263
11676, 1223, -22090, 1262
11685, 1215, -22104, 1262
11693, 1214, -22120, 1262
11702, 1222, -22135, 1261
11710, 1221, -22149, 1260
11719, 1220, -22170, 1258
11727, 1219, -22194, 1257
11735, 1209, -22208, 1258
11744, 1218, -22218, 1257
11753, 1208, -22224, 1258
11762, 1208, -22228, 1258
11772, 1217, -22231, 1257
11781, 1217, -22233, 1256
11789, 1208, -22234, 1257
11798, 1208, -22236, 1257
11806, 1208, -22237, 1258
11815, 1217, -22239, 1257
11824, 1217, -22242, 1256
11833, 1208, -22247, 1257
11841, 1216, -22254, 1256
11849, 1207, -22261, 1257
11858, 1216, -22269, 1256
11866, 1216, -22279, 1254
11875, 1215, -22290, 1253
11883, 1205, -22302, 1253
11891, 1213, -22316, 1252
11900, 1212, -22331, 1251
11909, 1203, -22345, 1251
11918, 1202, -22358, 1251
11926, 1202, -22369, 1251
11934, 1202, -22376, 1251
11943, 1209, -22380, 1250
11951, 1201, -22383, 1250
11960, 1201, -22384, 1251
11969, 1209, -22384, 1250
11978, 1201, -22383, 1250
11986, 1201, -22381, 1250
11995, 1201, -22378, 1250
12003, 1201, -22372, 1250
12012, 1201, -22361, 1252
12021, 1202, -22346, 1253
12030, 1203, -22325, 1255
12038, 1212, -22310, 1254
12047, 1204, -22301, 1255
12055, 1205, -22296, 1255
12064, 1214, -22292, 1254
12073, 1205, -22290, 1254
12082, 1205, -22288, 1256
12091, 1214, -22286, 1255
12100, 1205, -22284, 1255
12110, 1206, -22281, 1255
12119, 1206, -22277, 1255
12128, 1206, -22272, 1255
12136, 1206, -22266, 1257
12145, 1206, -22259, 1257
12153, 1207, -22252, 1257
12161, 1207, -22243, 1257
12170, 1208, -22234, 1259
12178, 1208, -22225, 1259
12186, 1218, -22216, 1258
12195, 1209, -22206, 1259
12203, 1210, -22191, 1260
12212, 1210, -22178, 1262
12221, 1211, -22169, 1262
14240, 1213, -22148, 1262
14248, 1221, -22148, 1260
14257, 1213, -22153, 1260
14266, 1220, -22189, 1258
14274, 1219, -22221, 1256
14283, 1217, -22276, 1251
14291, 1215, -22326, 1250
14300, 1211, -22384, 1244
14309, 1207, -22447, 1243
14317, 1204, -22501, 1240
14326, 1201, -22571, 1236
14335, 1198, -22631, 1234
14344, 1195, -22701, 1229
14353, 1191, -22753, 1227
14361, 1187, -22815, 1222
14370, 1176, -22872, 1222
14378, 1181, -22927, 1219
14387, 1179, -22992, 1216
14396, 1176, -23046, 1211
14405, 1173, -23113, 1208
14414, 1169, -23170, 1207
14423, 1165, -23233, 1201
14432, 1154, -23290, 1201
14442, 1159, -23353, 1193
14450, 1147, -23406, 1194
14459, 1152, -23458, 1189
14467, 1149, -23517, 1187
14476, 1146, -23565, 1185
14484, 1144, -23625, 1180
14493, 1132, -23674, 1180
14502, 1137, -23734, 1174
14510, 1134, -23782, 1172
14519, 1131, -23831, 1169
14527, 1128, -23888, 1167
14536, 1125, -23931, 1164
14544, 1122, -23997, 1160
14554, 1119, -24047, 1158
14564, 1116, -24114, 1151
14573, 1103, -24158, 1151
14582, 1109, -24214, 1146
14590, 1097, -24263, 1146
14599, 1103, -24307, 1142
14607, 1100, -24364, 1139
14616, 1097, -24411, 1136
14625, 1095, -24469, 1132
14634, 1091, -24518, 1130
14643, 1088, -24581, 1125
14653, 1075, -24624, 1125
14661, 1081, -24679, 1119
14671, 1078, -24727, 1117
14679, 1074, -24773, 1113
14687, 1072, -24827, 1111
14696, 1068, -24867, 1108
14704, 1065, -24923, 1105
14713, 1063, -24964, 1104
14721, 1060, -25016, 1097
14730, 1048, -25063, 1098
14739, 1054, -25109, 1093
14747, 1051, -25162, 1090
14756, 1048, -25203, 1088
14765, 1045, -25261, 1084
14773, 1042, -25305, 1082
14782, 1039, -25359, 1077
14791, 1036, -25403, 1076
14799, 1032, -25441, 1074
14807, 1029, -25492, 1070
14816, 1018, -25530, 1070
14824, 1025, -25557, 1068
14833, 1015, -25593, 1068
14843, 1021, -25633, 1063
14851, 1011, -25659, 1064
14860, 1019, -25675, 1063
14868, 1018, -25692, 1062
14877, 1016, -25717, 1059
14885, 1014, -25754, 1056
14895, 1004, -25777, 1057
14903, 1003, -25791, 1057
14912, 1011, -25800, 1056
14920, 1010, -25807, 1055
14929, 1001, -25821, 1055
14938, 1009, -25837, 1053
14947, 1008, -25855, 1051
14956, 1006, -25881, 1050
14965, 996, -25900, 1050
14974, 1004, -25910, 1049
14984, 995, -25915, 1050
14993, 1003, -25919, 1049
15002, 994, -25921, 1050
17020, 1003, -25926, 1049
17028, 994, -25926, 1049
17037, 1003, -25934, 1048
17045, 1001, -25967, 1043
17054, 1000, -25996, 1042
17062, 997, -26043, 1036
17071, 986, -26084, 1036
17079, 991, -26128, 1032
17088, 989, -26181, 1029
17096, 985, -26221, 1026
17105, 983, -26277, 1023
17113, 980, -26318, 1021
17122, 976, -26373, 1015
17131, 964, -26424, 1016
17141, 971, -26480, 1010
17150, 968, -26532, 1009
17159, 964, -26579, 1004
17168, 962, -26633, 1001
17176, 958, -26676, 999
17185, 955, -26737, 996
17195, 952, -26779, 993
17203, 949, -26833, 989
17211, 937, -26877, 989
17220, 944, -26930, 983
17229, 931, -26979, 984
17238, 939, -27025, 980
17246, 936, -27082, 976
17255, 933, -27122, 974
17264, 930, -27181, 969
17273, 927, -27221, 968
17282, 923, -27277, 961
17291, 910, -27328, 962
17300, 917, -27381, 955
17309, 904, -27431, 956
17317, 911, -27472, 951
17325, 908, -27530, 950
17334, 905, -27573, 947
17342, 903, -27631, 942
17351, 891, -27676, 942
17359, 897, -27725, 937
17368, 894, -27783, 936
17377, 892, -27832, 933
17386, 889, -27895, 929
17395, 886, -27944, 926
17405, 883, -28003, 922
17413, 880, -28048, 920
17422, 876, -28105, 914
17430, 864, -28155, 915
17438, 870, -28199, 911
17447, 867, -28257, 908
17455, 865, -28302, 906
17463, 863, -28363, 902
17472, 850, -28415, 902
17481, 857, -28470, 895
17490, 845, -28521, 895
17498, 852, -28573, 892
17506, 849, -28635, 887
17515, 836, -28682, 888
17524, 844, -28741, 883
17532, 841, -28791, 881
17541, 837, -28850, 875
17549, 835, -28912, 874
17559, 831, -28961, 870
17567, 828, -29022, 868
17575, 826, -29072, 865
17584, 824, -29145, 863
17594, 821, -29200, 860
17604, 818, -29264, 856
17613, 815, -29321, 854
17623, 813, -29364, 853
17631, 810, -29419, 848
17639, 797, -29461, 850
17648, 806, -29490, 847
17656, 804, -29515, 846
17665, 802, -29560, 842
17675, 790, -29607, 842
17684, 788, -29634, 842
17693, 798, -29652, 841
17702, 787, -29666, 841
17711, 787, -29685, 842
17721, 797, -29701, 839
17729, 796, -29720, 838
17738, 795, -29749, 835
17746, 784, -29769, 836
17755, 792, -29781, 835
17764, 782, -29789, 836
17772, 781, -29795, 836
17781, 781, -29798, 836
17789, 791, -29801, 835
17798, 781, -29803, 836
17806, 791, -29810, 835
17815, 791, -29817, 834
17824, 790, -29833, 832
17833, 789, -29860, 831
17841, 788, -29896, 828
17851, 776, -29920, 829
17859, 775, -29934, 829
17867, 775, -29943, 829
17876, 774, -29948, 829
17884, 775, -29951, 829
17893, 775, -29954, 829
17902, 784, -29956, 828
17911, 774, -29957, 829
17920, 774, -29957, 829
17929, 774, -29959, 829
17937, 774, -29961, 829
17946, 775, -29962, 829
17954, 784, -29965, 828
17963, 774, -29969, 829
17972, 784, -29974, 828
17980, 774, -29981, 828
17988, 784, -29989, 827
17997, 783, -29999, 825
18005, 772, -30011, 826
18014, 782, -30025, 824
18024, 781, -30040, 823
18033, 780, -30056, 822
18042, 769, -30068, 823
18051, 778, -30074, 822
20070, 768, -30084, 822
20078, 768, -30084, 823
20087, 778, -30094, 821
20096, 776, -30150, 816
20105, 765, -30186, 816
20114, 764, -30193, 818
20122, 764, -30184, 819
20131, 764, -30144, 824
20139, 766, -30096, 825
20148, 769, -30049, 829
20157, 771, -29984, 831
20165, 774, -29931, 834
20173, 777, -29865, 838
20182, 780, -29811, 838
20190, 782, -29751, 843
20198, 785, -29683, 846
20206, 788, -29628, 847
20215, 790, -29554, 852
20224, 793, -29503, 854
20233, 796, -29424, 859
20242, 799, -29368, 860
20251, 803, -29307, 865
20259, 806, -29247, 867
20267, 809, -29191, 870
20276, 812, -29123, 874
20284, 815, -29073, 876
20292, 818, -29011, 880
20301, 821, -28954, 881
20309, 824, -28894, 885
20318, 826, -28832, 887
20326, 829, -28782, 890
20335, 832, -28712, 895
20344, 835, -28658, 897
20353, 839, -28596, 902
20361, 842, -28545, 902
20370, 845, -28492, 907
20378, 848, -28431, 909
20386, 851, -28378, 912
20395, 854, -28317, 916
20403, 857, -28269, 917
20412, 860, -28209, 923
20420, 863, -28153, 923
20429, 866, -28097, 927
20438, 869, -28040, 930
20446, 872, -27994, 933
20454, 875, -27926, 937
20464, 878, -27876, 939
20472, 881, -27816, 944
20481, 884, -27766, 946
20489, 888, -27715, 949
20498, 890, -27656, 951
20506, 892, -27609, 952
20514, 895, -27552, 959
20522, 898, -27507, 960
20530, 901, -27456, 964
20539, 904, -27401, 966
20547, 907, -27355, 969
20555, 910, -27297, 973
20564, 913, -27251, 975
20573, 916, -27187, 980
20582, 919, -27141, 981
20590, 923, -27090, 987
20599, 926, -27039, 988
20607, 929, -26996, 990
20615, 932, -26933, 994
20625, 935, -26886, 997
20633, 938, -26827, 1003
20642, 951, -26779, 1001
20651, 944, -26723, 1008
20660, 947, -26672, 1009
20668, 950, -26629, 1012
20677, 953, -26569, 1017
20686, 956, -26526, 1018
20695, 959, -26486, 1021
20703, 962, -26435, 1024
20712, 964, -26401, 1024
20720, 966, -26373, 1025
20728, 968, -26336, 1029
20737, 970, -26296, 1031
20745, 972, -26268, 1031
20755, 973, -26248, 1031
20764, 975, -26226, 1035
20773, 976, -26197, 1036
20782, 978, -26163, 1038
20790, 980, -26139, 1039
20800, 991, -26126, 1038
20808, 991, -26117, 1037
20817, 991, -26112, 1036
20825, 982, -26107, 1039
20835, 982, -26103, 1039
20843, 983, -26095, 1039
20853, 983, -26083, 1041
20861, 985, -26066, 1042
20870, 986, -26049, 1045
20878, 996, -26032, 1044
20887, 988, -26017, 1046
20895, 998, -26004, 1044
20905, 990, -25997, 1046
20914, 990, -25994, 1046
20922, 999, -25991, 1045
20931, 990, -25990, 1046
20939, 990, -25989, 1046
20947, 991, -25987, 1047
20956, 999, -25986, 1045
20965, 991, -25986, 1046
20975, 991, -25984, 1046
20983, 991, -25982, 1047
20993, 1000, -25979, 1046
21002, 991, -25975, 1046
21011, 991, -25971, 1047
21019, 991, -25966, 1047
21028, 991, -25961, 1047
21036, 992, -25956, 1048
21044, 992, -25952, 1048
21052, 992, -25948, 1048
21061, 993, -25944, 1049
21070, 993, -25940, 1049
21079, 993, -25937, 1049
21088, 993, -25934, 1049
21096, 994, -25932, 1050
23115, 994, -25928, 1050
23124, 1003, -25927, 1049
23134, 1003, -25932, 1048
23143, 1002, -25952, 1046
23151, 992, -25964, 1046
23160, 992, -25960, 1048
23168, 992, -25948, 1049
23176, 993, -25914, 1054
23185, 995, -25876, 1056
23194, 998, -25833, 1059
23203, 1001, -25779, 1064
23211, 1004, -25737, 1066
23219, 1008, -25680, 1072
23228, 1011, -25632, 1072
23237, 1015, -25576, 1077
23246, 1018, -25527, 1078
23254, 1021, -25479, 1082
23262, 1023, -25424, 1084
23271, 1027, -25380, 1088
23279, 1031, -25319, 1093
23288, 1034, -25273, 1093
23297, 1037, -25214, 1098
23306, 1040, -25163, 1100
23315, 1043, -25107, 1104
23324, 1046, -25051, 1107
23333, 1050, -25002, 1111
23342, 1053, -24942, 1115
23351, 1056, -24898, 1116
23359, 1060, -24840, 1121
23368, 1063, -24792, 1122
23376, 1066, -24742, 1128
23385, 1069, -24688, 1129
23393, 1072, -24638, 1132
23402, 1075, -24579, 1136
23411, 1078, -24529, 1137
23420, 1081, -24464, 1142
23430, 1084, -24417, 1144
23438, 1087, -24360, 1150
23447, 1092, -24309, 1152
23455, 1095, -24257, 1156
23464, 1099, -24200, 1158
23473, 1102, -24151, 1160
23481, 1105, -24090, 1166
23490, 1108, -24041, 1167
23498, 1111, -23981, 1172
23507, 1114, -23927, 1173
23516, 1119, -23874, 1180
23524, 1122, -23810, 1181
23534, 1126, -23757, 1184
23543, 1129, -23688, 1187
23552, 1132, -23636, 1190
23561, 1135, -23568, 1194
23570, 1138, -23515, 1197
23579, 1142, -23450, 1202
23587, 1146, -23399, 1203
23596, 1148, -23338, 1207
23605, 1152, -23272, 1210
23614, 1156, -23216, 1214
23623, 1159, -23148, 1217
23632, 1162, -23096, 1219
23640, 1166, -23027, 1225
23648, 1170, -22974, 1225
23657, 1173, -22921, 1229
23665, 1175, -22861, 1231
23674, 1178, -22819, 1233
23682, 1180, -22778, 1235
23690, 1183, -22725, 1239
23698, 1185, -22681, 1239
23707, 1187, -22648, 1239
23716, 1188, -22619, 1241
23724, 1190, -22582, 1243
23733, 1191, -22536, 1245
23742, 1193, -22504, 1246
23751, 1195, -22484, 1247
23761, 1196, -22464, 1247
23770, 1197, -22444, 1249
23778, 1198, -22420, 1249
23786, 1199, -22393, 1251
23795, 1201, -22361, 1255
23803, 1211, -22339, 1253
25821, 1203, -22301, 1253
25830, 1204, -22301, 1253
25838, 1204, -22305, 1254
25847, 1212, -22329, 1250
25855, 1203, -22345, 1251
25864, 1203, -22344, 1254
25872, 1212, -22328, 1253
25880, 1204, -22297, 1257
25889, 1206, -22242, 1262
25897, 1208, -22195, 1263
25905, 1211, -22128, 1268
25913, 1215, -22071, 1268
25922, 1219, -22002, 1274
25930, 1221, -21932, 1275
25939, 1224, -21870, 1278
25947, 1227, -21789, 1283
25956, 1231, -21724, 1283
25965, 1234, -21646, 1290
25973, 1238, -21582, 1291
25981, 1241, -21509, 1296
25990, 1244, -21431, 1297
25998, 1248, -21368, 1299
26006, 1251, -21281, 1305
26015, 1254, -21212, 1307
26024, 1257, -21126, 1311
26032, 1262, -21055, 1313
26040, 1266, -20979, 1319
26049, 1268, -20892, 1319
26057, 1271, -20823, 1322
26066, 1276, -20730, 1327
26074, 1279, -20655, 1328
26083, 1281, -20567, 1332
26091, 1284, -20483, 1335
26100, 1288, -20406, 1340
26108, 1291, -20313, 1341
26116, 1295, -20238, 1345
26124, 1299, -20141, 1350
26133, 1310, -20063, 1349
26141, 1304, -19975, 1354
26149, 1309, -19879, 1357
26158, 1312, -19799, 1360
26166, 1314, -19695, 1364
26174, 1318, -19611, 1365
26183, 1322, -19511, 1370
26191, 1325, -19414, 1373
26200, 1328, -19329, 1376
26208, 1331, -19222, 1380
26216, 1335, -19139, 1382
26224, 1339, -19038, 1385
26232, 1342, -18949, 1387
26241, 1345, -18859, 1391
26249, 1348, -18758, 1395
26258, 1351, -18670, 1397
26266, 1354, -18565, 1401
26274, 1358, -18486, 1404
26283, 1362, -18387, 1409
26291, 1372, -18296, 1408
26300, 1369, -18213, 1414
26308, 1372, -18111, 1416
26317, 1375, -18037, 1418
26325, 1378, -17938, 1424
26333, 1382, -17856, 1424
26342, 1385, -17773, 1430
26351, 1388, -17679, 1430
26359, 1391, -17614, 1433
26368, 1393, -17536, 1437
26377, 1398, -17465, 1440
26385, 1400, -17417, 1441
26394, 1403, -17362, 1441
26403, 1405, -17302, 1445
26412, 1406, -17246, 1447
26420, 1416, -17212, 1446
26429, 1410, -17190, 1447
26437, 1411, -17171, 1447
26445, 1412, -17147, 1448
26454, 1413, -17114, 1452
26462, 1414, -17071, 1452
26471, 1415, -17029, 1454
26479, 1417, -17000, 1455
26488, 1425, -16983, 1454
26498, 1418, -16972, 1454
26506, 1420, -16967, 1455
26515, 1420, -16962, 1455
26523, 1420, -16957, 1456
26532, 1428, -16951, 1455
26541, 1421, -16945, 1457
26549, 1428, -16939, 1455
26558, 1421, -16932, 1456
26566, 1428, -16926, 1455
26574, 1422, -16918, 1457
26583, 1422, -16911, 1458
26592, 1422, -16899, 1458
26601, 1423, -16885, 1460
26609, 1431, -16869, 1459
26618, 1425, -16851, 1460
26628, 1425, -16834, 1462
26636, 1433, -16810, 1461
26645, 1426, -16791, 1461
26654, 1427, -16774, 1463
28672, 1428, -16748, 1463
28680, 1428, -16748, 1463
28689, 1435, -16754, 1461
28698, 1435, -16785, 1460
28706, 1427, -16805, 1460
28715, 1427, -16799, 1461
28724, 1427, -16783, 1463
28733, 1428, -16740, 1468
28742, 1430, -16692, 1469
28750, 1432, -16634, 1473
28758, 1436, -16554, 1476
28767, 1439, -16494, 1478
28775, 1443, -16403, 1484
28784, 1446, -16334, 1484
28792, 1450, -16256, 1489
28801, 1453, -16183, 1491
28810, 1456, -16107, 1496
28819, 1459, -16017, 1497
28828, 1464, -15943, 1502
28838, 1467, -15852, 1506
28847, 1471, -15787, 1510
28855, 1475, -15712, 1514
28863, 1479, -15647, 1515
28871, 1482, -15559, 1519
28881, 1486, -15489, 1522
28889, 1490, -15417, 1526
28899, 1493, -15322, 1529
28909, 1496, -15253, 1532
28918, 1501, -15166, 1537
28928, 1504, -15102, 1540
28936, 1508, -15022, 1546
28944, 1513, -14964, 1546
28953, 1517, -14893, 1551
28961, 1519, -14819, 1551
28969, 1523, -14747, 1556
28979, 1527, -14677, 1561
28987, 1530, -14608, 1563
28997, 1533, -14527, 1568
29005, 1538, -14467, 1569
29014, 1542, -14396, 1575
29022, 1545, -14320, 1575
29031, 1549, -14244, 1580
29041, 1552, -14177, 1583
29050, 1556, -14117, 1588
29058, 1559, -14035, 1590
29066, 1562, -13976, 1591
29075, 1566, -13901, 1597
29084, 1569, -13829, 1598
29093, 1573, -13754, 1605
29102, 1577, -13687, 1606
29111, 1581, -13613, 1610
29121, 1584, -13535, 1613
29130, 1588, -13470, 1617
29139, 1592, -13401, 1620
29147, 1595, -13344, 1622
29156, 1599, -13264, 1629
29164, 1602, -13205, 1630
29172, 1605, -13150, 1632
29181, 1609, -13082, 1635
29189, 1612, -13033, 1637
29198, 1614, -12987, 1638
29206, 1617, -12934, 1643
29214, 1619, -12891, 1644
29222, 1622, -12863, 1644
29231, 1623, -12839, 1645
29239, 1625, -12806, 1647
29249, 1626, -12760, 1649
29257, 1628, -12713, 1650
29266, 1629, -12684, 1650
29274, 1636, -12666, 1649
29283, 1630, -12652, 1651
29291, 1631, -12640, 1653
29300, 1638, -12625, 1652
29309, 1632, -12610, 1654
29318, 1634, -12596, 1656
29327, 1635, -12576, 1658
29335, 1638, -12555, 1660
29344, 1645, -12539, 1657
29352, 1639, -12530, 1658
29361, 1640, -12525, 1658
29370, 1646, -12523, 1657
29379, 1639, -12520, 1658
29388, 1640, -12520, 1659
29396, 1646, -12519, 1658
29404, 1640, -12518, 1658
29412, 1640, -12517, 1659
29421, 1646, -12517, 1658
29430, 1640, -12515, 1659
29438, 1640, -12513, 1659
29446, 1646, -12509, 1658
29455, 1640, -12503, 1659
29463, 1641, -12496, 1660
29473, 1641, -12488, 1660
29483, 1641, -12479, 1660
29493, 1642, -12461, 1661
29501, 1648, -12449, 1660
29510, 1642, -12439, 1662
29518, 1643, -12430, 1662
29527, 1649, -12421, 1661
29536, 1643, -12414, 1661
29544, 1643, -12406, 1662
29553, 1643, -12399, 1663
29561, 1644, -12393, 1663
