4406, 2078, -2, 2078
4414, 2077, -2, 2077
4423, 2077, -6, 2078
4431, 2077, -21, 2077
4439, 2077, -37, 2079
4447, 2077, -72, 2074
4456, 2076, -115, 2074
4464, 2075, -161, 2071
4472, 2073, -239, 2068
4480, 2071, -297, 2069
4489, 2069, -386, 2063
4497, 2066, -462, 2063
4505, 2064, -544, 2059
4514, 2062, -638, 2056
4522, 2059, -716, 2055
4531, 2057, -824, 2053
4539, 2054, -906, 2050
4547, 2051, -1008, 2045
4556, 2049, -1111, 2045
4564, 2047, -1205, 2042
4572, 2044, -1326, 2038
4581, 2041, -1419, 2038
4589, 2038, -1544, 2031
4597, 2036, -1664, 2031
4606, 2032, -1797, 2025
4614, 2029, -1935, 2023
4623, 2026, -2045, 2020
4631, 2023, -2190, 2016
4639, 2020, -2303, 2016
4648, 2017, -2442, 2010
4656, 2014, -2569, 2010
4664, 2011, -2686, 2006
4672, 2008, -2837, 2001
4680, 2005, -2950, 2001
4689, 2002, -3096, 1996
4697, 1999, -3220, 1995
4705, 1996, -3342, 1991
4714, 1994, -3480, 1988
4722, 1991, -3587, 1987
4730, 1988, -3730, 1982
4738, 1985, -3840, 1981
4747, 1982, -3967, 1975
4755, 1979, -4089, 1974
4763, 1976, -4200, 1971
4772, 1973, -4341, 1967
4781, 1970, -4446, 1965
4789, 1967, -4574, 1962
4797, 1965, -4682, 1961
4805, 1962, -4791, 1956
4814, 1959, -4915, 1953
4822, 1956, -5013, 1951
4830, 1953, -5135, 1946
4839, 1950, -5233, 1945
4847, 1947, -5346, 1942
4856, 1944, -5451, 1939
4864, 1941, -5545, 1937
4872, 1939, -5656, 1934
4881, 1936, -5742, 1931
4889, 1933, -5857, 1926
4898, 1930, -5944, 1926
4906, 1927, -6038, 1921
4914, 1924, -6138, 1919
4923, 1921, -6222, 1916
4931, 1919, -6329, 1913
4939, 1916, -6409, 1912
4948, 1913, -6507, 1907
4956, 1910, -6596, 1906
4964, 1908, -6677, 1902
4972, 1904, -6777, 1897
4980, 1902, -6851, 1898
4989, 1899, -6947, 1892
4997, 1896, -7031, 1891
5005, 1892, -7115, 1885
5014, 1889, -7207, 1883
5022, 1886, -7282, 1882
5030, 1883, -7378, 1878
5039, 1880, -7450, 1876
5047, 1878, -7540, 1872
5056, 1875, -7622, 1871
5064, 1872, -7695, 1867
5073, 1870, -7786, 1864
5081, 1867, -7854, 1862
5089, 1864, -7941, 1856
5097, 1861, -8014, 1856
5106, 1853, -8091, 1851
5114, 1850, -8175, 1849
5122, 1848, -8239, 1848
5131, 1845, -8331, 1842
5139, 1837, -8398, 1842
5147, 1839, -8476, 1836
5155, 1830, -8551, 1836
5164, 1833, -8617, 1832
5172, 1831, -8700, 1829
5180, 1828, -8760, 1827
5188, 1824, -8840, 1822
5197, 1815, -8907, 1823
5205, 1819, -8973, 1819
5213, 1816, -9054, 1814
5221, 1813, -9116, 1813
5230, 1810, -9195, 1808
5238, 1800, -9255, 1808
5246, 1803, -9327, 1803
5255, 1800, -9403, 1800
5263, 1797, -9464, 1797
5272, 1794, -9541, 1795
5280, 1791, -9598, 1794
5288, 1788, -9673, 1788
5297, 1786, -9735, 1786
5305, 1782, -9797, 1783
5313, 1779, -9872, 1780
5321, 1776, -9930, 1778
5330, 1772, -10004, 1774
5339, 1770, -10067, 1772
5347, 1766, -10140, 1767
5356, 1763, -10206, 1766
5364, 1760, -10268, 1763
5373, 1756, -10342, 1758
5381, 1753, -10398, 1757
5389, 1750, -10471, 1753
5398, 1746, -10527, 1752
5406, 1743, -10592, 1748
5415, 1740, -10661, 1744
5424, 1737, -10718, 1741
5432, 1734, -10786, 1738
5440, 1730, -10839, 1736
5449, 1727, -10910, 1731
5458, 1717, -10966, 1732
5466, 1720, -11026, 1725
5475, 1711, -11094, 1725
5483, 1714, -11152, 1721
5492, 1712, -11226, 1718
5501, 1708, -11280, 1716
5509, 1705, -11352, 1712
5518, 1702, -11410, 1710
5527, 1699, -11481, 1705
5535, 1695, -11542, 1703
5544, 1692, -11598, 1700
5552, 1688, -11669, 1696
5561, 1680, -11719, 1696
5570, 1682, -11771, 1693
5578, 1680, -11828, 1691
5586, 1678, -11867, 1689
5595, 1676, -11899, 1688
5603, 1674, -11942, 1684
5612, 1670, -11995, 1682
5620, 1663, -12028, 1682
5629, 1667, -12048, 1681
5638, 1660, -12066, 1681
5646, 1665, -12089, 1680
5654, 1664, -12119, 1677
5663, 1663, -12155, 1676
5671, 1656, -12179, 1676
5680, 1659, -12193, 1675
5688, 1653, -12203, 1675
5696, 1658, -12210, 1674
5705, 1652, -12215, 1674
5713, 1652, -12222, 1675
5722, 1652, -12230, 1675
5731, 1652, -12238, 1675
5740, 1657, -12246, 1673
5748, 1652, -12257, 1673
5756, 1656, -12272, 1672
5765, 1655, -12289, 1671
5773, 1654, -12308, 1669
5782, 1653, -12326, 1668
5791, 1646, -12337, 1669
5799, 1652, -12343, 1668
5807, 1645, -12348, 1669
5816, 1645, -12351, 1669
5824, 1645, -12352, 1669
5833, 1645, -12352, 1669
5842, 1646, -12353, 1669
5850, 1651, -12354, 1668
5859, 1645, -12355, 1668
5868, 1645, -12355, 1669
5876, 1651, -12355, 1668
5885, 1645, -12358, 1669
5893, 1651, -12359, 1668
5902, 1645, -12359, 1668
5911, 1645, -12360, 1668
5919, 1645, -12360, 1668
5928, 1645, -12361, 1669
5937, 1651, -12362, 1668
5945, 1645, -12364, 1669
5954, 1645, -12366, 1669
5962, 1645, -12370, 1669
5971, 1651, -12373, 1668
5980, 1651, -12377, 1666
5988, 1645, -12383, 1668
5996, 1650, -12390, 1667
6004, 1650, -12396, 1666
6013, 1643, -12402, 1666
6021, 1648, -12410, 1665
6029, 1643, -12419, 1666
6038, 1647, -12428, 1664
8056, 1642, -12448, 1665
8064, 1646, -12448, 1664
8073, 1641, -12453, 1665
8081, 1645, -12490, 1659
8089, 1639, -12523, 1659
8097, 1642, -12574, 1653
8105, 1638, -12625, 1652
8114, 1635, -12672, 1648
8122, 1632, -12740, 1645
8130, 1628, -12789, 1644
8138, 1625, -12852, 1638
8146, 1622, -12908, 1637
8155, 1619, -12963, 1633
8163, 1615, -13030, 1631
8171, 1612, -13082, 1628
8179, 1609, -13151, 1623
8188, 1601, -13205, 1623
8196, 1602, -13267, 1617
8204, 1599, -13332, 1615
8212, 1596, -13385, 1614
8221, 1593, -13456, 1610
8229, 1586, -13511, 1610
8237, 1587, -13575, 1602
8245, 1579, -13636, 1602
8254, 1581, -13690, 1599
8262, 1577, -13761, 1594
8270, 1574, -13814, 1593
8278, 1571, -13881, 1588
8286, 1562, -13937, 1588
8295, 1564, -13994, 1583
8303, 1561, -14064, 1582
8311, 1559, -14117, 1579
8319, 1555, -14187, 1573
8327, 1547, -14244, 1574
8336, 1549, -14306, 1568
8344, 1545, -14372, 1566
8352, 1542, -14427, 1564
8360, 1539, -14499, 1559
8369, 1535, -14554, 1558
8377, 1532, -14619, 1553
8385, 1529, -14682, 1552
8393, 1525, -14739, 1548
8402, 1522, -14818, 1545
8411, 1519, -14875, 1544
8420, 1516, -14947, 1538
8428, 1508, -15003, 1539
8436, 1509, -15070, 1532
8445, 1506, -15139, 1531
8453, 1503, -15197, 1529
8462, 1500, -15276, 1525
8470, 1496, -15334, 1522
8478, 1493, -15409, 1516
8487, 1489, -15470, 1515
8495, 1486, -15534, 1512
8504, 1483, -15609, 1510
8513, 1478, -15673, 1506
8521, 1476, -15751, 1502
8530, 1469, -15810, 1502
8538, 1469, -15872, 1498
8546, 1466, -15939, 1496
8554, 1464, -15984, 1495
8563, 1462, -16031, 1492
8571, 1459, -16098, 1488
8580, 1454, -16144, 1488
8588, 1456, -16177, 1487
8596, 1453, -16210, 1486
8605, 1451, -16254, 1483
8613, 1450, -16302, 1481
8621, 1445, -16333, 1481
8630, 1444, -16353, 1481
8638, 1443, -16369, 1481
8647, 1444, -16387, 1479
8656, 1444, -16407, 1478
8664, 1443, -16435, 1477
8673, 1442, -16472, 1475
8681, 1438, -16504, 1475
8690, 1438, -16523, 1476
8699, 1439, -16534, 1474
8707, 1437, -16541, 1475
8715, 1438, -16546, 1473
8723, 1435, -16550, 1473
8732, 1434, -16553, 1474
8740, 1437, -16556, 1473
8748, 1434, -16560, 1474
8756, 1434, -16565, 1474
8765, 1437, -16570, 1473
8773, 1434, -16576, 1473
8781, 1437, -16584, 1471
8789, 1433, -16595, 1471
8798, 1432, -16607, 1471
8806, 1432, -16618, 1472
8814, 1434, -16628, 1471
8823, 1432, -16636, 1471
8831, 1433, -16646, 1468
8840, 1431, -16653, 1469
8848, 1430, -16661, 1469
10866, 1432, -16675, 1468
10874, 1429, -16675, 1469
10883, 1431, -16687, 1467
10892, 1430, -16741, 1462
10901, 1426, -16785, 1462
10910, 1426, -16860, 1456
10918, 1423, -16922, 1455
10926, 1418, -16993, 1449
10935, 1416, -17068, 1448
10943, 1412, -17135, 1446
10952, 1410, -17225, 1442
10960, 1405, -17288, 1438
10969, 1402, -17375, 1435
10977, 1398, -17447, 1435
10985, 1395, -17520, 1428
10993, 1392, -17608, 1427
11002, 1390, -17679, 1425
11011, 1387, -17772, 1420
11019, 1382, -17855, 1420
11029, 1380, -17948, 1413
11038, 1377, -18021, 1412
11046, 1373, -18105, 1408
11054, 1370, -18198, 1406
11063, 1366, -18275, 1403
11072, 1363, -18377, 1398
11080, 1360, -18455, 1397
11089, 1356, -18555, 1391
11098, 1351, -18637, 1391
11106, 1349, -18725, 1387
11115, 1347, -18818, 1385
11123, 1344, -18897, 1382
11131, 1341, -18996, 1378
11139, 1337, -19071, 1376
11148, 1334, -19170, 1370
11156, 1329, -19259, 1371
11164, 1328, -19340, 1367
11172, 1324, -19443, 1363
11181, 1321, -19527, 1362
11190, 1319, -19640, 1357
11199, 1313, -19721, 1357
11208, 1311, -19820, 1349
11217, 1308, -19907, 1347
11225, 1305, -19993, 1345
11234, 1302, -20087, 1343
11242, 1297, -20162, 1338
11251, 1294, -20257, 1334
11259, 1291, -20328, 1333
11267, 1288, -20416, 1328
11276, 1284, -20498, 1326
11285, 1281, -20576, 1324
11293, 1278, -20664, 1320
11302, 1275, -20736, 1317
11310, 1271, -20823, 1312
11319, 1266, -20896, 1312
11328, 1264, -20980, 1307
11336, 1261, -21052, 1306
11345, 1258, -21119, 1302
11353, 1256, -21203, 1299
11362, 1250, -21261, 1299
11370, 1250, -21322, 1294
11379, 1247, -21393, 1292
11387, 1243, -21437, 1292
11396, 1243, -21485, 1290
11405, 1240, -21550, 1286
11415, 1236, -21599, 1286
11424, 1236, -21631, 1285
11433, 1235, -21657, 1284
11441, 1233, -21694, 1282
11451, 1232, -21737, 1278
11459, 1227, -21771, 1278
11467, 1226, -21791, 1279
11476, 1228, -21804, 1278
11484, 1227, -21814, 1277
11492, 1223, -21826, 1277
11500, 1224, -21841, 1279
11509, 1226, -21858, 1277
11517, 1226, -21879, 1275
11525, 1225, -21906, 1272
11534, 1221, -21936, 1272
11542, 1222, -21954, 1271
11551, 1218, -21966, 1273
11559, 1220, -21973, 1271
11568, 1217, -21977, 1271
11577, 1217, -21980, 1271
11585, 1217, -21982, 1272
11594, 1220, -21983, 1270
11602, 1217, -21984, 1271
11611, 1217, -21985, 1271
11619, 1217, -21986, 1272
11628, 1217, -21987, 1272
11637, 1220, -21989, 1271
11647, 1217, -21991, 1271
11656, 1217, -21995, 1272
11665, 1220, -22000, 1270
11674, 1216, -22004, 1270
11682, 1216, -22011, 1270
11691, 1216, -22016, 1270
11699, 1218, -22020, 1269
11708, 1218, -22023, 1267
11716, 1215, -22027, 1269
11724, 1216, -22033, 1268
11732, 1214, -22037, 1269
13751, 1214, -22048, 1269
13759, 1216, -22047, 1268
13768, 1216, -22063, 1267
13777, 1215, -22114, 1263
13786, 1213, -22155, 1261
13794, 1210, -22218, 1254
13802, 1205, -22269, 1255
13811, 1204, -22330, 1250
13819, 1201, -22400, 1247
13828, 1197, -22454, 1243
13837, 1195, -22524, 1241
13845, 1190, -22579, 1237
13854, 1187, -22652, 1234
13863, 1184, -22712, 1233
13872, 1181, -22776, 1226
13881, 1174, -22834, 1227
13889, 1175, -22899, 1224
13898, 1173, -22960, 1220
13907, 1170, -23009, 1218
13915, 1167, -23073, 1214
13923, 1163, -23133, 1212
13933, 1160, -23192, 1207
13941, 1157, -23243, 1206
13949, 1154, -23299, 1201
13958, 1151, -23361, 1199
13967, 1148, -23412, 1197
13975, 1145, -23473, 1193
13984, 1142, -23520, 1192
13992, 1138, -23579, 1185
14001, 1135, -23631, 1184
14009, 1132, -23683, 1181
14017, 1129, -23741, 1178
14026, 1122, -23787, 1178
14035, 1123, -23848, 1171
14043, 1120, -23903, 1170
14053, 1117, -23962, 1164
14062, 1114, -24011, 1162
14071, 1110, -24064, 1159
14079, 1106, -24117, 1158
14088, 1103, -24162, 1154
14096, 1100, -24219, 1151
14104, 1098, -24261, 1148
14112, 1095, -24314, 1144
14121, 1092, -24361, 1143
14129, 1089, -24409, 1140
14138, 1086, -24465, 1137
14146, 1083, -24513, 1135
14156, 1080, -24571, 1129
14164, 1077, -24616, 1128
14174, 1073, -24677, 1123
14182, 1070, -24722, 1122
14191, 1066, -24778, 1116
14200, 1060, -24825, 1117
14209, 1061, -24868, 1112
14217, 1058, -24924, 1111
14225, 1055, -24966, 1107
14234, 1052, -25018, 1102
14242, 1044, -25065, 1102
14251, 1047, -25113, 1098
14260, 1043, -25167, 1095
14270, 1040, -25211, 1092
14278, 1038, -25261, 1088
14287, 1030, -25296, 1088
14295, 1031, -25335, 1085
14304, 1029, -25380, 1082
14313, 1026, -25409, 1081
14321, 1025, -25435, 1080
14329, 1023, -25469, 1077
14338, 1021, -25509, 1076
14346, 1019, -25534, 1075
14354, 1018, -25551, 1074
14362, 1016, -25566, 1072
14371, 1011, -25587, 1072
14379, 1014, -25611, 1069
14387, 1012, -25635, 1067
14395, 1006, -25651, 1068
14403, 1006, -25660, 1069
14412, 1010, -25667, 1067
14420, 1004, -25672, 1068
14429, 1005, -25677, 1068
14437, 1009, -25683, 1067
14445, 1004, -25690, 1067
14454, 1009, -25702, 1066
14462, 1003, -25719, 1066
14472, 1008, -25739, 1064
14481, 1007, -25761, 1062
14490, 1004, -25777, 1061
14499, 1000, -25786, 1062
14508, 1003, -25792, 1061
14517, 998, -25796, 1062
14526, 998, -25799, 1063
14535, 1002, -25800, 1061
14544, 998, -25800, 1062
14553, 1002, -25801, 1060
14561, 998, -25802, 1061
14570, 998, -25802, 1062
14578, 998, -25802, 1063
14587, 1002, -25803, 1061
14596, 998, -25803, 1061
14605, 998, -25804, 1062
14614, 1002, -25805, 1061
14622, 998, -25806, 1061
14630, 998, -25807, 1062
14639, 1002, -25809, 1061
14647, 998, -25810, 1062
14656, 1002, -25813, 1061
14664, 1002, -25815, 1060
14672, 997, -25819, 1060
16690, 1001, -25841, 1059
16699, 996, -25840, 1059
16707, 1000, -25846, 1058
16715, 998, -25878, 1053
16724, 997, -25905, 1052
16732, 994, -25949, 1045
16740, 988, -25993, 1047
16748, 988, -26032, 1041
16756, 986, -26085, 1040
16765, 983, -26123, 1037
16773, 980, -26176, 1033
16782, 973, -26221, 1033
16790, 975, -26267, 1027
16799, 972, -26316, 1026
16807, 968, -26358, 1022
16815, 965, -26412, 1019
16824, 962, -26453, 1018
16832, 959, -26504, 1012
16840, 953, -26549, 1014
16848, 954, -26591, 1009
16856, 951, -26645, 1005
16865, 948, -26685, 1004
16873, 945, -26741, 997
16882, 938, -26788, 999
16891, 939, -26838, 993
16899, 933, -26888, 993
16908, 934, -26927, 989
16916, 932, -26983, 986
16924, 929, -27024, 984
16932, 926, -27076, 980
16941, 923, -27120, 978
16949, 920, -27162, 974
16957, 917, -27214, 973
16965, 915, -27253, 971
16973, 912, -27304, 966
16982, 909, -27344, 965
16990, 907, -27390, 960
16998, 904, -27443, 958
17007, 901, -27485, 957
17015, 898, -27541, 952
17023, 895, -27584, 951
17031, 892, -27635, 946
17039, 890, -27684, 944
17048, 887, -27727, 942
17056, 884, -27784, 940
17064, 881, -27826, 937
17073, 879, -27883, 932
17081, 876, -27929, 931
17089, 873, -27976, 928
17097, 870, -28033, 925
17106, 867, -28075, 923
17114, 865, -28133, 919
17122, 861, -28177, 918
17130, 858, -28227, 912
17139, 851, -28280, 912
17147, 853, -28323, 909
17155, 850, -28382, 905
17163, 843, -28428, 905
17171, 845, -28481, 899
17180, 838, -28533, 899
17188, 839, -28579, 895
17196, 837, -28643, 892
17205, 834, -28691, 890
17214, 831, -28750, 885
17222, 828, -28804, 884
17231, 825, -28860, 879
17240, 818, -28915, 879
17248, 820, -28956, 878
17257, 817, -29005, 872
17265, 811, -29052, 872
17273, 809, -29083, 872
17281, 811, -29114, 869
17289, 809, -29158, 866
17298, 807, -29199, 865
17306, 801, -29226, 865
17315, 804, -29248, 862
17323, 798, -29277, 862
17333, 801, -29316, 859
17342, 795, -29349, 859
17351, 794, -29366, 859
17359, 793, -29377, 860
17369, 798, -29386, 858
17377, 792, -29397, 858
17385, 797, -29414, 856
17394, 796, -29437, 854
17403, 794, -29470, 851
17411, 788, -29496, 853
17420, 787, -29511, 853
17429, 791, -29520, 852
17437, 791, -29526, 851
17446, 786, -29530, 852
17454, 786, -29533, 852
17463, 785, -29536, 852
17471, 790, -29540, 851
17480, 785, -29545, 851
17488, 790, -29552, 850
17496, 784, -29560, 850
17504, 789, -29570, 848
17513, 783, -29580, 849
17522, 788, -29591, 848
17531, 787, -29602, 847
17540, 782, -29619, 848
17549, 786, -29635, 845
17558, 780, -29647, 845
17567, 780, -29654, 845
17576, 779, -29658, 845
17585, 779, -29660, 845
17594, 779, -29661, 846
17603, 784, -29662, 845
17611, 779, -29663, 845
17620, 779, -29663, 845
17629, 779, -29663, 845
17638, 783, -29664, 844
17646, 779, -29664, 845
17654, 779, -29664, 846
17663, 779, -29664, 846
17672, 784, -29664, 845
17680, 779, -29665, 845
17689, 779, -29665, 845
17697, 779, -29666, 845
17706, 779, -29666, 845
17714, 779, -29667, 847
17722, 784, -29667, 845
17731, 779, -29667, 845
17739, 779, -29668, 845
17748, 779, -29669, 845
17756, 783, -29669, 844
17765, 779, -29671, 845
17773, 779, -29672, 846
17782, 784, -29675, 845
17791, 779, -29678, 845
17800, 779, -29682, 846
17808, 784, -29686, 844
17817, 779, -29691, 844
17825, 783, -29696, 843
17834, 779, -29701, 843
17842, 778, -29705, 843
17851, 783, -29710, 842
17859, 777, -29716, 842
17868, 777, -29724, 842
17877, 782, -29733, 841
17886, 776, -29743, 841
17894, 776, -29754, 841
17903, 776, -29770, 841
17914, 780, -29785, 838
17922, 774, -29797, 838
17931, 774, -29805, 839
17940, 778, -29811, 838
17948, 773, -29814, 838
17956, 773, -29816, 838
17965, 773, -29817, 839
17973, 778, -29817, 838
17983, 773, -29817, 841
17992, 778, -29816, 838
18001, 773, -29815, 838
18010, 773, -29814, 838
18018, 773, -29812, 839
18027, 773, -29809, 839
18036, 778, -29805, 838
18044, 773, -29800, 839
18053, 774, -29794, 841
18061, 774, -29782, 841
18070, 775, -29766, 841
18078, 775, -29754, 842
18086, 781, -29747, 841
20105, 776, -29731, 842
20113, 776, -29730, 842
20122, 776, -29735, 842
20130, 781, -29759, 839
20139, 780, -29781, 837
20147, 778, -29828, 833
20156, 776, -29876, 832
20164, 773, -29928, 827
20172, 771, -29991, 826
20181, 768, -30049, 823
20191, 765, -30118, 821
20199, 763, -30174, 818
20208, 760, -30245, 812
20216, 752, -30300, 812
20225, 754, -30362, 808
20233, 750, -30433, 804
20242, 747, -30489, 803
20250, 745, -30560, 799
20258, 742, -30614, 798
20266, 739, -30686, 794
20275, 737, -30756, 793
20284, 734, -30816, 789
20292, 732, -30893, 787
20300, 729, -30951, 784
20309, 726, -31039, 781
20318, 723, -31096, 778
20327, 720, -31175, 774
20335, 718, -31245, 773
20344, 716, -31312, 770
20352, 713, -31391, 767
20360, 710, -31460, 763
20370, 707, -31544, 759
20378, 699, -31605, 760
20386, 701, -31688, 754
20395, 694, -31764, 754
20403, 696, -31842, 749
20412, 689, -31934, 749
20421, 691, -32005, 746
20430, 688, -32094, 741
20438, 681, -32164, 741
20446, 683, -32250, 734
20454, 675, -32327, 734
20463, 677, -32402, 731
20471, 674, -32498, 728
20479, 672, -32571, 726
20488, 670, -32672, 722
20496, 667, -32752, 721
20504, 664, -32837, 717
20513, 661, -32950, 713
20523, 658, -33037, 711
20531, 655, -33148, 707
20540, 648, -33230, 707
20549, 649, -33336, 700
20557, 642, -33420, 700
20565, 644, -33521, 696
20574, 636, -33624, 696
20582, 638, -33720, 691
20591, 637, -33843, 688
20600, 634, -33934, 686
20609, 631, -34056, 681
20618, 628, -34153, 680
20626, 625, -34283, 675
20635, 617, -34401, 677
20645, 619, -34524, 670
20654, 612, -34648, 670
20663, 614, -34753, 666
20671, 612, -34887, 662
20679, 608, -34988, 661
20688, 606, -35123, 658
20697, 603, -35241, 656
20706, 602, -35330, 654
20714, 599, -35454, 650
20722, 597, -35556, 649
20731, 595, -35637, 647
20741, 593, -35756, 646
20750, 590, -35862, 642
20759, 584, -35927, 643
20768, 588, -35980, 642
20777, 586, -36045, 640
20785, 585, -36132, 638
20793, 583, -36198, 636
20802, 577, -36240, 636
20810, 576, -36271, 638
20819, 580, -36296, 635
20827, 575, -36330, 636
20836, 579, -36372, 634
20844, 578, -36423, 631
20853, 572, -36486, 631
20861, 571, -36524, 631
20869, 575, -36549, 629
20878, 569, -36564, 630
20887, 569, -36574, 630
20895, 573, -36581, 629
20903, 568, -36586, 630
20912, 568, -36591, 630
20921, 573, -36597, 629
20929, 573, -36605, 628
20937, 568, -36618, 628
20946, 567, -36636, 629
20954, 572, -36652, 627
20963, 567, -36669, 628
20971, 571, -36689, 627
20979, 571, -36710, 626
20987, 570, -36738, 625
20996, 570, -36771, 624
21004, 568, -36806, 622
21012, 563, -36828, 624
21021, 562, -36840, 624
21029, 562, -36847, 625
21037, 563, -36852, 625
21046, 568, -36855, 624
21054, 563, -36857, 624
21063, 568, -36858, 623
21071, 568, -36859, 622
21080, 562, -36860, 625
21088, 568, -36861, 624
21096, 562, -36862, 625
21104, 568, -36863, 624
21113, 563, -36864, 625
21121, 568, -36865, 624
21130, 563, -36866, 625
21138, 568, -36868, 623
21146, 563, -36869, 624
21154, 568, -36870, 623
21163, 562, -36871, 624
21171, 568, -36873, 623
21180, 562, -36877, 623
21188, 562, -36884, 623
21196, 562, -36892, 623
21205, 567, -36900, 621
21213, 561, -36909, 622
21222, 561, -36919, 622
21230, 561, -36930, 622
21238, 560, -36943, 622
21247, 566, -36957, 621
21255, 566, -36972, 620
21264, 560, -36986, 620
21272, 559, -37001, 620
21281, 559, -37022, 620
21290, 564, -37047, 617
23309, 558, -37107, 618
23318, 557, -37105, 618
23328, 562, -37137, 616
23337, 561, -37222, 613
23347, 559, -37310, 609
23357, 557, -37422, 605
23365, 554, -37512, 603
23374, 551, -37645, 600
23384, 548, -37734, 598
23392, 544, -37863, 593
23402, 536, -37956, 593
23410, 539, -38062, 587
23418, 537, -38167, 586
23427, 534, -38262, 584
23436, 532, -38376, 580
23444, 529, -38466, 579
23453, 526, -38581, 572
23462, 517, -38669, 574
23470, 520, -38774, 568
23479, 518, -38870, 567
23488, 514, -38970, 563
23497, 512, -39073, 561
23506, 509, -39156, 558
23515, 506, -39261, 554
23523, 504, -39340, 553
23531, 501, -39436, 547
23540, 493, -39521, 548
23548, 496, -39599, 546
23556, 494, -39700, 542
23565, 491, -39778, 539
23574, 489, -39876, 536
23582, 486, -39961, 534
23592, 483, -40053, 529
23600, 480, -40134, 528
23608, 477, -40210, 525
23617, 475, -40304, 522
23626, 472, -40375, 519
23634, 469, -40466, 515
23642, 467, -40538, 514
23651, 464, -40619, 512
23659, 461, -40697, 508
23667, 459, -40781, 506
23677, 456, -40872, 504
23686, 454, -40944, 500
23695, 452, -41036, 497
23703, 449, -41102, 495
23711, 446, -41196, 491
23721, 443, -41266, 489
23729, 440, -41343, 485
23738, 438, -41420, 484
23747, 435, -41486, 480
23755, 433, -41572, 477
23763, 422, -41633, 477
23772, 427, -41713, 470
23780, 418, -41783, 471
23788, 422, -41851, 465
23797, 412, -41931, 465
23805, 417, -41991, 462
23813, 415, -42077, 457
23822, 404, -42143, 458
23831, 409, -42217, 452
23839, 399, -42286, 452
23848, 404, -42352, 449
23856, 402, -42431, 446
23865, 399, -42491, 443
23874, 397, -42573, 439
23882, 394, -42641, 437
23891, 391, -42722, 433
23901, 381, -42784, 433
23910, 386, -42835, 429
23918, 383, -42906, 425
23927, 374, -42958, 425
23935, 372, -42999, 427
23945, 378, -43033, 424
23954, 376, -43086, 419
23962, 367, -43130, 419
23970, 366, -43159, 420
23979, 373, -43182, 419
23987, 372, -43209, 418
23995, 370, -43251, 413
24004, 362, -43285, 414
24012, 361, -43304, 414
24020, 360, -43317, 414
24030, 366, -43328, 413
24038, 366, -43341, 411
24047, 358, -43370, 411
24055, 364, -43408, 409
24064, 363, -43443, 407
24072, 355, -43466, 407
24081, 354, -43481, 407
24089, 353, -43490, 407
24098, 353, -43497, 407
24107, 353, -43501, 407
24116, 353, -43504, 408
24125, 353, -43507, 408
24135, 353, -43510, 408
24144, 360, -43514, 407
24154, 360, -43520, 406
24162, 359, -43532, 404
24171, 351, -43549, 404
24180, 351, -43567, 404
24188, 357, -43583, 403
24196, 356, -43598, 401
24205, 348, -43614, 401
26224, 348, -43637, 401
26233, 347, -43637, 402
26241, 355, -43646, 401
26250, 354, -43693, 397
26258, 353, -43732, 395
26267, 349, -43791, 389
26275, 340, -43845, 390
26284, 345, -43906, 386
26292, 342, -43983, 384
26302, 340, -44049, 381
26311, 337, -44124, 376
26320, 334, -44185, 374
26329, 332, -44258, 371
26337, 329, -44317, 370
26346, 326, -44389, 365
26355, 316, -44452, 365
26363, 321, -44510, 361
26371, 318, -44581, 358
26380, 316, -44642, 355
26389, 314, -44717, 352
26397, 311, -44773, 350
26406, 308, -44845, 346
26415, 297, -44913, 346
26424, 303, -44979, 341
26432, 300, -45047, 338
26441, 297, -45105, 336
26450, 294, -45189, 332
26460, 292, -45246, 330
26468, 289, -45317, 326
26476, 279, -45371, 326
26484, 284, -45443, 323
26493, 282, -45509, 320
26502, 279, -45567, 317
26510, 277, -45646, 314
26520, 275, -45705, 312
26529, 272, -45779, 308
26537, 269, -45835, 305
26546, 266, -45917, 301
26556, 255, -45984, 302
26565, 260, -46053, 295
26573, 257, -46116, 293
26582, 247, -46173, 293
26590, 253, -46250, 288
26598, 250, -46306, 286
26607, 247, -46378, 282
26615, 237, -46440, 282
26624, 242, -46506, 278
26633, 239, -46584, 276
26642, 238, -46650, 272
26651, 235, -46733, 269
26661, 232, -46791, 267
26669, 229, -46864, 263
26677, 218, -46920, 263
26686, 223, -46992, 257
26694, 214, -47059, 257
26702, 219, -47118, 252
26710, 209, -47192, 252
26719, 214, -47250, 250
26727, 212, -47323, 244
26735, 201, -47383, 245
26743, 208, -47446, 240
26752, 205, -47523, 237
26760, 202, -47581, 236
26769, 199, -47658, 231
26777, 189, -47717, 231
26785, 194, -47788, 225
26793, 183, -47855, 225
26802, 190, -47916, 223
26810, 187, -47999, 220
26819, 185, -48064, 217
26828, 182, -48143, 213
26836, 181, -48203, 212
26844, 178, -48287, 208
26854, 175, -48363, 206
26863, 172, -48432, 203
26872, 169, -48515, 199
26881, 159, -48570, 199
26890, 164, -48623, 197
26899, 163, -48685, 193
26907, 153, -48730, 194
26916, 152, -48764, 194
26924, 159, -48799, 192
26933, 157, -48846, 188
26941, 148, -48897, 188
26950, 147, -48928, 188
26958, 145, -48948, 188
26967, 152, -48966, 187
26976, 152, -48990, 185
26985, 152, -49037, 183
26994, 143, -49081, 183
27002, 142, -49110, 183
27011, 141, -49127, 183
27020, 148, -49139, 181
27028, 147, -49149, 179
27036, 139, -49167, 180
27045, 146, -49189, 179
27054, 145, -49216, 178
27062, 144, -49251, 175
27071, 135, -49275, 176
27079, 134, -49290, 176
27088, 134, -49299, 176
27096, 133, -49305, 176
27104, 141, -49309, 174
27113, 133, -49310, 176
27121, 133, -49313, 177
27129, 141, -49314, 174
27137, 133, -49316, 176
27146, 133, -49318, 176
27154, 141, -49320, 175
27162, 133, -49322, 175
27170, 133, -49327, 175
27179, 133, -49331, 175
27187, 133, -49335, 175
27195, 141, -49339, 174
27203, 133, -49345, 176
27212, 141, -49355, 174
27220, 141, -49367, 173
27228, 140, -49386, 172
27236, 131, -49412, 172
29254, 139, -49468, 171
29263, 138, -49467, 170
29271, 137, -49475, 169
29279, 136, -49525, 166
29287, 135, -49569, 165
29296, 133, -49636, 160
29304, 131, -49705, 158
29313, 129, -49774, 156
29322, 126, -49860, 153
29330, 123, -49924, 151
29338, 120, -50015, 146
29347, 110, -50086, 146
29355, 116, -50166, 141
29363, 113, -50246, 140
29371, 111, -50320, 139
29380, 108, -50413, 133
29389, 98, -50483, 134
29397, 104, -50579, 128
29406, 102, -50658, 127
29414, 99, -50739, 124
29423, 97, -50833, 122
29431, 94, -50904, 119
29439, 91, -51001, 116
29447, 81, -51077, 116
29455, 87, -51168, 110
29464, 77, -51254, 110
29472, 82, -51335, 107
29480, 81, -51437, 103
29488, 78, -51514, 101
29497, 75, -51615, 99
29505, 73, -51698, 97
29513, 70, -51788, 93
29522, 68, -51892, 90
29530, 57, -51971, 90
29538, 64, -52082, 85
29547, 53, -52170, 85
29556, 58, -52268, 79
29564, 56, -52364, 78
29572, 53, -52452, 76
29581, 52, -52556, 73
29589, 49, -52635, 72
29598, 47, -52739, 67
29607, 44, -52821, 66
29616, 41, -52917, 61
29624, 31, -53001, 61
29633, 37, -53083, 58
29641, 35, -53180, 55
29650, 32, -53251, 53
29658, 30, -53345, 48
29667, 19, -53417, 48
29675, 25, -53498, 44
29683, 23, -53579, 42
29691, 20, -53649, 40
29700, 19, -53734, 37
29708, 16, -53809, 36
29718, 14, -53904, 30
29727, 3, -53975, 30
29736, 9, -54055, 24
29744, 6, -54134, 23
29753, 3, -54206, 21
29762, 1, -54285, 17
29771, -2, -54354, 16
29779, -4, -54435, 10
29788, -15, -54496, 10
29796, -10, -54570, 4
29805, -19, -54638, 5
29813, -14, -54702, 1
29822, -20, -54782, 4095
29831, 1, -54843, 4093
29840, 0, -54930, 4090
29850, -3, -54997, 4088
29860, -6, -55071, 4082
29869, -9, -55131, 4081
29878, -12, -55210, 4076
29887, -15, -55267, 4077
29895, -18, -55329, 4072
29903, -20, -55395, 4071
29912, -23, -55449, 4067
29920, -25, -55518, 4064
29929, -28, -55568, 4063
29938, -31, -55641, 4058
29947, -34, -55698, 4058
29955, -37, -55758, 4052
29964, -39, -55814, 4052
29972, -42, -55863, 4050
29982, -44, -55930, 4045
29990, -47, -55977, 4045
29999, -49, -56019, 4042
30007, -51, -56067, 4039
30015, -54, -56099, 4039
30024, -55, -56124, 4038
30032, -57, -56164, 4037
30040, -58, -56213, 4033
30049, -59, -56246, 4034
30057, -61, -56269, 4033
30066, -62, -56292, 4032
30074, -63, -56326, 4029
30083, -64, -56355, 4029
30092, -65, -56373, 4029
30100, -66, -56384, 4029
30108, -67, -56395, 4028
30117, -67, -56412, 4027
30125, -68, -56446, 4024
30135, -70, -56483, 4022
30144, -71, -56507, 4021
30153, -73, -56522, 4021
30162, -74, -56532, 4021
30171, -74, -56538, 4021
30180, -74, -56545, 4023
30190, -74, -56556, 4021
30200, -74, -56568, 4020
30209, -75, -56583, 4019
30218, -75, -56597, 4018
30226, -77, -56614, 4016
30235, -78, -56626, 4016
30243, -79, -56633, 4016
30252, -79, -56637, 4016
30261, -79, -56640, 4017
30270, -79, -56641, 4017
30279, -79, -56643, 4016
30289, -79, -56644, 4017
30298, -79, -56645, 4017
30307, -79, -56646, 4016
30316, -79, -56647, 4017
30325, -79, -56648, 4016
30333, -79, -56650, 4015
30341, -80, -56654, 4015
30350, -80, -56659, 4015
30359, -80, -56664, 4015
30368, -81, -56670, 4014
30377, -81, -56677, 4014
30387, -81, -56684, 4014
30396, -82, -56691, 4013
30404, -82, -56699, 4013
30413, -83, -56707, 4011
30421, -83, -56714, 4012
30430, -84, -56721, 4011
32449, -83, -56728, 4014
32457, -83, -56728, 4013
32466, -84, -56735, 4010
32475, -84, -56769, 4008
32483, -85, -56789, 4008
32492, -86, -56791, 4010
32501, -86, -56785, 4010
32509, -86, -56757, 4014
32518, -84, -56717, 4015
32527, -82, -56678, 4019
32535, -80, -56626, 4021
32543, -77, -56585, 4022
32552, -75, -56526, 4027
32560, -73, -56475, 4026
32568, -70, -56422, 4031
32577, -68, -56358, 4034
32587, -65, -56306, 4036
32595, -62, -56238, 4040
32604, -59, -56186, 4040
32613, -57, -56123, 4045
32622, -54, -56072, 4046
32630, -51, -56007, 4053
32639, -48, -55949, 4052
32647, -45, -55893, 4056
32656, -42, -55828, 4059
32664, -39, -55769, 4061
32674, -37, -55692, 4065
32683, -34, -55637, 4066
32691, -31, -55569, 4071
32700, -29, -55509, 4072
32708, -26, -55446, 4076
32717, -23, -55379, 4079
32725, -20, -55326, 4079
32733, -17, -55249, 4086
32742, -15, -55192, 4085
32750, -12, -55125, 4090
32758, -9, -55058, 4092
32767, -6, -54993, 4093
32775, -43, -54911, 1
32785, -1, -54850, 3
32794, 1, -54764, 8
32803, -25, -54697, 10
32812, -21, -54618, 13
32820, -19, -54550, 14
32829, -16, -54475, 20
32837, -14, -54394, 21
32847, -11, -54323, 25
32856, -9, -54238, 28
32864, -6, -54171, 28
32872, -3, -54087, 33
32881, -2, -54017, 34
32889, 1, -53921, 40
32899, 4, -53841, 40
32908, 6, -53762, 42
32916, 8, -53671, 47
32925, 11, -53594, 48
32934, 14, -53487, 53
32943, 17, -53412, 55
32952, 19, -53315, 59
32960, 22, -53236, 60
32969, 25, -53150, 64
32977, 27, -53057, 66
32986, 29, -52972, 69
32994, 32, -52866, 72
33003, 35, -52783, 74
33011, 38, -52679, 80
33020, 40, -52591, 80
33028, 43, -52495, 83
33037, 45, -52392, 85
33045, 48, -52294, 88
33055, 50, -52169, 92
33064, 53, -52076, 95
33073, 55, -51963, 97
33081, 58, -51875, 100
33089, 61, -51773, 105
33098, 64, -51673, 105
33106, 66, -51584, 108
33115, 68, -51470, 111
33123, 71, -51382, 114
33132, 74, -51270, 119
33141, 84, -51183, 117
33149, 79, -51087, 123
33158, 81, -50989, 124
33167, 84, -50908, 128
33175, 86, -50795, 131
33184, 89, -50720, 132
33193, 92, -50633, 136
33201, 95, -50553, 138
33209, 96, -50492, 139
33218, 98, -50424, 142
33226, 101, -50348, 145
33234, 103, -50297, 146
33243, 104, -50245, 146
33252, 105, -50187, 150
33261, 107, -50122, 150
33269, 108, -50077, 151
33278, 109, -50046, 152
33287, 111, -50007, 153
33296, 112, -49960, 155
33305, 113, -49908, 158
33313, 123, -49872, 157
33321, 116, -49850, 158
33330, 117, -49832, 158
33339, 118, -49814, 159
33348, 118, -49791, 160
33357, 118, -49767, 160
33366, 118, -49736, 162
33374, 120, -49699, 164
33382, 121, -49672, 164
33391, 121, -49657, 164
33399, 122, -49646, 164
33407, 123, -49639, 165
33415, 132, -49632, 164
33424, 123, -49625, 164
33432, 123, -49618, 164
33440, 123, -49607, 166
33449, 123, -49593, 166
33457, 124, -49575, 167
33467, 125, -49555, 168
33476, 126, -49534, 168
33486, 126, -49514, 169
33494, 127, -49495, 169
33503, 127, -49477, 170
33512, 128, -49460, 170
33521, 128, -49451, 170
33529, 129, -49446, 171
33537, 137, -49442, 170
33546, 129, -49440, 170
33555, 129, -49439, 171
33564, 129, -49438, 172
33572, 137, -49437, 171
33582, 130, -49437, 171
33591, 130, -49435, 173
33600, 138, -49435, 171
33608, 138, -49434, 170
33618, 130, -49431, 172
33628, 138, -49428, 171
33636, 130, -49424, 172
33645, 138, -49417, 171
33653, 130, -49413, 173
33662, 131, -49404, 173
35681, 131, -49359, 174
35689, 139, -49358, 173
35698, 131, -49365, 173
35706, 140, -49390, 172
35716, 131, -49404, 172
35724, 131, -49397, 173
35733, 131, -49382, 174
35741, 131, -49336, 178
35750, 133, -49276, 179
35758, 135, -49218, 184
35766, 138, -49136, 186
35775, 140, -49064, 187
35784, 143, -48977, 192
35793, 145, -48904, 195
35801, 148, -48820, 198
35810, 151, -48742, 200
35819, 154, -48669, 202
35827, 157, -48582, 205
35836, 158, -48514, 208
35845, 161, -48430, 213
35853, 164, -48362, 214
35861, 167, -48278, 218
35870, 170, -48203, 218
35879, 171, -48132, 221
35887, 174, -48041, 227
35897, 177, -47978, 228
35905, 180, -47893, 232
35914, 183, -47826, 233
35922, 185, -47749, 238
35931, 188, -47680, 238
35939, 190, -47614, 243
35947, 193, -47534, 246
35955, 196, -47472, 248
35964, 199, -47391, 253
35972, 209, -47324, 252
35981, 204, -47254, 257
35989, 207, -47179, 260
35997, 209, -47116, 261
36006, 212, -47030, 265
36015, 214, -46962, 267
36024, 217, -46882, 272
36033, 219, -46812, 273
36042, 223, -46739, 278
36050, 226, -46670, 280
36058, 229, -46607, 283
36067, 231, -46527, 285
36075, 234, -46465, 287
36084, 236, -46390, 293
36092, 239, -46320, 293
36101, 242, -46249, 297
36109, 245, -46176, 300
36118, 247, -46113, 302
36126, 249, -46032, 305
36135, 252, -45969, 308
36144, 255, -45887, 313
36153, 258, -45826, 314
36161, 261, -45754, 319
36169, 264, -45685, 320
36178, 267, -45621, 323
36187, 270, -45543, 327
36195, 272, -45483, 327
36203, 274, -45406, 332
36212, 277, -45342, 333
36220, 280, -45274, 339
36229, 283, -45201, 341
36237, 286, -45141, 343
36246, 288, -45062, 347
36255, 292, -44991, 350
36264, 294, -44914, 353
36272, 297, -44853, 355
36281, 300, -44786, 358
36289, 303, -44710, 361
36298, 306, -44650, 363
36306, 308, -44578, 367
36315, 310, -44521, 368
36323, 312, -44468, 369
36332, 315, -44403, 374
36340, 317, -44353, 375
36348, 319, -44314, 375
36356, 321, -44272, 378
36365, 323, -44205, 380
36375, 324, -44164, 381
36383, 326, -44135, 382
36392, 334, -44106, 381
36400, 329, -44074, 386
36408, 330, -44039, 386
36417, 331, -44005, 388
36425, 339, -43981, 387
36435, 334, -43966, 388
36444, 334, -43953, 389
36453, 335, -43934, 390
36462, 335, -43910, 390
36471, 336, -43883, 392
36479, 337, -43852, 392
36488, 338, -43823, 393
36497, 339, -43806, 394
36505, 340, -43796, 394
36513, 340, -43789, 394
36522, 340, -43783, 394
36531, 340, -43781, 394
36540, 340, -43777, 394
36548, 340, -43772, 395
36556, 340, -43765, 396
36565, 341, -43755, 397
36573, 342, -43743, 398
36582, 342, -43728, 398
36590, 343, -43713, 398
36599, 344, -43695, 400
36607, 351, -43676, 399
36615, 345, -43659, 400
36624, 345, -43642, 400
36632, 346, -43628, 402
36640, 354, -43620, 400
36649, 346, -43615, 402
36657, 355, -43613, 401
36665, 347, -43611, 402
36674, 355, -43610, 401
36682, 347, -43608, 401
36691, 354, -43607, 399
36699, 346, -43607, 401
36708, 346, -43606, 401
36716, 346, -43604, 401
36725, 346, -43602, 402
36733, 347, -43600, 402
36742, 347, -43599, 403
36750, 355, -43597, 402
36759, 355, -43595, 401
36767, 348, -43591, 403
38786, 355, -43562, 401
38795, 348, -43562, 404
38804, 355, -43567, 402
38812, 348, -43587, 402
38821, 355, -43599, 401
38830, 348, -43594, 403
38838, 348, -43579, 403
38848, 349, -43537, 410
38856, 351, -43488, 410
38865, 354, -43431, 414
38874, 356, -43358, 416
38882, 359, -43297, 419
38891, 362, -43218, 423
38899, 364, -43154, 424
38908, 367, -43079, 430
38916, 370, -43009, 430
38925, 373, -42934, 433
38934, 375, -42855, 437
38942, 378, -42790, 439
38951, 381, -42706, 443
38959, 383, -42640, 443
38967, 386, -42565, 449
38976, 388, -42493, 450
38984, 392, -42412, 455
38994, 395, -42328, 458
39002, 398, -42264, 461
39011, 400, -42178, 465
39019, 404, -42110, 466
39027, 407, -42031, 470
39036, 409, -41954, 470
39044, 412, -41878, 474
39053, 414, -41792, 478
39062, 417, -41724, 480
39070, 420, -41631, 485
39079, 422, -41560, 485
39087, 425, -41477, 490
39096, 428, -41394, 492
39104, 431, -41310, 495
39114, 434, -41224, 498
39122, 437, -41151, 501
39130, 440, -41061, 505
39138, 443, -40989, 506
39147, 446, -40903, 511
39155, 449, -40815, 512
39164, 452, -40738, 516
39172, 454, -40643, 519
39181, 457, -40569, 521
39189, 460, -40473, 525
39198, 463, -40385, 526
39207, 466, -40296, 532
39215, 468, -40206, 532
39224, 471, -40121, 536
39232, 474, -40022, 541
39241, 477, -39945, 542
39249, 480, -39842, 548
39258, 484, -39744, 548
39268, 487, -39645, 553
39276, 490, -39548, 554
39285, 492, -39450, 556
39294, 495, -39340, 559
39303, 497, -39254, 564
39312, 500, -39140, 567
39321, 503, -39049, 570
39329, 507, -38937, 575
39338, 510, -38844, 575
39347, 513, -38743, 579
39355, 516, -38637, 582
39363, 519, -38545, 584
39372, 521, -38419, 588
39381, 524, -38331, 589
39389, 527, -38232, 593
39398, 530, -38129, 596
39407, 538, -38057, 595
39415, 533, -37988, 598
39423, 535, -37906, 601
39432, 537, -37826, 601
39440, 538, -37772, 602
39448, 540, -37722, 605
39456, 542, -37659, 606
39465, 543, -37578, 608
39473, 544, -37519, 608
39481, 546, -37481, 608
39489, 546, -37445, 609
39498, 547, -37406, 611
39507, 548, -37357, 612
39516, 550, -37296, 615
39524, 557, -37237, 614
39533, 552, -37202, 617
39541, 559, -37180, 616
39549, 560, -37164, 615
39558, 560, -37155, 614
39566, 554, -37149, 616
39575, 554, -37141, 616
39583, 554, -37130, 616
39592, 554, -37114, 617
39600, 555, -37093, 617
39608, 556, -37064, 620
39617, 557, -37032, 620
39625, 557, -36996, 620
39634, 558, -36956, 622
39642, 560, -36917, 623
39651, 566, -36893, 622
39659, 561, -36878, 623
39668, 561, -36870, 623
39676, 561, -36868, 623
39684, 567, -36865, 622
39692, 561, -36864, 622
39701, 561, -36863, 623
39709, 562, -36861, 625
39718, 567, -36860, 621
39727, 561, -36859, 622
39735, 561, -36859, 622
39744, 561, -36857, 623
39753, 561, -36854, 623
39763, 561, -36851, 623
39772, 561, -36847, 623
39781, 567, -36842, 622
39789, 561, -36837, 623
39798, 562, -36831, 624
39806, 568, -36823, 623
39814, 562, -36815, 624
39823, 562, -36805, 625
39831, 563, -36795, 626
39840, 568, -36785, 625
39849, 564, -36776, 626
41868, 564, -36722, 627
41877, 570, -36722, 626
41886, 565, -36731, 626
41894, 570, -36763, 625
41903, 564, -36781, 625
41912, 564, -36772, 626
41921, 564, -36749, 626
41929, 565, -36674, 631
41937, 567, -36579, 633
41946, 569, -36480, 635
41955, 572, -36348, 640
41963, 575, -36238, 641
41972, 578, -36092, 646
41980, 580, -35969, 647
41989, 584, -35826, 653
41998, 591, -35686, 652
42006, 588, -35565, 656
42014, 591, -35414, 659
42023, 594, -35301, 661
42031, 597, -35155, 667
42039, 600, -35029, 667
42048, 603, -34883, 672
42058, 605, -34748, 672
42067, 609, -34630, 678
42075, 611, -34497, 680
42083, 615, -34393, 683
42092, 618, -34263, 688
42100, 621, -34159, 688
42108, 624, -34050, 693
42116, 627, -33931, 695
42125, 630, -33833, 698
42133, 632, -33713, 702
42141, 635, -33616, 703
42150, 638, -33490, 708
42159, 641, -33389, 709
42168, 643, -33285, 712
42177, 646, -33177, 716
42185, 649, -33089, 718
42193, 652, -32976, 722
42202, 655, -32886, 723
42211, 658, -32766, 730
42221, 661, -32681, 730
42229, 665, -32581, 735
42238, 667, -32489, 735
42246, 671, -32403, 741
42255, 674, -32301, 745
42263, 676, -32221, 745
42272, 679, -32117, 751
42281, 682, -32026, 751
42291, 685, -31933, 757
42299, 688, -31853, 759
42307, 692, -31772, 762
42316, 694, -31687, 765
42324, 697, -31617, 766
42332, 700, -31527, 771
42341, 703, -31458, 774
42349, 706, -31379, 778
42357, 709, -31296, 778
42366, 712, -31225, 782
42375, 715, -31142, 787
42383, 718, -31077, 788
42391, 721, -30995, 793
42400, 728, -30928, 792
42408, 727, -30857, 798
42416, 730, -30779, 799
42424, 733, -30716, 803
42433, 735, -30638, 806
42441, 738, -30577, 807
42449, 740, -30502, 812
42459, 743, -30434, 814
42468, 745, -30378, 815
42477, 748, -30308, 821
42487, 751, -30245, 822
42496, 754, -30206, 823
42505, 756, -30167, 825
42513, 758, -30120, 827
42521, 759, -30080, 827
42530, 761, -30054, 829
42538, 762, -30032, 829
42546, 763, -30002, 830
42556, 764, -29966, 832
42565, 765, -29928, 834
42573, 767, -29900, 836
42582, 773, -29882, 834
42591, 769, -29869, 836
42600, 770, -29860, 837
42609, 775, -29849, 835
42618, 770, -29837, 837
42627, 771, -29825, 838
42635, 772, -29809, 840
42643, 773, -29789, 841
42652, 774, -29766, 842
42660, 775, -29743, 842
42668, 776, -29728, 842
42676, 781, -29719, 841
44695, 776, -29703, 842
44703, 781, -29703, 841
44711, 776, -29704, 843
44720, 781, -29722, 840
44729, 776, -29735, 842
44738, 781, -29730, 841
44746, 776, -29716, 843
44755, 777, -29681, 848
44763, 779, -29634, 850
44771, 781, -29589, 854
44780, 784, -29514, 856
44790, 787, -29462, 860
44798, 790, -29397, 864
44807, 793, -29342, 864
44815, 796, -29281, 869
44823, 799, -29219, 871
44831, 802, -29167, 873
44840, 805, -29101, 876
44848, 808, -29042, 880
44858, 812, -28974, 886
44866, 818, -28920, 884
44875, 818, -28863, 891
44883, 821, -28802, 892
44891, 824, -28751, 895
44899, 827, -28687, 900
44907, 830, -28639, 900
44916, 833, -28582, 906
44924, 836, -28524, 908
44932, 839, -28471, 910
44941, 842, -28408, 913
44949, 845, -28359, 917
44958, 848, -28295, 920
44966, 851, -28243, 923
44975, 854, -28187, 925
44983, 857, -28132, 929
44991, 860, -28084, 930
45000, 863, -28013, 936
45009, 866, -27959, 936
45019, 870, -27896, 944
45027, 873, -27849, 944
45036, 876, -27792, 949
45044, 879, -27737, 950
45053, 883, -27684, 953
45061, 885, -27627, 957
45070, 888, -27577, 960
45079, 891, -27514, 963
45088, 894, -27464, 966
45097, 898, -27400, 971
45106, 901, -27349, 972
45116, 905, -27296, 978
45124, 908, -27242, 979
45133, 912, -27195, 982
45141, 915, -27141, 986
45149, 918, -27093, 987
45159, 921, -27027, 994
45168, 924, -26975, 994
45177, 928, -26918, 1000
45186, 931, -26871, 1001
45194, 934, -26818, 1005
45203, 937, -26763, 1007
45212, 940, -26712, 1011
45220, 943, -26654, 1015
45229, 947, -26609, 1017
45238, 950, -26552, 1022
45246, 953, -26505, 1022
45254, 956, -26458, 1026
45263, 959, -26404, 1030
45271, 962, -26366, 1031
45280, 965, -26325, 1033
45289, 968, -26276, 1036
45298, 970, -26241, 1038
45306, 972, -26215, 1039
45315, 974, -26184, 1041
45323, 976, -26146, 1044
45332, 982, -26114, 1043
45341, 979, -26100, 1044
45349, 980, -26089, 1045
45358, 985, -26076, 1044
45366, 982, -26060, 1049
45375, 983, -26041, 1049
45383, 984, -26013, 1051
45391, 985, -25988, 1051
45400, 987, -25973, 1051
45408, 987, -25963, 1051
45417, 988, -25957, 1051
45425, 988, -25951, 1052
45433, 988, -25945, 1052
45442, 988, -25938, 1052
45450, 988, -25928, 1052
45459, 989, -25917, 1055
45467, 994, -25904, 1054
45476, 990, -25891, 1056
45484, 991, -25879, 1056
45493, 992, -25863, 1057
45502, 993, -25854, 1058
45510, 994, -25847, 1058
45519, 994, -25843, 1058
45528, 994, -25840, 1058
45537, 998, -25839, 1057
45546, 994, -25838, 1058
45554, 995, -25837, 1059
45563, 999, -25837, 1058
45571, 995, -25837, 1059
45579, 999, -25836, 1057
45588, 995, -25836, 1058
45596, 995, -25835, 1058
45605, 995, -25835, 1058
45613, 994, -25835, 1058
45622, 995, -25834, 1058
45631, 995, -25834, 1059
45639, 995, -25834, 1059
45647, 995, -25833, 1059
45655, 999, -25833, 1057
45664, 995, -25832, 1058
45672, 995, -25832, 1058
45680, 995, -25831, 1060
45689, 995, -25829, 1060
45697, 1000, -25828, 1059
45705, 996, -25827, 1059
45713, 996, -25825, 1059
45722, 996, -25823, 1060
45730, 1000, -25821, 1059
45738, 996, -25819, 1059
45747, 996, -25818, 1060
45755, 996, -25815, 1061
45763, 1000, -25814, 1060
45772, 997, -25811, 1061
47790, 997, -25788, 1061
47799, 998, -25788, 1062
47808, 998, -25791, 1062
47816, 1002, -25804, 1060
47825, 1001, -25811, 1059
47834, 997, -25808, 1060
47843, 997, -25797, 1061
47852, 998, -25761, 1068
47861, 1000, -25719, 1071
47869, 1003, -25675, 1073
47878, 1006, -25616, 1076
47888, 1011, -25577, 1079
47896, 1014, -25520, 1083
47904, 1017, -25473, 1084
47913, 1020, -25417, 1091
47921, 1023, -25368, 1092
47930, 1027, -25322, 1095
47938, 1030, -25266, 1098
47946, 1032, -25221, 1098
47955, 1035, -25162, 1106
47963, 1038, -25117, 1106
47972, 1042, -25066, 1112
47980, 1044, -25015, 1112
47989, 1048, -24966, 1115
47998, 1051, -24906, 1120
48006, 1054, -24862, 1122
48014, 1057, -24808, 1128
48022, 1061, -24762, 1128
48031, 1065, -24706, 1132
48039, 1067, -24647, 1133
48049, 1071, -24596, 1139
48058, 1073, -24540, 1142
48066, 1076, -24491, 1143
48075, 1080, -24422, 1149
48085, 1083, -24369, 1151
48094, 1087, -24312, 1156
48103, 1090, -24266, 1156
48111, 1095, -24208, 1163
48120, 1097, -24150, 1163
48128, 1101, -24102, 1167
48137, 1104, -24042, 1172
48145, 1107, -23992, 1173
48154, 1110, -23929, 1178
48163, 1113, -23876, 1179
48172, 1118, -23815, 1184
48181, 1120, -23760, 1185
48189, 1124, -23705, 1189
48198, 1126, -23635, 1192
48207, 1130, -23583, 1197
48216, 1133, -23522, 1200
48224, 1136, -23471, 1200
48233, 1141, -23408, 1206
48241, 1144, -23352, 1207
48250, 1147, -23298, 1213
48258, 1150, -23234, 1215
48266, 1153, -23183, 1218
48274, 1158, -23117, 1222
48283, 1161, -23064, 1222
48291, 1164, -23005, 1228
48299, 1166, -22940, 1229
48308, 1169, -22884, 1233
48316, 1172, -22815, 1237
48325, 1176, -22766, 1238
48333, 1179, -22709, 1241
48342, 1182, -22643, 1244
48351, 1184, -22592, 1244
48361, 1187, -22553, 1248
48369, 1189, -22507, 1250
48378, 1191, -22463, 1250
48386, 1193, -22431, 1253
48396, 1198, -22407, 1252
48404, 1195, -22377, 1254
48413, 1198, -22338, 1256
48423, 1200, -22297, 1261
48431, 1204, -22271, 1259
48440, 1202, -22257, 1259
48448, 1204, -22248, 1260
48457, 1207, -22240, 1258
48465, 1203, -22231, 1258
48475, 1204, -22223, 1260
48484, 1204, -22209, 1261
48492, 1204, -22193, 1262
48501, 1205, -22172, 1263
48510, 1207, -22146, 1264
48519, 1208, -22117, 1266
48528, 1212, -22096, 1265
48537, 1210, -22084, 1267
48545, 1213, -22077, 1266
48554, 1211, -22073, 1266
48562, 1211, -22070, 1266
48571, 1214, -22069, 1265
50590, 1210, -22062, 1266
50598, 1211, -22062, 1267
50607, 1214, -22066, 1266
50615, 1211, -22082, 1266
50623, 1214, -22093, 1265
50631, 1210, -22092, 1265
50640, 1210, -22083, 1266
50648, 1211, -22058, 1271
50656, 1214, -22008, 1274
50665, 1216, -21965, 1275
50673, 1219, -21892, 1280
50682, 1222, -21827, 1280
50691, 1224, -21754, 1285
50699, 1227, -21682, 1288
50708, 1232, -21613, 1292
50717, 1235, -21532, 1296
50725, 1238, -21471, 1298
50733, 1243, -21387, 1304
50742, 1248, -21316, 1302
50750, 1249, -21242, 1308
50758, 1252, -21159, 1311
50767, 1256, -21082, 1313
50776, 1259, -20993, 1319
50785, 1263, -20922, 1319
50793, 1266, -20829, 1325
50802, 1269, -20745, 1326
50811, 1274, -20651, 1333
50820, 1277, -20558, 1333
50830, 1281, -20474, 1338
50838, 1284, -20384, 1340
50847, 1287, -20307, 1343
50855, 1291, -20210, 1347
50864, 1294, -20120, 1348
50873, 1297, -20018, 1355
50882, 1300, -19927, 1356
50891, 1306, -19828, 1364
50899, 1311, -19737, 1363
50908, 1313, -19647, 1367
50917, 1317, -19530, 1370
50926, 1320, -19444, 1372
50935, 1322, -19329, 1377
50943, 1327, -19243, 1379
50952, 1330, -19140, 1383
50960, 1333, -19046, 1385
50969, 1336, -18957, 1390
50977, 1340, -18851, 1393
50985, 1343, -18769, 1395
50994, 1347, -18668, 1400
51002, 1351, -18583, 1402
51010, 1353, -18491, 1404
51018, 1357, -18397, 1407
51027, 1360, -18313, 1410
51035, 1363, -18201, 1414
51045, 1366, -18115, 1417
51054, 1371, -18013, 1422
51063, 1374, -17937, 1423
51071, 1379, -17840, 1429
51080, 1382, -17753, 1430
51088, 1385, -17675, 1434
51097, 1390, -17584, 1439
51105, 1393, -17508, 1439
51115, 1396, -17436, 1443
51123, 1398, -17360, 1443
51132, 1400, -17308, 1445
51141, 1403, -17254, 1447
51150, 1406, -17186, 1453
51158, 1409, -17132, 1451
51167, 1409, -17101, 1452
51175, 1411, -17075, 1453
51184, 1412, -17045, 1455
51192, 1413, -17004, 1458
51200, 1415, -16954, 1460
51208, 1417, -16916, 1461
51217, 1420, -16893, 1460
51225, 1421, -16878, 1459
51234, 1421, -16866, 1460
51243, 1421, -16857, 1461
51253, 1421, -16844, 1462
51262, 1421, -16832, 1462
51271, 1422, -16817, 1463
51279, 1423, -16800, 1466
51288, 1426, -16779, 1464
51296, 1424, -16759, 1464
51304, 1425, -16738, 1466
51313, 1426, -16716, 1468
51322, 1427, -16699, 1468
51330, 1429, -16688, 1467
51339, 1428, -16682, 1468
51349, 1428, -16678, 1468
51357, 1430, -16676, 1467
53376, 1428, -16669, 1467
53384, 1430, -16668, 1466
53393, 1428, -16674, 1467
53401, 1427, -16692, 1467
53410, 1427, -16703, 1467
53418, 1429, -16700, 1466
53426, 1427, -16690, 1467
53435, 1428, -16656, 1471
53443, 1430, -16599, 1475
53452, 1432, -16540, 1477
53461, 1435, -16458, 1481
53470, 1439, -16395, 1484
53478, 1443, -16316, 1490
53487, 1446, -16244, 1492
53495, 1450, -16172, 1495
53504, 1454, -16090, 1497
53513, 1458, -16013, 1501
53522, 1461, -15927, 1505
53531, 1464, -15858, 1507
53540, 1467, -15774, 1512
53549, 1471, -15705, 1514
53557, 1475, -15628, 1519
53566, 1478, -15558, 1521
53574, 1482, -15491, 1524
53583, 1485, -15404, 1527
53592, 1488, -15341, 1530
53601, 1492, -15252, 1535
53610, 1495, -15187, 1537
53619, 1499, -15111, 1543
53627, 1502, -15040, 1543
53637, 1506, -14964, 1549
53646, 1510, -14892, 1551
53654, 1514, -14825, 1554
53663, 1517, -14739, 1558
53673, 1521, -14676, 1561
53681, 1524, -14601, 1565
53690, 1528, -14543, 1567
53698, 1532, -14468, 1574
53707, 1536, -14399, 1574
53716, 1539, -14332, 1578
53724, 1542, -14259, 1580
53733, 1546, -14199, 1582
53741, 1549, -14123, 1588
53749, 1553, -14065, 1591
53758, 1557, -13995, 1596
53766, 1560, -13928, 1597
53774, 1564, -13865, 1600
53783, 1568, -13791, 1602
53791, 1571, -13734, 1606
53800, 1574, -13659, 1612
53808, 1578, -13599, 1612
53816, 1582, -13536, 1618
53824, 1586, -13465, 1618
53833, 1589, -13395, 1622
53843, 1592, -13321, 1628
53851, 1596, -13259, 1629
53860, 1599, -13183, 1633
53869, 1603, -13116, 1635
53878, 1607, -13039, 1641
53888, 1611, -12977, 1643
53897, 1614, -12930, 1644
53905, 1617, -12871, 1647
53914, 1620, -12817, 1649
53922, 1622, -12782, 1649
53931, 1624, -12749, 1652
53940, 1626, -12710, 1655
53948, 1628, -12662, 1656
53957, 1630, -12629, 1658
53965, 1632, -12607, 1659
53974, 1638, -12589, 1657
53983, 1633, -12571, 1657
53993, 1634, -12554, 1659
54001, 1634, -12533, 1661
54010, 1635, -12507, 1663
54019, 1637, -12477, 1664
54027, 1644, -12457, 1663
54036, 1639, -12445, 1663
54044, 1640, -12437, 1664
54054, 1640, -12432, 1665
54062, 1645, -12428, 1664
54072, 1641, -12426, 1666
54081, 1646, -12423, 1664
54090, 1641, -12420, 1664
54100, 1641, -12416, 1665
54108, 1641, -12411, 1665
54117, 1641, -12404, 1666
54125, 1642, -12396, 1667
54134, 1647, -12387, 1666
