7574, 3276, -67
7577, 3276, -67
7581, 3276, -66
7585, 3276, -66
7588, 3276, -66
7591, 3277, -65
7595, 3276, -64
7599, 3276, -64
7602, 3276, -64
7606, 3276, -63
7609, 3276, -63
7613, 3276, -64
7617, 3275, -63
7620, 3276, -64
7624, 3276, -64
7628, 3276, -64
7631, 3276, -65
7635, 3276, -66
7638, 3276, -67
7642, 3276, -68
7645, 3276, -68
7649, 3276, -71
7654, 3276, -72
7657, 3276, -72
7660, 3276, -72
7665, 3276, -73
7669, 3276, -74
7672, 3276, -76
7675, 3276, -77
7678, 3275, -78
7681, 3276, -80
7685, 3276, -82
7688, 3276, -85
7691, 3276, -87
7694, 3276, -89
7698, 3275, -91
7701, 3275, -94
7704, 3275, -97
7707, 3275, -100
7710, 3275, -103
7714, 3274, -106
7717, 3274, -109
7720, 3274, -110
7723, 3274, -112
7726, 3274, -114
7730, 3274, -117
7734, 3274, -119
7737, 3274, -120
7741, 3274, -120
7744, 3274, -121
7748, 3274, -120
7752, 3274, -118
7755, 3274, -115
7759, 3274, -114
7762, 3275, -112
7765, 3275, -112
7768, 3275, -110
7772, 3275, -110
7775, 3275, -108
7778, 3275, -106
7781, 3274, -104
7784, 3275, -103
7787, 3275, -101
7791, 3275, -98
7794, 3275, -95
7797, 3275, -92
7800, 3275, -89
7804, 3275, -87
7807, 3275, -84
7810, 3275, -82
7813, 3275, -81
7816, 3275, -79
7819, 3275, -80
7822, 3275, -79
7826, 3275, -79
7829, 3275, -78
7832, 3275, -77
7835, 3275, -76
7838, 3275, -75
7841, 3275, -74
7845, 3276, -73
7848, 3276, -72
7851, 3275, -72
7854, 3275, -72
7857, 3275, -72
7862, 3275, -72
7865, 3275, -72
7868, 3275, -71
7871, 3275, -70
7875, 3276, -69
7878, 3276, -69
7881, 3275, -68
7884, 3276, -68
7887, 3276, -66
7891, 3276, -65
7894, 3276, -64
7897, 3276, -64
7900, 3276, -63
7904, 3276, -61
7907, 3276, -60
7910, 3276, -58
7913, 3276, -58
7917, 3276, -57
7920, 3276, -55
7923, 3276, -53
7926, 3276, -51
7929, 3276, -49
7933, 3276, -48
7936, 3276, -46
7939, 3276, -45
7942, 3276, -44
7945, 3275, -42
7949, 3275, -41
7952, 3275, -40
7955, 3275, -38
7958, 3275, -37
7961, 3275, -37
7964, 3275, -37
7967, 3276, -37
7971, 3276, -36
7974, 3276, -35
7977, 3276, -35
7980, 3276, -35
7983, 3276, -34
7986, 3276, -34
7989, 3275, -34
7993, 3275, -34
7996, 3276, -34
7999, 3276, -33
8002, 3276, -33
8005, 3276, -33
8008, 3276, -33
8012, 3276, -33
8015, 3276, -33
8018, 3275, -33
8021, 3275, -33
8024, 3275, -32
8027, 3275, -32
8031, 3275, -32
8034, 3275, -32
8037, 3275, -31
8040, 3276, -31
8043, 3276, -31
8046, 3275, -31
8049, 3276, -31
8052, 3276, -31
8056, 3275, -31
8059, 3275, -31
8062, 3275, -31
8065, 3275, -31
8068, 3275, -31
8071, 3275, -30
8074, 3276, -29
8077, 3276, -29
8080, 3276, -28
8083, 3276, -28
8086, 3276, -27
8090, 3276, -26
8093, 3276, -26
8096, 3276, -25
8099, 3276, -24
8102, 3276, -24
8105, 3276, -23
8108, 3276, -23
8111, 3276, -23
8115, 3276, -23
8118, 3276, -23
8121, 3276, -23
8124, 3276, -23
8127, 3276, -23
8130, 3276, -23
8133, 3276, -22
8137, 3276, -22
8140, 3275, -21
8143, 3276, -21
8146, 3276, -21
8149, 3276, -20
8152, 3276, -20
8155, 3276, -20
8159, 3276, -19
8162, 3276, -19
8165, 3276, -18
8169, 3276, -17
8172, 3276, -17
8176, 3276, -16
8180, 3276, -15
8185, 3276, -15
8188, 3276, -15
8191, 3276, -15
8194, 3276, -15
8198, 3276, -14
8201, 3276, -14
8204, 3276, -13
8208, 3276, -12
8211, 3276, -12
8216, 3276, -11
8220, 3276, -11
8223, 3276, -11
8226, 3276, -10
8231, 3276, -10
8234, 3277, -9
8237, 3276, -9
8240, 3277, -9
8244, 3276, -9
8248, 3276, -7
8253, 3276, -7
8256, 3276, -7
8260, 3276, -7
8264, 3276, -6
8267, 3276, -5
8271, 3276, -5
8275, 3276, -4
8279, 3276, -3
8282, 3276, -3
8287, 3276, -3
8291, 3276, -2
8295, 3276, -2
8298, 3276, -1
8302, 3277, -1
8305, 3277, -1
8308, 3277, 0
10321, 3277, 5
10324, 3277, 5
10328, 3277, 5
10331, 3277, 4
10334, 3277, 4
10338, 3277, 5
10341, 3277, 5
10344, 3276, 6
10348, 3276, 6
10352, 3276, 6
10355, 3276, 6
10358, 3276, 6
10361, 3277, 6
10365, 3277, 6
10368, 3277, 6
10373, 3277, 6
10376, 3277, 6
10379, 3277, 6
10383, 3276, 6
10386, 3276, 6
10390, 3276, 6
10393, 3277, 5
10397, 3277, 5
10400, 3277, 5
10404, 3277, 5
10407, 3277, 5
10410, 3277, 6
10413, 3276, 6
10416, 3277, 6
10419, 3277, 6
10422, 3277, 6
10426, 3277, 5
10429, 3277, 5
10432, 3276, 4
10435, 3277, 4
10438, 3277, 4
10441, 3277, 4
10445, 3277, 3
10448, 3277, 3
10451, 3276, 3
10454, 3276, 4
10458, 3276, 3
10461, 3276, 3
10464, 3276, 3
10468, 3276, 2
10471, 3276, 1
10474, 3277, 0
10478, 3277, 0
10481, 3276, -2
10485, 3276, -2
10488, 3276, -2
10491, 3276, -2
10494, 3276, -2
10498, 3276, -3
10501, 3276, -2
10505, 3277, -2
10508, 3276, -4
10512, 3276, -4
10515, 3276, -4
10519, 3276, -5
10522, 3276, -5
10526, 3277, -5
10529, 3277, -6
10532, 3276, -6
10535, 3276, -6
10539, 3276, -7
10542, 3276, -7
10547, 3277, -8
10550, 3277, -8
10554, 3277, -8
10557, 3277, -9
10562, 3277, -10
10565, 3277, -11
10568, 3277, -11
10572, 3276, -12
10575, 3276, -12
10579, 3276, -12
10583, 3276, -13
10587, 3276, -14
10591, 3276, -14
10595, 3277, -14
10598, 3276, -15
10602, 3276, -15
10606, 3276, -15
10610, 3276, -16
10614, 3276, -17
10618, 3276, -18
10622, 3276, -19
10626, 3277, -20
10630, 3276, -21
10633, 3277, -21
10636, 3277, -21
10639, 3277, -22
10643, 3277, -22
10646, 3277, -22
10649, 3277, -23
10652, 3277, -23
10655, 3276, -23
10659, 3276, -23
10662, 3276, -23
10666, 3275, -24
10669, 3275, -24
10674, 3275, -26
10678, 3275, -26
10682, 3276, -26
10685, 3276, -27
10689, 3276, -27
10693, 3277, -27
10697, 3276, -27
10700, 3276, -28
10703, 3276, -28
10707, 3277, -29
10711, 3277, -29
10714, 3277, -29
10717, 3277, -30
12732, 3277, -35
12735, 3276, -35
12738, 3276, -35
12742, 3276, -35
12745, 3276, -33
12750, 3276, -33
12753, 3276, -33
12756, 3276, -33
12761, 3276, -33
12765, 3276, -33
12769, 3276, -32
12772, 3276, -32
12775, 3276, -32
12779, 3276, -31
12782, 3276, -31
12785, 3276, -32
12789, 3276, -32
12792, 3277, -32
12796, 3277, -32
12799, 3277, -31
12802, 3277, -31
12806, 3277, -31
12809, 3277, -32
12813, 3276, -32
12816, 3277, -32
12819, 3276, -32
12823, 3276, -32
12827, 3276, -32
12832, 3276, -32
12835, 3276, -32
12838, 3276, -32
12841, 3276, -32
12845, 3276, -32
12848, 3276, -32
12851, 3275, -32
12854, 3276, -32
12858, 3276, -32
12861, 3276, -31
12864, 3276, -31
12867, 3276, -31
12870, 3276, -32
12873, 3277, -32
12878, 3276, -32
12881, 3277, -32
12885, 3277, -32
12888, 3276, -32
12891, 3276, -32
12895, 3276, -32
12898, 3276, -33
12901, 3276, -33
12904, 3276, -33
12908, 3276, -34
12911, 3276, -34
12914, 3276, -34
12918, 3276, -34
12923, 3276, -35
12928, 3276, -35
12931, 3276, -36
12934, 3276, -36
12937, 3276, -36
12940, 3275, -36
12944, 3276, -37
12947, 3276, -36
12950, 3276, -36
12953, 3276, -36
12956, 3276, -36
12960, 3276, -36
12963, 3276, -36
12966, 3276, -37
12969, 3276, -37
12972, 3276, -37
12976, 3276, -37
12979, 3276, -37
12982, 3276, -38
12985, 3276, -38
12988, 3276, -38
12991, 3276, -37
12995, 3276, -38
12999, 3276, -38
13003, 3276, -38
13006, 3276, -38
13010, 3276, -37
13013, 3276, -37
13017, 3276, -37
13020, 3276, -38
13024, 3275, -38
13027, 3276, -38
13030, 3276, -39
13033, 3276, -39
13037, 3276, -39
13040, 3276, -40
13043, 3276, -40
13046, 3276, -40
13050, 3276, -40
13053, 3275, -40
13056, 3276, -41
13059, 3276, -42
13062, 3276, -42
13065, 3276, -42
13069, 3276, -42
13072, 3276, -42
13075, 3276, -42
13078, 3276, -42
13081, 3276, -42
13084, 3276, -42
13087, 3275, -42
13091, 3276, -42
13094, 3276, -43
13099, 3276, -44
13102, 3276, -44
13105, 3276, -44
13108, 3275, -44
13111, 3276, -44
13114, 3276, -44
13117, 3275, -44
13121, 3275, -44
13124, 3275, -44
13127, 3275, -45
13130, 3275, -45
13133, 3275, -45
13136, 3275, -46
13140, 3275, -46
13143, 3275, -47
13146, 3275, -47
13149, 3275, -47
13152, 3276, -47
13155, 3276, -48
13158, 3276, -48
13161, 3276, -48
13165, 3276, -49
13168, 3276, -49
13171, 3276, -49
13174, 3276, -49
13177, 3276, -50
13180, 3276, -50
13183, 3276, -51
15197, 3276, -61
15200, 3275, -61
15203, 3275, -61
15207, 3275, -61
15210, 3275, -61
15214, 3275, -61
15218, 3275, -61
15221, 3275, -61
15224, 3275, -60
15227, 3275, -60
15231, 3275, -60
15234, 3276, -60
15237, 3276, -60
15240, 3276, -60
15243, 3275, -60
15247, 3275, -60
15250, 3275, -60
15253, 3275, -60
15256, 3275, -60
15260, 3275, -61
15263, 3275, -61
15266, 3275, -62
15270, 3275, -63
15273, 3275, -64
15276, 3275, -65
15280, 3275, -66
15283, 3275, -66
15286, 3275, -67
15289, 3276, -69
15292, 3276, -69
15296, 3275, -69
15299, 3276, -70
15302, 3276, -71
15306, 3276, -72
15309, 3275, -72
15312, 3275, -73
15315, 3275, -74
15318, 3275, -74
15321, 3275, -75
15325, 3275, -76
15328, 3275, -77
15331, 3275, -78
15334, 3275, -79
15337, 3274, -80
15340, 3274, -82
15344, 3274, -84
15347, 3274, -86
15350, 3274, -89
15353, 3274, -91
15357, 3274, -93
15360, 3275, -95
15363, 3274, -98
15366, 3274, -100
15369, 3274, -101
15372, 3274, -101
15376, 3274, -100
15379, 3274, -97
15382, 3274, -95
15385, 3274, -94
15389, 3275, -92
15392, 3275, -92
15395, 3275, -90
15398, 3275, -90
15402, 3275, -89
15405, 3275, -89
15409, 3275, -88
15412, 3275, -88
15415, 3275, -88
15418, 3275, -88
15421, 3275, -88
15425, 3275, -88
15429, 3275, -88
15432, 3275, -88
15436, 3275, -88
15439, 3275, -88
15443, 3275, -88
15448, 3274, -88
15451, 3274, -88
15455, 3274, -88
15458, 3275, -88
15461, 3275, -88
15465, 3275, -89
15468, 3275, -89
15471, 3275, -89
15475, 3275, -89
15478, 3274, -90
15481, 3274, -90
15484, 3274, -90
15487, 3274, -91
15490, 3274, -91
15493, 3274, -92
15497, 3274, -92
15500, 3274, -93
15503, 3274, -93
15506, 3274, -94
15509, 3275, -95
15512, 3275, -95
15515, 3275, -95
15518, 3275, -96
15521, 3275, -96
15524, 3275, -97
15528, 3275, -97
15531, 3275, -97
15534, 3275, -97
15537, 3274, -98
15540, 3274, -99
15543, 3274, -99
15546, 3274, -99
15550, 3274, -100
15553, 3274, -101
15556, 3274, -102
15559, 3274, -104
15562, 3274, -104
15565, 3274, -104
15569, 3274, -105
15572, 3274, -105
15575, 3273, -106
15578, 3274, -106
15582, 3274, -107
15585, 3274, -107
15588, 3274, -107
15591, 3274, -108
15595, 3274, -109
15598, 3274, -109
15601, 3274, -109
15604, 3274, -110
15607, 3274, -110
15610, 3274, -111
15613, 3274, -112
15616, 3274, -112
15619, 3274, -113
15623, 3274, -114
15626, 3274, -114
15629, 3274, -115
15632, 3274, -115
15635, 3274, -115
15638, 3274, -115
15641, 3274, -116
15644, 3274, -116
15648, 3273, -116
15651, 3273, -117
15654, 3274, -118
15657, 3273, -119
15660, 3273, -119
15663, 3274, -120
15667, 3274, -121
15670, 3274, -121
15673, 3274, -122
15676, 3274, -122
15679, 3274, -123
15682, 3274, -123
15686, 3274, -123
15689, 3274, -124
15692, 3274, -125
15695, 3273, -125
15698, 3274, -125
15701, 3273, -126
15705, 3274, -126
15708, 3273, -126
15711, 3273, -126
15714, 3273, -126
15717, 3273, -127
15721, 3273, -127
15724, 3273, -127
15727, 3273, -128
17740, 3273, -122
17745, 3273, -121
17748, 3273, -119
17752, 3273, -119
17755, 3273, -119
17758, 3273, -119
17762, 3273, -118
17767, 3273, -118
17770, 3273, -118
17773, 3273, -119
17776, 3273, -119
17780, 3273, -120
17783, 3273, -120
17786, 3273, -121
17790, 3273, -122
17793, 3273, -123
17796, 3273, -125
17799, 3273, -126
17802, 3273, -127
17806, 3273, -130
17809, 3273, -133
17813, 3273, -135
17816, 3273, -137
17819, 3273, -137
17824, 3273, -136
17828, 3273, -135
17831, 3273, -135
17835, 3273, -133
17838, 3273, -133
17842, 3273, -131
17847, 3273, -132
17851, 3274, -132
17855, 3273, -132
17859, 3274, -133
17862, 3273, -133
17865, 3273, -133
17869, 3273, -134
17872, 3273, -135
17875, 3273, -136
17879, 3273, -137
17882, 3273, -138
17885, 3273, -138
17888, 3273, -140
17892, 3273, -142
17895, 3273, -143
17898, 3273, -144
17901, 3273, -145
17904, 3273, -142
17907, 3273, -141
17910, 3273, -139
17914, 3273, -137
17917, 3273, -135
17920, 3273, -134
17923, 3273, -133
17927, 3273, -133
17930, 3273, -134
17933, 3274, -134
17937, 3274, -135
17940, 3274, -135
17943, 3274, -135
17946, 3274, -136
17949, 3273, -137
17953, 3273, -138
17956, 3273, -139
17959, 3273, -140
17962, 3272, -141
17965, 3272, -141
17968, 3272, -142
17971, 3273, -143
17974, 3272, -144
17978, 3273, -146
17981, 3272, -147
17984, 3272, -149
17987, 3272, -148
17990, 3272, -146
17993, 3272, -144
17997, 3273, -143
18000, 3273, -141
18004, 3273, -140
18007, 3273, -139
18010, 3273, -139
18013, 3273, -138
18016, 3273, -137
18020, 3273, -137
18023, 3273, -137
18026, 3273, -138
18029, 3273, -139
18032, 3273, -139
18035, 3272, -139
18039, 3272, -141
18042, 3272, -142
18045, 3272, -142
18048, 3272, -143
18051, 3272, -144
18055, 3272, -146
18058, 3273, -147
18061, 3272, -148
18064, 3272, -149
18068, 3272, -150
18071, 3272, -152
18074, 3272, -153
18077, 3272, -152
18081, 3272, -149
18084, 3272, -146
18087, 3272, -145
18090, 3272, -145
18093, 3272, -144
18097, 3272, -144
18100, 3272, -143
18103, 3272, -143
18106, 3273, -143
18109, 3273, -142
18112, 3273, -142
18115, 3273, -142
18118, 3273, -143
18122, 3272, -143
18125, 3272, -144
18128, 3272, -144
18131, 3272, -145
18134, 3272, -145
18137, 3273, -147
18140, 3273, -147
18143, 3273, -148
18147, 3272, -150
18150, 3272, -152
18153, 3272, -153
18156, 3272, -154
18159, 3272, -155
18162, 3272, -155
18165, 3272, -156
18168, 3272, -155
18172, 3272, -152
18175, 3273, -151
18178, 3273, -150
18181, 3273, -149
18184, 3273, -147
18187, 3273, -147
18191, 3273, -146
18194, 3273, -146
18197, 3273, -146
18200, 3273, -146
18203, 3273, -146
18206, 3273, -146
18210, 3273, -146
18213, 3273, -147
18216, 3272, -147
18219, 3272, -148
18222, 3272, -148
18225, 3272, -150
18228, 3272, -151
18231, 3272, -151
18234, 3272, -153
18238, 3272, -154
18241, 3272, -155
18244, 3272, -155
18247, 3272, -157
18250, 3272, -158
18253, 3272, -159
18256, 3271, -161
18259, 3271, -163
18263, 3271, -163
18266, 3271, -160
18269, 3272, -157
18272, 3272, -156
18275, 3272, -155
18278, 3273, -154
18282, 3273, -152
18285, 3273, -152
18288, 3273, -151
18291, 3273, -151
18294, 3273, -151
18297, 3272, -150
18300, 3272, -150
18304, 3272, -150
18307, 3272, -150
18310, 3272, -150
18313, 3272, -150
18316, 3272, -150
18319, 3272, -151
18322, 3272, -152
18325, 3271, -153
18328, 3271, -154
18332, 3272, -155
18335, 3272, -156
18338, 3272, -157
18341, 3273, -158
18344, 3273, -158
18347, 3273, -159
18350, 3273, -160
18353, 3272, -162
18356, 3272, -163
18360, 3272, -163
18363, 3272, -161
18366, 3272, -159
18369, 3272, -157
18372, 3272, -156
18375, 3272, -155
18378, 3272, -154
18381, 3272, -153
18384, 3272, -152
18387, 3272, -152
18391, 3272, -152
18394, 3272, -152
18397, 3273, -152
18400, 3273, -152
18403, 3272, -152
18406, 3272, -152
18409, 3272, -153
18413, 3272, -154
18416, 3272, -154
18419, 3272, -155
18422, 3272, -155
18425, 3272, -156
18428, 3272, -158
18432, 3272, -159
18435, 3272, -159
18438, 3272, -160
18441, 3272, -161
18444, 3272, -164
18447, 3272, -164
18451, 3272, -166
18454, 3272, -167
18457, 3271, -168
18460, 3271, -169
18463, 3271, -168
18466, 3271, -166
18469, 3271, -163
18473, 3271, -162
18476, 3272, -160
18479, 3272, -159
18482, 3272, -158
18485, 3272, -158
18488, 3272, -157
18491, 3271, -156
18494, 3272, -155
18498, 3272, -155
18501, 3272, -155
18504, 3272, -155
18507, 3272, -155
18510, 3272, -155
18513, 3272, -156
18517, 3272, -158
18521, 3272, -160
18525, 3272, -161
18529, 3272, -162
18533, 3272, -163
18536, 3272, -164
18540, 3272, -165
18543, 3272, -166
18546, 3272, -168
18550, 3272, -169
18553, 3272, -170
18556, 3272, -171
18559, 3272, -172
18562, 3272, -174
18566, 3271, -175
18569, 3271, -174
18572, 3271, -172
18575, 3272, -169
18578, 3272, -168
18581, 3272, -167
18585, 3272, -166
18588, 3272, -164
18591, 3272, -163
18594, 3272, -163
18597, 3272, -162
18600, 3272, -162
18603, 3272, -162
18606, 3272, -162
18609, 3272, -162
18612, 3272, -162
18616, 3272, -162
18619, 3272, -163
18622, 3272, -163
18625, 3272, -163
18628, 3271, -165
18631, 3272, -165
18634, 3272, -166
18638, 3272, -166
18641, 3271, -167
18644, 3272, -168
18647, 3271, -169
18650, 3271, -169
18653, 3271, -170
18657, 3272, -172
18660, 3272, -174
18663, 3272, -175
18666, 3272, -176
18669, 3271, -177
18673, 3271, -178
18676, 3271, -180
18679, 3271, -181
18682, 3271, -181
18685, 3271, -179
18689, 3271, -177
18692, 3272, -176
18695, 3272, -175
18698, 3272, -174
18701, 3272, -173
18704, 3272, -172
18707, 3272, -172
18711, 3272, -171
18714, 3272, -171
18717, 3271, -170
18720, 3272, -170
18723, 3272, -170
18726, 3272, -169
18729, 3272, -169
18733, 3272, -170
18736, 3271, -170
18739, 3271, -171
18742, 3271, -171
18745, 3271, -172
18748, 3271, -173
18752, 3272, -173
18755, 3271, -175
18758, 3272, -176
18761, 3271, -177
18764, 3271, -177
18767, 3271, -178
18771, 3271, -179
18774, 3271, -181
18777, 3271, -181
18780, 3271, -182
18783, 3271, -183
18786, 3271, -184
18790, 3271, -185
18793, 3271, -187
18796, 3271, -188
18799, 3271, -189
18803, 3270, -190
18806, 3271, -192
18809, 3270, -191
18812, 3271, -188
18816, 3271, -187
18819, 3271, -185
18822, 3271, -184
18825, 3271, -184
18829, 3271, -182
18832, 3271, -181
18835, 3271, -180
18838, 3271, -180
18842, 3271, -180
18846, 3271, -180
18849, 3271, -180
18853, 3271, -180
18857, 3271, -180
18862, 3271, -180
18865, 3271, -180
18869, 3271, -180
18872, 3270, -181
18875, 3271, -181
18878, 3271, -182
18881, 3271, -182
18885, 3271, -183
18888, 3271, -184
18891, 3271, -185
18895, 3271, -186
18898, 3271, -187
18901, 3270, -188
18904, 3270, -189
18908, 3271, -191
18911, 3271, -191
18915, 3271, -192
18918, 3271, -193
18921, 3271, -194
18925, 3271, -195
18928, 3270, -196
18931, 3270, -197
18934, 3270, -199
18938, 3270, -200
18942, 3270, -201
18945, 3270, -203
18948, 3270, -205
18951, 3270, -208
18955, 3270, -207
18958, 3270, -205
18961, 3270, -203
18964, 3270, -201
18967, 3270, -200
18970, 3270, -199
18973, 3270, -198
18976, 3270, -197
18980, 3270, -196
18983, 3271, -196
18986, 3271, -196
18989, 3271, -195
18992, 3270, -195
18995, 3271, -194
18999, 3271, -194
19002, 3271, -194
19005, 3270, -194
19008, 3271, -194
19011, 3271, -194
19014, 3271, -194
19018, 3270, -194
19021, 3270, -195
19024, 3270, -196
19027, 3270, -197
19030, 3269, -197
19034, 3270, -197
19037, 3269, -197
19040, 3270, -197
19043, 3270, -198
19046, 3270, -198
19049, 3270, -198
19053, 3270, -199
19056, 3270, -200
19059, 3270, -201
19062, 3270, -202
19065, 3270, -203
19068, 3269, -203
19071, 3269, -204
19074, 3269, -205
19078, 3269, -206
19081, 3269, -207
19084, 3270, -208
19087, 3270, -210
19091, 3269, -211
19094, 3269, -212
19097, 3269, -213
19100, 3269, -214
19104, 3269, -215
19107, 3269, -216
19110, 3269, -217
19113, 3269, -218
19116, 3268, -220
19119, 3268, -222
19123, 3268, -223
19126, 3268, -224
19129, 3268, -225
19132, 3268, -227
19136, 3268, -229
19139, 3268, -231
19142, 3268, -233
19145, 3269, -235
19148, 3269, -238
19151, 3269, -240
19155, 3268, -240
19158, 3268, -239
19161, 3268, -236
19165, 3268, -234
19170, 3268, -232
19173, 3268, -231
19177, 3268, -230
19180, 3269, -229
19183, 3269, -229
19187, 3269, -228
19190, 3269, -228
19193, 3269, -228
19197, 3269, -228
19200, 3269, -228
19203, 3269, -228
19206, 3269, -228
19209, 3269, -228
19213, 3269, -229
19216, 3269, -229
19219, 3269, -229
19222, 3269, -228
19226, 3269, -228
19229, 3269, -228
19232, 3269, -228
19235, 3269, -228
19238, 3269, -228
19242, 3269, -228
19245, 3269, -228
19248, 3268, -228
19251, 3268, -228
19254, 3268, -228
19258, 3269, -228
19261, 3269, -227
19264, 3269, -227
19267, 3269, -228
19270, 3269, -228
19273, 3268, -228
19276, 3268, -228
19280, 3268, -228
19283, 3269, -228
19286, 3269, -228
19289, 3269, -229
19292, 3269, -229
19295, 3269, -230
19298, 3269, -230
19302, 3268, -230
19305, 3268, -230
19308, 3268, -230
19311, 3268, -231
19314, 3268, -232
19318, 3268, -232
19321, 3268, -232
19324, 3268, -232
19328, 3268, -231
19331, 3268, -231
19334, 3268, -231
19338, 3268, -231
19342, 3269, -232
19345, 3269, -233
19349, 3269, -233
19352, 3269, -234
19355, 3269, -235
19359, 3268, -236
19363, 3268, -236
19366, 3268, -236
19370, 3268, -236
19374, 3268, -237
19378, 3268, -237
19382, 3268, -237
19385, 3268, -237
19388, 3268, -237
19393, 3268, -237
19396, 3268, -239
19399, 3268, -239
19403, 3268, -240
19407, 3268, -242
19411, 3268, -242
19415, 3268, -242
19418, 3268, -243
19421, 3268, -243
19424, 3268, -243
19428, 3268, -244
19431, 3268, -244
19434, 3268, -244
19437, 3268, -244
19441, 3268, -244
19444, 3268, -245
19447, 3268, -245
19450, 3268, -246
19454, 3268, -247
19457, 3268, -247
19460, 3268, -247
19463, 3268, -247
19466, 3268, -248
19469, 3268, -248
19472, 3268, -248
19476, 3268, -249
19479, 3268, -249
19482, 3268, -249
19485, 3267, -250
19488, 3267, -251
19491, 3268, -252
19494, 3268, -252
19498, 3268, -252
19502, 3268, -252
19506, 3268, -253
19509, 3268, -253
19513, 3268, -254
19516, 3267, -254
19521, 3268, -255
19525, 3268, -256
21539, 3268, -265
21542, 3268, -265
21545, 3268, -264
21548, 3268, -264
21551, 3268, -263
21554, 3267, -263
21557, 3267, -263
21561, 3267, -264
21564, 3267, -265
21567, 3267, -267
21570, 3267, -268
21573, 3267, -270
21576, 3267, -272
21580, 3267, -274
21583, 3267, -274
21586, 3267, -272
21589, 3266, -271
21592, 3266, -270
21595, 3266, -270
21598, 3267, -270
21602, 3267, -270
21605, 3267, -271
21608, 3267, -272
21611, 3267, -272
21614, 3266, -274
21617, 3266, -276
21620, 3266, -278
21624, 3267, -279
21627, 3267, -276
21630, 3267, -275
21633, 3267, -274
21636, 3267, -273
21639, 3267, -272
21642, 3267, -272
21645, 3267, -273
21649, 3267, -274
21652, 3267, -274
21655, 3267, -276
21659, 3267, -278
21662, 3266, -281
21665, 3267, -282
21669, 3267, -279
21672, 3267, -278
21675, 3267, -276
21678, 3267, -275
21682, 3267, -275
21685, 3267, -275
21688, 3266, -275
21691, 3266, -276
21694, 3266, -277
21697, 3266, -279
21701, 3266, -280
21704, 3266, -282
21707, 3266, -283
21710, 3266, -282
21714, 3267, -280
21717, 3267, -279
21720, 3267, -277
21723, 3267, -276
21726, 3267, -276
21730, 3267, -276
21733, 3267, -277
21736, 3267, -279
21739, 3266, -281
21742, 3266, -281
21745, 3266, -283
21748, 3266, -285
21751, 3266, -285
21754, 3267, -283
21758, 3267, -280
21761, 3267, -278
21764, 3267, -277
21767, 3267, -277
21770, 3267, -277
21773, 3267, -278
21776, 3267, -278
21779, 3267, -280
21783, 3267, -282
21786, 3267, -283
21789, 3267, -284
21792, 3267, -286
21795, 3267, -286
21798, 3267, -283
21801, 3266, -281
21805, 3266, -279
21808, 3266, -278
21811, 3267, -277
21814, 3266, -277
21817, 3267, -278
21820, 3266, -280
21823, 3266, -282
21826, 3266, -284
21830, 3266, -285
21833, 3266, -287
21836, 3266, -290
21839, 3266, -289
21842, 3266, -287
21845, 3266, -286
21848, 3266, -283
21851, 3266, -283
21854, 3267, -282
21857, 3267, -282
21861, 3267, -283
21864, 3267, -284
21867, 3266, -285
21870, 3266, -286
21873, 3266, -289
21876, 3266, -290
21880, 3266, -292
21883, 3266, -291
21886, 3266, -288
21889, 3266, -287
21892, 3266, -285
21895, 3266, -284
21898, 3266, -284
21901, 3266, -284
21905, 3266, -284
21908, 3266, -285
21911, 3266, -287
21914, 3266, -288
21917, 3265, -289
21920, 3265, -291
21924, 3266, -293
21927, 3266, -293
21931, 3266, -291
21934, 3266, -289
21937, 3266, -288
21940, 3266, -286
21943, 3266, -285
21946, 3266, -285
21949, 3266, -285
21953, 3266, -286
21956, 3266, -287
21959, 3267, -289
21962, 3266, -291
21965, 3266, -293
21968, 3265, -295
21971, 3266, -295
21975, 3266, -292
21978, 3266, -291
21981, 3266, -289
21984, 3266, -288
21987, 3266, -286
21990, 3266, -286
21993, 3266, -286
21996, 3266, -286
22000, 3266, -288
22003, 3266, -290
22006, 3265, -292
22009, 3265, -295
22012, 3265, -298
22015, 3265, -299
22018, 3265, -297
22022, 3265, -295
22025, 3265, -294
22028, 3265, -292
22031, 3266, -291
22034, 3266, -291
22037, 3266, -291
22040, 3266, -292
22043, 3266, -293
22047, 3266, -294
22050, 3266, -296
22053, 3266, -299
22056, 3266, -300
22059, 3266, -302
22062, 3266, -303
22065, 3266, -301
22068, 3266, -300
22072, 3266, -299
22075, 3266, -298
22078, 3266, -297
22081, 3266, -297
22084, 3266, -297
22087, 3266, -297
22090, 3266, -298
22093, 3266, -300
22096, 3265, -301
22100, 3265, -303
22103, 3265, -305
22106, 3265, -307
22109, 3265, -309
22112, 3265, -306
22115, 3265, -304
22118, 3266, -303
22122, 3266, -302
22125, 3266, -301
22129, 3266, -300
22133, 3265, -300
22137, 3265, -301
22141, 3266, -303
22144, 3266, -304
22148, 3266, -306
22152, 3266, -309
22155, 3266, -311
22158, 3265, -311
22161, 3265, -309
22164, 3265, -307
22167, 3265, -306
22171, 3266, -304
22174, 3266, -304
22177, 3266, -304
22180, 3266, -304
22184, 3266, -305
22188, 3266, -305
22191, 3266, -307
22195, 3266, -309
22198, 3265, -311
22202, 3265, -313
22205, 3265, -316
22209, 3265, -313
22212, 3265, -312
22215, 3265, -310
22220, 3265, -308
22223, 3265, -308
22227, 3265, -308
22231, 3265, -309
22234, 3265, -310
22238, 3265, -311
22241, 3265, -313
22244, 3265, -316
22249, 3265, -318
22252, 3265, -320
22256, 3265, -321
22259, 3265, -319
22262, 3265, -318
22265, 3265, -316
22268, 3265, -314
22272, 3265, -314
22275, 3265, -313
22279, 3266, -314
22282, 3266, -315
22287, 3266, -317
22291, 3265, -318
22294, 3265, -320
22297, 3265, -323
22301, 3265, -324
22304, 3264, -326
22308, 3265, -327
22311, 3265, -325
22314, 3265, -324
22318, 3265, -321
22322, 3265, -321
22326, 3265, -320
22329, 3264, -319
22333, 3265, -320
22336, 3265, -320
22341, 3265, -321
22344, 3265, -323
22348, 3265, -326
22352, 3264, -329
22355, 3264, -331
22359, 3264, -332
22362, 3264, -330
22365, 3264, -328
22368, 3264, -327
22372, 3264, -326
22375, 3265, -325
22378, 3264, -325
22381, 3264, -325
22384, 3264, -327
22387, 3264, -328
22391, 3264, -328
22394, 3264, -329
22397, 3264, -329
22400, 3264, -330
22404, 3265, -332
22407, 3265, -335
22410, 3265, -337
22413, 3264, -340
22416, 3264, -339
22419, 3264, -337
22422, 3264, -335
22425, 3265, -333
22429, 3265, -333
22433, 3265, -332
22437, 3265, -331
22440, 3264, -331
22444, 3264, -332
22448, 3264, -333
22452, 3264, -335
22455, 3264, -335
22459, 3264, -338
22462, 3264, -341
22467, 3265, -344
22470, 3264, -346
22473, 3264, -347
22476, 3264, -345
22479, 3264, -343
22483, 3264, -341
22486, 3264, -341
22489, 3265, -340
22493, 3264, -338
22496, 3264, -338
22499, 3264, -338
22503, 3264, -338
22506, 3264, -340
22510, 3263, -342
22513, 3264, -343
22517, 3263, -345
22520, 3263, -347
22524, 3263, -350
22528, 3263, -354
22531, 3263, -354
22536, 3264, -351
22540, 3264, -350
22544, 3264, -349
22547, 3264, -349
22551, 3264, -349
22554, 3264, -348
22558, 3264, -349
22562, 3263, -349
22566, 3263, -352
22570, 3263, -353
22574, 3263, -356
22579, 3263, -357
22582, 3263, -359
22585, 3264, -360
22588, 3264, -362
22591, 3263, -365
22595, 3263, -365
22598, 3263, -364
22601, 3263, -363
22604, 3263, -362
22607, 3264, -360
22611, 3264, -359
22614, 3264, -358
22617, 3264, -358
22620, 3263, -357
22623, 3263, -358
22627, 3263, -359
22630, 3263, -360
22634, 3263, -361
22638, 3263, -364
22642, 3263, -366
22646, 3263, -369
22650, 3263, -370
22653, 3263, -373
22658, 3263, -377
22662, 3263, -378
22665, 3263, -376
22669, 3263, -375
22672, 3263, -372
22675, 3263, -372
22679, 3263, -371
22682, 3263, -371
22685, 3263, -371
22689, 3263, -371
22692, 3263, -371
22696, 3263, -372
22699, 3263, -372
22703, 3263, -374
22706, 3263, -376
22709, 3262, -377
22713, 3262, -379
22716, 3263, -381
22719, 3262, -383
22722, 3262, -385
22726, 3262, -387
22729, 3262, -389
22733, 3262, -391
22736, 3262, -392
22741, 3262, -390
22745, 3262, -388
22749, 3262, -387
22753, 3262, -386
22757, 3261, -386
22760, 3262, -386
22763, 3262, -386
22767, 3262, -386
22771, 3262, -387
22774, 3262, -388
22778, 3262, -389
22781, 3262, -390
22784, 3262, -392
22789, 3262, -393
22792, 3262, -395
22796, 3261, -395
22799, 3261, -397
22802, 3261, -398
22806, 3261, -400
22809, 3261, -402
22812, 3261, -405
22816, 3261, -408
22819, 3261, -408
22822, 3261, -408
22826, 3261, -406
22829, 3262, -405
22833, 3262, -404
22837, 3262, -403
22841, 3262, -403
22844, 3262, -403
22848, 3262, -403
22851, 3261, -403
22855, 3261, -403
22859, 3261, -404
22862, 3261, -405
22866, 3261, -405
22870, 3262, -407
22874, 3261, -408
22877, 3261, -410
22880, 3261, -411
22884, 3261, -414
22887, 3261, -415
22891, 3261, -416
22894, 3261, -418
22897, 3261, -420
22901, 3261, -421
22904, 3260, -423
22907, 3260, -425
22911, 3260, -427
22914, 3260, -429
22917, 3260, -430
22920, 3260, -430
22923, 3260, -429
22926, 3260, -429
22930, 3261, -428
22933, 3261, -427
22936, 3261, -426
22940, 3260, -426
22943, 3260, -425
22947, 3260, -425
22951, 3260, -425
22955, 3260, -425
22959, 3260, -425
22962, 3260, -425
22966, 3260, -426
22970, 3260, -426
22974, 3260, -427
22977, 3260, -427
22981, 3260, -428
22985, 3259, -429
22988, 3260, -431
22992, 3260, -433
22997, 3260, -434
23000, 3260, -435
23003, 3260, -436
23006, 3260, -437
23010, 3260, -439
23013, 3260, -440
23016, 3259, -442
23019, 3259, -444
23023, 3259, -446
23026, 3259, -449
23030, 3259, -451
23033, 3259, -454
23036, 3259, -457
23039, 3259, -461
23043, 3259, -463
23046, 3259, -464
23049, 3258, -463
23052, 3259, -462
23055, 3259, -461
23059, 3259, -461
23062, 3259, -460
23066, 3259, -460
23070, 3259, -459
23073, 3259, -459
23077, 3259, -458
23080, 3259, -458
23084, 3259, -458
23088, 3259, -458
23092, 3259, -459
23096, 3259, -459
23100, 3258, -459
23104, 3258, -459
23108, 3258, -460
23112, 3259, -460
23116, 3259, -460
23120, 3259, -461
23124, 3259, -462
23127, 3258, -462
23131, 3258, -462
23134, 3258, -463
23137, 3258, -463
23141, 3258, -464
23144, 3258, -464
23147, 3258, -464
23150, 3258, -465
23153, 3258, -466
23157, 3259, -467
23160, 3259, -467
23163, 3259, -468
23168, 3259, -470
23172, 3258, -471
23176, 3258, -471
23180, 3258, -472
23183, 3257, -473
23186, 3258, -475
23189, 3258, -475
23193, 3258, -476
23196, 3257, -477
23200, 3258, -479
23203, 3258, -480
23206, 3258, -482
23209, 3258, -483
23212, 3258, -484
23215, 3257, -485
23219, 3257, -487
23222, 3257, -489
23226, 3257, -491
23230, 3257, -494
23234, 3257, -495
23237, 3257, -498
23240, 3257, -499
23243, 3257, -500
23246, 3257, -502
23250, 3256, -504
23253, 3256, -506
23256, 3256, -507
23259, 3256, -509
23263, 3256, -511
23266, 3256, -513
23269, 3256, -514
23272, 3256, -515
23275, 3256, -517
23279, 3257, -519
23282, 3256, -520
23285, 3256, -522
23288, 3256, -524
23291, 3256, -526
23294, 3256, -527
23298, 3256, -528
23301, 3255, -529
23304, 3255, -531
23307, 3255, -533
23310, 3255, -534
23314, 3255, -537
23317, 3256, -539
23320, 3256, -541
23323, 3255, -544
23328, 3255, -547
23331, 3255, -550
23334, 3255, -552
23337, 3254, -555
23341, 3254, -558
23345, 3254, -560
23348, 3254, -562
23352, 3254, -565
23355, 3254, -566
23359, 3254, -567
23362, 3254, -568
23365, 3254, -569
23368, 3254, -570
23371, 3254, -571
23375, 3254, -571
23378, 3254, -572
23381, 3255, -572
23384, 3255, -572
23387, 3254, -572
23390, 3254, -573
23394, 3254, -573
23397, 3254, -573
23400, 3254, -573
23403, 3254, -572
23406, 3255, -571
23409, 3254, -571
23412, 3254, -570
23416, 3254, -570
23419, 3254, -569
23422, 3254, -569
23425, 3254, -568
23429, 3254, -567
23432, 3254, -566
23435, 3254, -565
23440, 3253, -564
23443, 3254, -563
23447, 3254, -561
23451, 3254, -559
23456, 3254, -557
23459, 3255, -557
23462, 3254, -556
23465, 3254, -556
23468, 3255, -555
23472, 3255, -553
23475, 3254, -551
23478, 3255, -551
23481, 3255, -550
23484, 3254, -549
23488, 3255, -548
23492, 3255, -546
23495, 3255, -544
23499, 3255, -543
23502, 3256, -542
23506, 3256, -541
23509, 3256, -539
23513, 3256, -537
23517, 3256, -536
23520, 3256, -534
23523, 3255, -533
23527, 3255, -532
23530, 3255, -532
23534, 3255, -531
23538, 3255, -530
23542, 3255, -529
23545, 3255, -526
23550, 3255, -526
23553, 3255, -525
23557, 3255, -524
23561, 3255, -522
23566, 3255, -522
23569, 3255, -521
23572, 3255, -520
23575, 3255, -519
23579, 3255, -519
23582, 3255, -520
23585, 3255, -521
23588, 3255, -521
23592, 3255, -521
23595, 3255, -521
23599, 3255, -521
23602, 3255, -521
23606, 3255, -522
23610, 3255, -522
23613, 3255, -522
23617, 3255, -522
23620, 3255, -523
23624, 3255, -522
23628, 3256, -522
23631, 3256, -521
23635, 3256, -521
23638, 3256, -521
23641, 3256, -522
23644, 3255, -522
23647, 3255, -522
23650, 3255, -522
23654, 3256, -521
23657, 3256, -521
23660, 3256, -521
23663, 3256, -520
23666, 3256, -520
23669, 3256, -520
23672, 3256, -520
23676, 3256, -521
23679, 3256, -520
23682, 3255, -520
23686, 3255, -520
23689, 3255, -520
23692, 3255, -520
23695, 3255, -520
23698, 3255, -519
23702, 3256, -519
23706, 3255, -519
23710, 3256, -520
23713, 3256, -520
23716, 3256, -520
23720, 3256, -520
23723, 3256, -521
23726, 3256, -521
23729, 3256, -521
23733, 3256, -520
23736, 3256, -520
23739, 3255, -520
23743, 3255, -520
23746, 3255, -520
23750, 3255, -521
23754, 3256, -520
23757, 3255, -520
23761, 3256, -519
23765, 3256, -519
23770, 3256, -519
23773, 3256, -520
23776, 3256, -520
23779, 3256, -519
23783, 3256, -519
23786, 3256, -519
23790, 3256, -520
23793, 3256, -520
23796, 3256, -519
23799, 3256, -519
23802, 3256, -519
23806, 3256, -519
23809, 3256, -519
23812, 3256, -518
23815, 3256, -518
23819, 3256, -519
23823, 3256, -519
23826, 3256, -519
23829, 3256, -519
23833, 3255, -519
23836, 3255, -519
23840, 3255, -519
23843, 3255, -519
23846, 3255, -519
23849, 3255, -519
23852, 3256, -519
23855, 3255, -518
23859, 3255, -518
23862, 3255, -518
23865, 3255, -518
23868, 3255, -518
23871, 3255, -517
23874, 3256, -517
23877, 3255, -517
23881, 3255, -517
23884, 3255, -517
23887, 3255, -517
23890, 3255, -517
23894, 3255, -517
23899, 3255, -516
23902, 3255, -515
23905, 3256, -516
23909, 3256, -516
23912, 3256, -516
23915, 3256, -516
23918, 3256, -516
23921, 3255, -515
23924, 3255, -515
23928, 3255, -514
23931, 3255, -514
23934, 3255, -514
23938, 3255, -514
23941, 3256, -514
23944, 3256, -514
23947, 3256, -514
23951, 3256, -514
23954, 3256, -513
23957, 3256, -511
23960, 3256, -510
23963, 3256, -510
23966, 3256, -510
23969, 3256, -511
23973, 3256, -511
25986, 3256, -503
25990, 3256, -502
25994, 3256, -502
25998, 3256, -502
26001, 3256, -502
26005, 3256, -503
26008, 3256, -504
26013, 3256, -505
26017, 3256, -507
26020, 3256, -510
26024, 3256, -514
26028, 3255, -519
26031, 3255, -524
26035, 3255, -528
26039, 3255, -531
26043, 3255, -533
26046, 3255, -535
26050, 3255, -535
26053, 3255, -535
26057, 3255, -534
26060, 3255, -531
26063, 3255, -527
26066, 3255, -524
26069, 3255, -521
26073, 3256, -518
26076, 3256, -515
26080, 3256, -513
26083, 3256, -511
26086, 3257, -508
26090, 3257, -506
26093, 3257, -503
26096, 3257, -499
26100, 3257, -495
26103, 3257, -491
26106, 3256, -488
26110, 3256, -485
26113, 3256, -483
26116, 3257, -479
26120, 3257, -477
26124, 3257, -474
26127, 3257, -472
26131, 3257, -470
26135, 3257, -466
26139, 3257, -462
26143, 3257, -458
26147, 3257, -453
26151, 3257, -450
26155, 3257, -448
26159, 3257, -445
26163, 3257, -443
26167, 3257, -441
26170, 3257, -438
26175, 3257, -436
26179, 3257, -433
26183, 3257, -431
26186, 3257, -428
26190, 3258, -424
26194, 3258, -419
26198, 3258, -414
26202, 3258, -408
26205, 3258, -401
26209, 3258, -397
26212, 3258, -392
26215, 3258, -388
26219, 3259, -385
26222, 3259, -382
26225, 3260, -379
26229, 3259, -378
26232, 3259, -374
26235, 3260, -373
26239, 3260, -371
26243, 3259, -368
26247, 3260, -366
26250, 3260, -364
26253, 3260, -361
26256, 3260, -358
26260, 3260, -354
26264, 3260, -350
26268, 3260, -346
26271, 3260, -341
26274, 3261, -333
26278, 3261, -325
26283, 3261, -318
26287, 3261, -311
26290, 3262, -304
26294, 3262, -295
26298, 3263, -289
26301, 3263, -282
26304, 3264, -276
26308, 3264, -269
26311, 3264, -264
26314, 3264, -259
26318, 3264, -255
26321, 3265, -251
26324, 3265, -248
26327, 3265, -245
26330, 3265, -242
26334, 3265, -240
26337, 3264, -238
26340, 3264, -236
26343, 3264, -234
26346, 3265, -232
26350, 3265, -231
26353, 3265, -229
26357, 3265, -227
26361, 3265, -225
26364, 3265, -224
26368, 3265, -223
26371, 3265, -223
26375, 3265, -222
26379, 3265, -221
26382, 3265, -220
26386, 3265, -220
26390, 3265, -219
26394, 3265, -218
26398, 3265, -218
26401, 3265, -217
26405, 3265, -217
26410, 3265, -217
26413, 3265, -218
26416, 3265, -218
26419, 3265, -218
26424, 3265, -218
26427, 3265, -218
26430, 3265, -218
26434, 3265, -218
26437, 3265, -218
26440, 3265, -218
26443, 3265, -218
26446, 3265, -218
26449, 3265, -218
26453, 3265, -219
26456, 3265, -219
26459, 3265, -219
26463, 3265, -219
26467, 3265, -219
26471, 3265, -219
26474, 3265, -219
26478, 3265, -220
26482, 3265, -221
26485, 3265, -221
26489, 3265, -221
26492, 3265, -222
26495, 3265, -222
26499, 3265, -223
26503, 3265, -224
26506, 3265, -224
26510, 3265, -224
26514, 3265, -224
26518, 3266, -225
26522, 3266, -225
26526, 3265, -225
26530, 3265, -225
26533, 3265, -226
26536, 3265, -227
26539, 3265, -228
26543, 3265, -229
26546, 3266, -229
26549, 3266, -229
26552, 3266, -230
26556, 3266, -230
26559, 3265, -231
26562, 3265, -231
26565, 3265, -232
26568, 3265, -232
26571, 3265, -233
26574, 3265, -233
26577, 3265, -234
26580, 3265, -234
26583, 3265, -234
26586, 3265, -234
26589, 3265, -234
26593, 3265, -235
26596, 3264, -235
26599, 3265, -235
26602, 3265, -235
26605, 3265, -236
26608, 3265, -237
26611, 3266, -238
26614, 3266, -238
26617, 3266, -238
26621, 3265, -238
26624, 3265, -239
26627, 3265, -239
26631, 3265, -240
26634, 3265, -240
26638, 3265, -242
26641, 3265, -242
26644, 3265, -243
26648, 3265, -243
26651, 3265, -243
26654, 3265, -244
26657, 3265, -244
26661, 3265, -245
26664, 3265, -246
26667, 3265, -246
26670, 3265, -246
26674, 3265, -247
26678, 3265, -247
26681, 3265, -248
26685, 3265, -249
26688, 3265, -250
26692, 3265, -250
26695, 3265, -251
26699, 3265, -251
26702, 3264, -252
26706, 3264, -252
26710, 3264, -253
26713, 3265, -253
26717, 3265, -253
26720, 3265, -254
26724, 3265, -254
26727, 3265, -255
26730, 3265, -254
26734, 3265, -253
26738, 3265, -252
26742, 3265, -251
26745, 3265, -251
26749, 3265, -251
26752, 3265, -250
26757, 3265, -250
26760, 3265, -249
26764, 3265, -249
26767, 3264, -249
26771, 3265, -249
26775, 3265, -249
26778, 3264, -249
26781, 3265, -249
26784, 3265, -249
26787, 3265, -249
26791, 3265, -249
26794, 3265, -249
26797, 3265, -249
26801, 3265, -249
26804, 3265, -249
26807, 3265, -249
26810, 3265, -249
26814, 3265, -249
26818, 3265, -249
26821, 3265, -249
26825, 3265, -248
26828, 3265, -248
26831, 3265, -248
26834, 3265, -248
26838, 3264, -249
26841, 3264, -249
26844, 3265, -248
26847, 3265, -247
26850, 3265, -247
26853, 3265, -248
26857, 3265, -248
26860, 3265, -247
26863, 3265, -248
26866, 3265, -247
26869, 3264, -247
26872, 3264, -247
26875, 3264, -247
26879, 3264, -247
26882, 3264, -246
26886, 3265, -246
26889, 3265, -247
26892, 3264, -247
26896, 3264, -247
26899, 3265, -248
26902, 3265, -248
26906, 3265, -248
26909, 3265, -248
26912, 3265, -248
26915, 3265, -249
26919, 3265, -249
26922, 3265, -249
26925, 3266, -249
26929, 3266, -249
26933, 3266, -250
26936, 3265, -250
26940, 3265, -250
26943, 3265, -250
26947, 3265, -250
26951, 3265, -250
26955, 3265, -250
26958, 3265, -250
26962, 3264, -250
26965, 3264, -250
26968, 3264, -250
26972, 3264, -250
26975, 3265, -250
26978, 3265, -249
26981, 3265, -249
26984, 3265, -249
26987, 3266, -250
26991, 3265, -250
26994, 3265, -250
26998, 3265, -250
27002, 3265, -250
27005, 3265, -250
27010, 3265, -251
27013, 3265, -251
27017, 3265, -250
27020, 3265, -250
27024, 3264, -249
27028, 3264, -249
27032, 3264, -249
27036, 3265, -250
27039, 3265, -250
27043, 3265, -250
27046, 3265, -251
27050, 3265, -251
27054, 3264, -251
27058, 3264, -251
27063, 3264, -251
27067, 3265, -251
27071, 3265, -251
27075, 3265, -252
27078, 3265, -252
27081, 3265, -252
27085, 3265, -252
27088, 3265, -252
27091, 3265, -253
27095, 3265, -252
27098, 3265, -252
27101, 3264, -252
27104, 3265, -252
27108, 3265, -252
27111, 3265, -253
27115, 3265, -253
27118, 3265, -253
27123, 3265, -253
27126, 3265, -254
27130, 3265, -254
27134, 3265, -255
27137, 3265, -255
27141, 3264, -255
27145, 3264, -255
27148, 3264, -255
27152, 3264, -255
27156, 3264, -255
27160, 3265, -255
27164, 3265, -255
27168, 3265, -255
27172, 3265, -255
27175, 3265, -255
27179, 3265, -255
27183, 3265, -255
27186, 3265, -256
29199, 3265, -261
29203, 3265, -262
29207, 3264, -262
29210, 3264, -261
29214, 3264, -261
29218, 3264, -262
29221, 3264, -262
29226, 3264, -262
29229, 3264, -262
29233, 3264, -262
29236, 3265, -263
29240, 3264, -263
29243, 3264, -263
29247, 3265, -265
29250, 3265, -266
29254, 3265, -268
29257, 3265, -270
29261, 3265, -272
29264, 3265, -274
29268, 3265, -276
29271, 3264, -279
29274, 3264, -282
29277, 3264, -285
29281, 3264, -288
29284, 3264, -290
29288, 3264, -292
29292, 3264, -294
29296, 3264, -295
29300, 3264, -295
29303, 3264, -295
29307, 3265, -295
29310, 3264, -294
29314, 3264, -292
29317, 3264, -292
29320, 3265, -289
29323, 3264, -287
29327, 3264, -284
29330, 3264, -282
29333, 3264, -279
29337, 3264, -276
29340, 3264, -274
29343, 3265, -272
29347, 3265, -271
29351, 3265, -270
29354, 3265, -269
29357, 3265, -268
29361, 3265, -266
29364, 3265, -265
29367, 3265, -264
29372, 3265, -263
29375, 3265, -262
29378, 3265, -259
29383, 3265, -258
29386, 3265, -256
29389, 3265, -253
29393, 3265, -250
29396, 3265, -247
29399, 3265, -244
29402, 3265, -240
29406, 3265, -238
29409, 3265, -232
29414, 3265, -231
29417, 3265, -230
29421, 3265, -228
29424, 3265, -227
29427, 3265, -226
29430, 3265, -226
29433, 3265, -226
29436, 3265, -226
29440, 3265, -226
29443, 3265, -224
29446, 3266, -223
29451, 3266, -222
29454, 3266, -221
29457, 3266, -221
29460, 3266, -220
29463, 3265, -220
29466, 3266, -219
29469, 3265, -217
29473, 3266, -217
29476, 3266, -215
29479, 3266, -214
29482, 3266, -213
29486, 3266, -211
29489, 3266, -209
29492, 3266, -207
29495, 3266, -206
29498, 3266, -204
29501, 3266, -203
29505, 3266, -200
29508, 3266, -199
29511, 3266, -197
29514, 3266, -195
29517, 3266, -193
29520, 3266, -190
29523, 3267, -187
29527, 3267, -185
29530, 3266, -185
29533, 3266, -184
29536, 3267, -184
29539, 3267, -184
29543, 3267, -184
29546, 3267, -184
29549, 3267, -184
29552, 3267, -184
29555, 3268, -184
29558, 3267, -184
29561, 3267, -184
29565, 3267, -183
29568, 3267, -183
29571, 3266, -183
29574, 3266, -182
29577, 3267, -182
29581, 3267, -182
29584, 3267, -181
29587, 3267, -181
29590, 3267, -180
29593, 3267, -180
29597, 3267, -180
29600, 3267, -179
29603, 3267, -179
29606, 3268, -178
29610, 3267, -177
29613, 3267, -177
29616, 3267, -176
29619, 3267, -176
29622, 3266, -175
29625, 3266, -174
29628, 3267, -174
29631, 3267, -173
29635, 3267, -173
29638, 3267, -172
29641, 3268, -171
29644, 3268, -170
29647, 3267, -168
29650, 3268, -167
29653, 3268, -166
29656, 3268, -165
29659, 3267, -163
29662, 3268, -162
29666, 3267, -160
29669, 3268, -160
29672, 3268, -159
29675, 3268, -156
29679, 3268, -154
29682, 3268, -153
29686, 3268, -151
29689, 3268, -150
29692, 3268, -148
29696, 3268, -145
29699, 3268, -143
29702, 3268, -142
29706, 3269, -140
29709, 3269, -139
29713, 3269, -137
29717, 3269, -136
29720, 3269, -135
29724, 3269, -133
29727, 3269, -130
29732, 3269, -128
31745, 3269, -114
31749, 3270, -114
31752, 3270, -114
31755, 3270, -113
31759, 3270, -113
31762, 3270, -112
31766, 3271, -111
31770, 3271, -111
31773, 3271, -111
31777, 3271, -111
31780, 3271, -111
31783, 3271, -112
31786, 3271, -112
31791, 3270, -111
31794, 3270, -111
31798, 3270, -112
31801, 3270, -113
31805, 3270, -113
31809, 3270, -114
31813, 3270, -114
31816, 3270, -114
31820, 3270, -114
31825, 3270, -115
31829, 3270, -115
31832, 3270, -116
31835, 3270, -116
31839, 3270, -116
31842, 3270, -116
31845, 3270, -116
31849, 3270, -118
31852, 3270, -118
31855, 3270, -118
31858, 3270, -120
31861, 3271, -121
31865, 3271, -121
31868, 3271, -122
31871, 3271, -124
31875, 3270, -125
31878, 3271, -126
31881, 3270, -128
31884, 3270, -130
31888, 3270, -130
31891, 3270, -132
31894, 3270, -134
31898, 3270, -137
31902, 3270, -139
31905, 3270, -141
31909, 3270, -142
31913, 3271, -143
31917, 3270, -144
31920, 3270, -144
31923, 3270, -144
31926, 3270, -145
31930, 3270, -145
31934, 3270, -146
31937, 3270, -146
31941, 3270, -146
31944, 3270, -145
31948, 3270, -145
31951, 3270, -144
31954, 3270, -144
31958, 3270, -144
31961, 3270, -143
31964, 3269, -142
31968, 3269, -141
31972, 3270, -139
31975, 3270, -138
31979, 3270, -137
31982, 3270, -136
31986, 3270, -134
31989, 3270, -132
31994, 3270, -130
31997, 3270, -128
32000, 3270, -125
32004, 3270, -123
32007, 3270, -122
32012, 3270, -119
32015, 3270, -118
32019, 3270, -118
32023, 3270, -119
32026, 3270, -119
32030, 3270, -119
32034, 3270, -119
32037, 3270, -118
32040, 3270, -117
32044, 3270, -116
32047, 3270, -116
32050, 3271, -116
32054, 3271, -116
32057, 3271, -116
32060, 3270, -116
32064, 3270, -115
32067, 3270, -115
32071, 3270, -115
32074, 3270, -114
32078, 3270, -114
32082, 3270, -113
32085, 3270, -112
32089, 3270, -111
32093, 3271, -111
32096, 3271, -109
32101, 3271, -108
32104, 3271, -106
32108, 3271, -105
32112, 3271, -104
32115, 3271, -103
32119, 3271, -101
32122, 3271, -100
32126, 3271, -97
32129, 3271, -96
32134, 3271, -95
32137, 3271, -94
32141, 3271, -92
32145, 3271, -88
32149, 3271, -87
32153, 3271, -85
32156, 3271, -84
32159, 3271, -83
32162, 3271, -81
32165, 3271, -80
32169, 3271, -77
32172, 3271, -76
32175, 3271, -75
32178, 3271, -73
32181, 3272, -72
32184, 3272, -71
32188, 3271, -70
32191, 3272, -70
32194, 3272, -69
32197, 3272, -68
32200, 3272, -68
32203, 3272, -67
32206, 3272, -67
32209, 3272, -65
32212, 3272, -63
32215, 3272, -62
32218, 3272, -59
32222, 3272, -57
32225, 3272, -56
32228, 3272, -52
32232, 3272, -50
32235, 3272, -49
32238, 3272, -47
32241, 3272, -45
32245, 3272, -44
32248, 3272, -42
32252, 3273, -40
32255, 3273, -38
32260, 3272, -37
32263, 3273, -35
32266, 3273, -34
32269, 3272, -33
32273, 3272, -32
32276, 3273, -30
32279, 3273, -29
32283, 3272, -29
32286, 3272, -28
32290, 3272, -27
32293, 3272, -26
32297, 3273, -26
32301, 3273, -25
32305, 3273, -25
32308, 3273, -24
32312, 3273, -24
32315, 3273, -24
32320, 3273, -24
32324, 3273, -24
32327, 3273, -24
32330, 3273, -24
32334, 3273, -24
32337, 3273, -23
32341, 3273, -23
32344, 3273, -23
32348, 3273, -23
32353, 3273, -23
32356, 3273, -22
32360, 3273, -22
32364, 3273, -21
32367, 3273, -21
32372, 3273, -21
32375, 3273, -21
32378, 3274, -21
32381, 3274, -22
32384, 3274, -22
32388, 3273, -22
32391, 3273, -22
32394, 3273, -22
32397, 3273, -23
32401, 3273, -23
32404, 3273, -23
32408, 3273, -24
32412, 3273, -25
32415, 3273, -25
32419, 3273, -25
32422, 3273, -25
32426, 3273, -25
32429, 3273, -25
32433, 3273, -25
32437, 3273, -25
32441, 3273, -25
32444, 3273, -25
32448, 3273, -26
32451, 3273, -26
32455, 3273, -26
32458, 3273, -26
32461, 3273, -27
32465, 3273, -27
32469, 3273, -27
32472, 3273, -27
32476, 3273, -27
32480, 3273, -27
32484, 3273, -27
32487, 3273, -28
32491, 3273, -28
32494, 3273, -28
32497, 3273, -29
32500, 3273, -29
32504, 3273, -29
32507, 3273, -29
32510, 3273, -29
32514, 3273, -29
32517, 3273, -30
32520, 3272, -30
32524, 3273, -32
32527, 3273, -32
32530, 3273, -33
32533, 3273, -34
32536, 3273, -34
32540, 3273, -34
32543, 3273, -34
32546, 3273, -35
32549, 3273, -35
32553, 3273, -36
32556, 3273, -36
32559, 3273, -37
32563, 3273, -38
32566, 3273, -39
32570, 3273, -39
32573, 3273, -39
32577, 3272, -39
32580, 3272, -40
32583, 3272, -40
32588, 3272, -40
32592, 3272, -40
32595, 3273, -41
32598, 3273, -41
32601, 3273, -41
32605, 3273, -42
32608, 3273, -42
32611, 3273, -42
32614, 3273, -43
32618, 3273, -44
32621, 3273, -43
32625, 3273, -44
32628, 3273, -44
32631, 3273, -44
32634, 3273, -44
32638, 3273, -45
32642, 3273, -46
32645, 3273, -46
32648, 3273, -46
32652, 3273, -47
32655, 3273, -47
32659, 3273, -47
32663, 3273, -47
32666, 3273, -47
32671, 3273, -48
32674, 3273, -49
32678, 3273, -50
32682, 3273, -50
32685, 3273, -51
34700, 3273, -52
34703, 3273, -52
34707, 3273, -52
34710, 3273, -52
34714, 3273, -51
34717, 3273, -51
34722, 3273, -51
34725, 3273, -51
34729, 3273, -51
34732, 3273, -51
34735, 3273, -50
34739, 3273, -50
34742, 3273, -50
34746, 3273, -51
34749, 3273, -51
34752, 3273, -51
34755, 3273, -50
34759, 3273, -50
34762, 3273, -49
34767, 3273, -50
34771, 3273, -50
34775, 3272, -50
34778, 3272, -50
34782, 3272, -50
34786, 3273, -51
34791, 3273, -51
34794, 3273, -51
34797, 3273, -51
34800, 3273, -51
34803, 3273, -52
34807, 3273, -52
34810, 3273, -52
34813, 3273, -52
34816, 3273, -52
34819, 3272, -52
34823, 3273, -52
34826, 3273, -51
34829, 3273, -51
34832, 3273, -51
34835, 3273, -51
34839, 3273, -51
34842, 3273, -51
34845, 3273, -52
34849, 3273, -52
34852, 3273, -52
34855, 3272, -53
34858, 3272, -54
34862, 3272, -54
34865, 3272, -54
34868, 3273, -54
34871, 3273, -54
34875, 3273, -54
34878, 3273, -55
34881, 3273, -56
34884, 3273, -56
34887, 3273, -56
34891, 3273, -56
34894, 3273, -56
34897, 3273, -57
34900, 3273, -57
34903, 3273, -57
34906, 3273, -57
34909, 3273, -57
34912, 3273, -57
34915, 3273, -58
34919, 3273, -59
34922, 3273, -59
34925, 3272, -59
34928, 3273, -59
34931, 3273, -60
34934, 3273, -60
34938, 3273, -60
34941, 3273, -60
34944, 3273, -60
34947, 3273, -60
34950, 3272, -60
34953, 3272, -60
34956, 3273, -60
34959, 3273, -61
34963, 3273, -61
34966, 3272, -62
34969, 3273, -62
34972, 3273, -62
34975, 3273, -63
34979, 3273, -63
34982, 3273, -63
34985, 3273, -64
34988, 3273, -65
34991, 3273, -66
34994, 3273, -67
34998, 3273, -67
35001, 3273, -69
35004, 3273, -69
35008, 3272, -70
35011, 3273, -71
35015, 3273, -72
35018, 3273, -72
35022, 3273, -72
35026, 3273, -73
35030, 3272, -73
35033, 3272, -74
35036, 3272, -75
35040, 3272, -76
35043, 3272, -76
35046, 3272, -78
35049, 3273, -80
35053, 3273, -81
35057, 3273, -82
35060, 3272, -83
35063, 3273, -85
35068, 3272, -86
35071, 3273, -88
35076, 3273, -88
35079, 3273, -89
35083, 3272, -89
35086, 3272, -90
35090, 3272, -91
35094, 3272, -92
35099, 3272, -92
35102, 3273, -92
35107, 3272, -92
35110, 3272, -92
35113, 3272, -92
35116, 3272, -91
35121, 3272, -91
35125, 3272, -91
35129, 3272, -91
35132, 3272, -91
35135, 3272, -91
35139, 3272, -90
35142, 3273, -89
35145, 3273, -88
35149, 3273, -87
35152, 3273, -87
35156, 3273, -86
35160, 3273, -86
35164, 3273, -86
35167, 3273, -85
35171, 3273, -84
35175, 3272, -83
35178, 3272, -82
35181, 3272, -82
35184, 3272, -81
35187, 3272, -80
35190, 3272, -79
35193, 3272, -79
35197, 3272, -77
35200, 3272, -76
35203, 3273, -76
35206, 3272, -74
35210, 3272, -72
35213, 3272, -72
35216, 3272, -71
35219, 3272, -70
35222, 3272, -70
35225, 3272, -68
35228, 3272, -67
35231, 3272, -66
35234, 3273, -65
35237, 3273, -64
35240, 3273, -62
35243, 3273, -61
35246, 3273, -60
35250, 3273, -59
35253, 3273, -59
35256, 3273, -59
35259, 3273, -60
35262, 3273, -61
35266, 3273, -61
35270, 3273, -61
35274, 3273, -61
35277, 3273, -60
35281, 3273, -60
35285, 3273, -60
35288, 3273, -60
35292, 3273, -60
35296, 3273, -60
35300, 3273, -60
35304, 3273, -60
35307, 3273, -59
35311, 3273, -59
35314, 3273, -59
35319, 3273, -59
35322, 3273, -59
35325, 3273, -59
35329, 3273, -59
35333, 3273, -59
35336, 3273, -58
35340, 3273, -59
35344, 3273, -59
35348, 3273, -59
35351, 3273, -59
35355, 3273, -59
35358, 3273, -59
35361, 3273, -59
35364, 3273, -58
35367, 3273, -57
35371, 3273, -57
35374, 3273, -56
35377, 3273, -56
35380, 3273, -56
35384, 3273, -55
35388, 3273, -55
35391, 3272, -55
35395, 3273, -55
35398, 3273, -55
35402, 3273, -54
35406, 3273, -53
35410, 3273, -52
35413, 3273, -52
35417, 3273, -52
35420, 3273, -52
35424, 3273, -52
35428, 3273, -52
35431, 3273, -51
35434, 3272, -51
35438, 3273, -50
35441, 3273, -49
35444, 3273, -49
35447, 3273, -49
35450, 3273, -48
35453, 3273, -48
35457, 3274, -47
35460, 3273, -46
35463, 3273, -46
35466, 3274, -45
35469, 3274, -45
35472, 3273, -45
35476, 3273, -44
35479, 3273, -44
35483, 3273, -44
35486, 3273, -43
35489, 3272, -43
35492, 3273, -43
35495, 3272, -43
35498, 3272, -43
35501, 3273, -42
35504, 3273, -42
35508, 3273, -41
35511, 3273, -40
35514, 3273, -40
35517, 3273, -40
35520, 3273, -40
35524, 3273, -39
35527, 3273, -38
35530, 3273, -38
35533, 3273, -38
35536, 3273, -37
35539, 3273, -37
35543, 3273, -37
35546, 3273, -37
35549, 3273, -37
35552, 3273, -36
35555, 3273, -36
35558, 3274, -35
35561, 3274, -35
35565, 3274, -35
35568, 3273, -34
35571, 3273, -34
35574, 3273, -34
35577, 3273, -34
35580, 3273, -33
35584, 3274, -33
35587, 3274, -33
35590, 3274, -32
35593, 3273, -32
35597, 3274, -32
35600, 3273, -32
35603, 3273, -32
35607, 3274, -32
35610, 3274, -32
35614, 3274, -31
35617, 3274, -31
35621, 3273, -30
37635, 3274, -16
37639, 3274, -17
37642, 3274, -17
37645, 3274, -17
37648, 3274, -18
37652, 3274, -18
37655, 3274, -18
37658, 3274, -18
37661, 3274, -18
37665, 3274, -19
37668, 3274, -18
37672, 3274, -18
37675, 3274, -18
37678, 3274, -18
37681, 3274, -18
37684, 3274, -18
37688, 3274, -18
37691, 3274, -17
37694, 3274, -17
37697, 3274, -17
37700, 3274, -17
37704, 3274, -18
37707, 3274, -18
37710, 3274, -18
37714, 3274, -18
37717, 3274, -18
37721, 3274, -18
37724, 3275, -18
37727, 3275, -18
37731, 3274, -18
37734, 3274, -18
37737, 3274, -18
37741, 3274, -19
37744, 3274, -19
37747, 3274, -19
37750, 3274, -19
37754, 3274, -18
37757, 3274, -18
37760, 3274, -18
37764, 3274, -18
37767, 3274, -18
37770, 3274, -19
37774, 3275, -19
37777, 3274, -18
37781, 3274, -18
37784, 3274, -18
37787, 3273, -19
37791, 3274, -19
37794, 3274, -19
37797, 3274, -19
37801, 3274, -19
37804, 3274, -19
37808, 3274, -20
37811, 3274, -20
37814, 3274, -20
37817, 3274, -20
37821, 3274, -20
37824, 3274, -20
37827, 3274, -20
37831, 3274, -20
37834, 3274, -20
37838, 3275, -21
37841, 3274, -21
37844, 3274, -21
37848, 3274, -21
37851, 3274, -21
37854, 3273, -20
37858, 3273, -20
37862, 3273, -20
37866, 3273, -21
37870, 3273, -21
37874, 3273, -21
37878, 3273, -19
37882, 3274, -20
37886, 3274, -21
37890, 3274, -21
37894, 3274, -21
37897, 3274, -23
37900, 3274, -23
37903, 3274, -24
37906, 3274, -24
37910, 3274, -25
37913, 3274, -25
37916, 3274, -25
37919, 3274, -26
37922, 3274, -26
37926, 3273, -26
37929, 3273, -26
37932, 3274, -27
37935, 3274, -27
37938, 3273, -27
37941, 3273, -27
37944, 3273, -27
37948, 3273, -27
37951, 3273, -27
37954, 3273, -28
37957, 3273, -29
37960, 3274, -29
37964, 3274, -29
37967, 3274, -29
37970, 3274, -31
37973, 3274, -31
37977, 3274, -32
37980, 3274, -32
37983, 3274, -32
37986, 3274, -33
37989, 3274, -33
37992, 3274, -33
37997, 3274, -34
38000, 3274, -36
38003, 3274, -37
38007, 3274, -38
38010, 3273, -39
38013, 3273, -41
38017, 3273, -42
38020, 3273, -43
38023, 3274, -44
38026, 3274, -45
38030, 3274, -47
38033, 3274, -48
38036, 3274, -49
38040, 3274, -52
38044, 3274, -53
38047, 3274, -55
38050, 3274, -57
38055, 3273, -59
38059, 3273, -59
38062, 3273, -61
38067, 3273, -62
38070, 3273, -62
38073, 3273, -63
38077, 3273, -64
38080, 3273, -65
38083, 3273, -65
38087, 3274, -65
38091, 3273, -65
38094, 3274, -65
38098, 3273, -66
38102, 3273, -66
38106, 3273, -65
38110, 3274, -65
38113, 3273, -63
38116, 3274, -63
38120, 3274, -63
38123, 3274, -63
38126, 3273, -63
38130, 3273, -63
38133, 3273, -62
38136, 3273, -61
38139, 3273, -61
38142, 3273, -61
38146, 3274, -60
38149, 3273, -60
38152, 3274, -58
38157, 3274, -57
38160, 3274, -56
38163, 3274, -54
38167, 3274, -53
38171, 3274, -53
38175, 3274, -51
38178, 3274, -50
38183, 3274, -48
38187, 3274, -46
38190, 3274, -45
38194, 3273, -44
38197, 3273, -42
38201, 3273, -40
38205, 3273, -39
38208, 3273, -37
38212, 3273, -35
38217, 3274, -33
38220, 3274, -32
38224, 3274, -31
38228, 3274, -29
38231, 3274, -27
38234, 3273, -27
38237, 3273, -27
38240, 3273, -27
38243, 3274, -27
38247, 3274, -28
38250, 3274, -29
38253, 3274, -29
38257, 3274, -29
38261, 3274, -29
38264, 3274, -29
38268, 3274, -29
38272, 3274, -29
38275, 3273, -29
38279, 3273, -29
38283, 3274, -29
38287, 3274, -30
38290, 3274, -30
38294, 3274, -30
38298, 3274, -30
38302, 3274, -30
38305, 3274, -30
38308, 3274, -29
38312, 3274, -28
38316, 3274, -28
38320, 3274, -28
38323, 3274, -28
38326, 3274, -27
38330, 3273, -26
38333, 3273, -26
38336, 3274, -26
38340, 3274, -26
38343, 3274, -26
38346, 3274, -26
38350, 3274, -26
38353, 3273, -26
38356, 3273, -25
38360, 3273, -25
38363, 3273, -25
38366, 3273, -25
38369, 3273, -25
38373, 3273, -25
38377, 3274, -24
38380, 3274, -24
38384, 3274, -24
38388, 3274, -24
38392, 3274, -23
38395, 3274, -23
38399, 3274, -23
38402, 3274, -23
38405, 3273, -22
38409, 3274, -22
38412, 3274, -21
38416, 3274, -20
38419, 3274, -20
38422, 3274, -20
38426, 3274, -19
38429, 3274, -18
38432, 3274, -18
38436, 3274, -18
38439, 3275, -17
38443, 3274, -16
38448, 3275, -16
38451, 3275, -16
38454, 3274, -16
38457, 3274, -16
38461, 3274, -16
38464, 3274, -15
38468, 3274, -14
38471, 3274, -13
38474, 3274, -13
38477, 3274, -13
38481, 3275, -13
38484, 3275, -13
38487, 3275, -12
38491, 3275, -12
38494, 3274, -11
38497, 3274, -11
38500, 3274, -11
38505, 3274, -11
38508, 3274, -11
38511, 3274, -11
38515, 3274, -10
38518, 3274, -10
38522, 3275, -10
38525, 3275, -8
38529, 3275, -8
38533, 3274, -8
38537, 3274, -7
38541, 3274, -7
38544, 3274, -7
38548, 3274, -6
38552, 3275, -5
38556, 3275, -5
38559, 3275, -4
38563, 3275, -3
38566, 3275, -3
38569, 3275, -3
38572, 3275, -3
38576, 3275, -3
38579, 3275, -4
38582, 3275, -4
38585, 3274, -4
38588, 3274, -4
38591, 3274, -3
38595, 3275, -2
38598, 3275, -2
38602, 3275, -2
38606, 3275, -1
38610, 3275, 0
