4899, 2079, 11, 2079
4907, 2078, 10, 2077
4916, 2078, 6, 2079
4925, 2078, -8, 2079
4933, 2078, -22, 2078
4941, 2077, -56, 2076
4950, 2077, -94, 2075
4958, 2076, -139, 2072
4966, 2074, -216, 2070
4975, 2072, -275, 2068
4983, 2069, -369, 2063
4992, 2067, -446, 2064
5000, 2065, -547, 2060
5010, 2062, -639, 2057
5018, 2059, -728, 2055
5027, 2057, -838, 2050
5035, 2054, -925, 2050
5043, 2051, -1043, 2044
5051, 2048, -1137, 2043
5060, 2045, -1249, 2039
5068, 2042, -1372, 2038
5077, 2039, -1478, 2035
5085, 2036, -1629, 2029
5095, 2034, -1733, 2029
5103, 2030, -1876, 2022
5112, 2027, -1985, 2023
5120, 2024, -2132, 2017
5130, 2021, -2257, 2017
5138, 2018, -2383, 2012
5147, 2015, -2528, 2010
5155, 2012, -2643, 2007
5164, 2009, -2798, 2003
5172, 2006, -2915, 2002
5180, 2003, -3057, 1995
5189, 2000, -3194, 1996
5197, 1997, -3318, 1992
5206, 1994, -3468, 1989
5214, 1991, -3583, 1987
5223, 1989, -3731, 1983
5232, 1986, -3841, 1981
5240, 1983, -3970, 1975
5248, 1979, -4095, 1973
5257, 1976, -4202, 1972
5265, 1974, -4332, 1969
5273, 1970, -4437, 1965
5281, 1967, -4561, 1960
5290, 1965, -4671, 1960
5298, 1962, -4774, 1956
5306, 1959, -4901, 1954
5315, 1956, -5000, 1952
5323, 1953, -5122, 1946
5332, 1950, -5219, 1946
5340, 1947, -5326, 1940
5348, 1945, -5432, 1941
5356, 1942, -5524, 1939
5364, 1940, -5638, 1934
5373, 1937, -5725, 1932
5381, 1934, -5832, 1926
5389, 1931, -5928, 1926
5398, 1928, -6019, 1923
5406, 1925, -6131, 1919
5415, 1922, -6228, 1917
5425, 1919, -6343, 1912
5434, 1916, -6434, 1910
5443, 1912, -6544, 1905
5452, 1910, -6633, 1906
5461, 1906, -6733, 1899
5470, 1903, -6820, 1899
5479, 1900, -6907, 1894
5487, 1897, -7006, 1891
5496, 1894, -7094, 1888
5505, 1891, -7192, 1885
5515, 1888, -7273, 1882
5523, 1884, -7373, 1878
5532, 1882, -7449, 1878
5541, 1878, -7541, 1871
5549, 1876, -7630, 1871
5559, 1872, -7707, 1866
5567, 1869, -7801, 1863
5576, 1866, -7874, 1862
5585, 1863, -7968, 1857
5594, 1856, -8040, 1854
5602, 1853, -8133, 1849
5611, 1846, -8205, 1850
5620, 1847, -8288, 1845
5629, 1844, -8367, 1843
5637, 1841, -8438, 1839
5646, 1838, -8527, 1835
5655, 1829, -8596, 1835
5663, 1832, -8690, 1828
5673, 1823, -8754, 1828
5682, 1824, -8844, 1823
5691, 1822, -8914, 1822
5700, 1818, -8986, 1817
5708, 1816, -9063, 1815
5716, 1812, -9136, 1812
5726, 1809, -9216, 1807
5734, 1806, -9276, 1806
5743, 1802, -9363, 1800
5751, 1792, -9433, 1800
5761, 1795, -9515, 1795
5770, 1786, -9590, 1795
5780, 1789, -9662, 1788
5788, 1786, -9729, 1786
5796, 1782, -9788, 1784
5805, 1779, -9870, 1781
5814, 1776, -9929, 1779
5822, 1772, -10002, 1772
5831, 1763, -10067, 1773
5839, 1766, -10136, 1769
5848, 1764, -10207, 1767
5856, 1761, -10261, 1764
5864, 1757, -10337, 1760
5873, 1754, -10393, 1758
5881, 1751, -10463, 1751
5889, 1741, -10525, 1752
5898, 1744, -10582, 1749
5906, 1741, -10655, 1746
5914, 1738, -10709, 1744
5922, 1735, -10780, 1738
5931, 1731, -10836, 1737
5939, 1728, -10896, 1733
5947, 1725, -10959, 1732
5956, 1721, -11014, 1727
5965, 1718, -11089, 1724
5973, 1715, -11152, 1723
5983, 1712, -11229, 1717
5992, 1708, -11291, 1716
6001, 1705, -11365, 1711
6010, 1702, -11427, 1708
6019, 1698, -11491, 1707
6028, 1695, -11557, 1704
6036, 1692, -11609, 1701
6045, 1689, -11682, 1696
6053, 1685, -11741, 1694
6063, 1682, -11806, 1690
6073, 1679, -11863, 1689
6081, 1676, -11902, 1688
6090, 1674, -11945, 1686
6098, 1671, -12000, 1682
6107, 1663, -12037, 1683
6115, 1662, -12063, 1683
6125, 1667, -12079, 1681
6133, 1665, -12099, 1679
6142, 1664, -12132, 1676
6150, 1661, -12172, 1675
6159, 1655, -12199, 1676
6167, 1659, -12216, 1675
6176, 1658, -12226, 1674
6184, 1652, -12233, 1674
6193, 1652, -12242, 1675
6202, 1652, -12251, 1675
6210, 1657, -12259, 1673
6219, 1652, -12270, 1673
6227, 1656, -12286, 1672
6236, 1655, -12303, 1671
6244, 1654, -12323, 1669
6252, 1653, -12343, 1666
6260, 1646, -12357, 1668
8279, 1645, -12377, 1668
8288, 1644, -12377, 1668
8297, 1650, -12387, 1667
8306, 1648, -12432, 1662
8314, 1647, -12470, 1661
8323, 1644, -12531, 1654
8331, 1635, -12580, 1655
8340, 1637, -12638, 1650
8348, 1634, -12701, 1648
8357, 1631, -12760, 1645
8366, 1627, -12837, 1641
8375, 1624, -12891, 1638
8384, 1621, -12965, 1634
8393, 1618, -13020, 1633
8402, 1613, -13089, 1627
8410, 1605, -13150, 1627
8419, 1607, -13211, 1622
8427, 1604, -13280, 1620
8436, 1600, -13358, 1617
8447, 1597, -13427, 1612
8456, 1594, -13484, 1609
8464, 1590, -13555, 1605
8473, 1586, -13608, 1603
8481, 1582, -13675, 1597
8490, 1573, -13746, 1597
8499, 1574, -13812, 1591
8508, 1571, -13878, 1590
8517, 1567, -13933, 1586
8525, 1564, -14005, 1585
8533, 1561, -14060, 1581
8542, 1558, -14139, 1577
8552, 1554, -14204, 1575
8561, 1551, -14276, 1571
8569, 1548, -14345, 1568
8579, 1544, -14409, 1564
8588, 1541, -14479, 1563
8597, 1536, -14538, 1558
8605, 1533, -14611, 1554
8613, 1530, -14667, 1553
8622, 1527, -14742, 1548
8631, 1522, -14806, 1546
8639, 1519, -14868, 1542
8648, 1516, -14937, 1539
8656, 1512, -14992, 1538
8664, 1509, -15069, 1532
8673, 1506, -15132, 1531
8682, 1503, -15211, 1526
8691, 1499, -15280, 1525
8700, 1495, -15356, 1519
8710, 1491, -15426, 1517
8718, 1488, -15493, 1515
8728, 1485, -15581, 1512
8737, 1482, -15643, 1507
8746, 1478, -15719, 1505
8754, 1475, -15778, 1503
8762, 1470, -15856, 1497
8771, 1464, -15928, 1497
8780, 1464, -16002, 1492
8789, 1461, -16081, 1490
8799, 1458, -16156, 1485
8807, 1454, -16233, 1482
8817, 1451, -16299, 1481
8825, 1447, -16383, 1476
8834, 1442, -16448, 1476
8842, 1440, -16529, 1468
8851, 1437, -16600, 1466
8859, 1433, -16671, 1464
8867, 1429, -16748, 1460
8876, 1426, -16812, 1458
8884, 1423, -16905, 1454
8893, 1419, -16972, 1453
8902, 1416, -17054, 1447
8910, 1411, -17129, 1447
8919, 1410, -17208, 1443
8928, 1407, -17292, 1440
8936, 1404, -17359, 1438
8944, 1401, -17447, 1432
8953, 1396, -17517, 1431
8961, 1393, -17602, 1426
8970, 1388, -17680, 1426
8978, 1387, -17754, 1422
8986, 1383, -17847, 1418
8995, 1380, -17919, 1415
9003, 1377, -18012, 1412
9012, 1374, -18087, 1411
9021, 1371, -18192, 1405
9030, 1367, -18275, 1404
9039, 1364, -18362, 1398
9048, 1361, -18465, 1397
9057, 1356, -18550, 1392
9066, 1353, -18657, 1390
9075, 1350, -18735, 1388
9084, 1346, -18837, 1382
9092, 1341, -18917, 1383
9100, 1341, -19009, 1378
9108, 1337, -19100, 1375
9117, 1334, -19182, 1372
9125, 1331, -19287, 1369
9134, 1328, -19366, 1366
9142, 1323, -19464, 1362
9150, 1320, -19549, 1360
9158, 1317, -19632, 1357
9166, 1315, -19731, 1355
9175, 1311, -19806, 1352
9183, 1307, -19904, 1345
9191, 1303, -19983, 1347
9199, 1302, -20066, 1341
9208, 1297, -20157, 1338
9216, 1294, -20231, 1337
9224, 1292, -20323, 1332
9233, 1286, -20396, 1333
9241, 1286, -20489, 1325
9250, 1280, -20570, 1325
9259, 1279, -20650, 1321
9268, 1276, -20747, 1318
9277, 1272, -20819, 1315
9286, 1269, -20906, 1311
9294, 1265, -20973, 1308
9302, 1262, -21058, 1303
9311, 1257, -21126, 1303
9319, 1256, -21202, 1300
9329, 1253, -21282, 1297
9337, 1249, -21341, 1296
9346, 1247, -21407, 1291
9355, 1243, -21474, 1291
9364, 1242, -21517, 1289
9373, 1240, -21557, 1287
9381, 1237, -21623, 1284
9391, 1235, -21667, 1282
9399, 1232, -21695, 1284
9408, 1232, -21717, 1280
9416, 1229, -21743, 1280
9425, 1229, -21776, 1278
9433, 1228, -21818, 1277
9442, 1227, -21849, 1276
9450, 1223, -21867, 1276
9458, 1222, -21880, 1276
9467, 1225, -21888, 1275
9477, 1221, -21896, 1275
9485, 1224, -21905, 1274
9493, 1221, -21918, 1275
9502, 1223, -21933, 1273
9510, 1222, -21950, 1271
9518, 1218, -21970, 1271
9527, 1221, -21992, 1270
9535, 1219, -22014, 1269
9544, 1216, -22028, 1270
9553, 1218, -22035, 1269
9561, 1215, -22037, 1269
9570, 1215, -22039, 1269
9579, 1215, -22040, 1269
9589, 1215, -22041, 1269
9598, 1215, -22042, 1271
9607, 1218, -22042, 1270
9616, 1218, -22042, 1269
9624, 1218, -22043, 1268
9633, 1215, -22044, 1268
9641, 1214, -22045, 1269
9650, 1214, -22045, 1269
9660, 1214, -22046, 1269
9668, 1214, -22046, 1269
9676, 1215, -22047, 1270
9685, 1218, -22047, 1269
9694, 1218, -22047, 1268
9703, 1214, -22049, 1268
9711, 1214, -22052, 1268
9721, 1214, -22055, 1268
9730, 1214, -22058, 1269
9738, 1216, -22060, 1268
9747, 1214, -22063, 1268
9755, 1214, -22066, 1268
9764, 1214, -22069, 1268
9772, 1214, -22071, 1269
9781, 1215, -22074, 1265
9791, 1212, -22076, 1266
9800, 1211, -22079, 1266
9810, 1211, -22082, 1268
9819, 1214, -22086, 1266
9828, 1211, -22090, 1268
9838, 1215, -22095, 1267
9846, 1215, -22100, 1266
9855, 1211, -22104, 1266
9863, 1211, -22111, 1266
9871, 1213, -22118, 1264
11890, 1210, -22128, 1264
11899, 1210, -22128, 1265
11907, 1212, -22137, 1263
11916, 1211, -22184, 1259
11924, 1207, -22222, 1259
11933, 1207, -22281, 1251
11941, 1201, -22335, 1251
11949, 1201, -22391, 1249
11957, 1199, -22457, 1245
11966, 1195, -22509, 1242
11974, 1191, -22579, 1237
11982, 1186, -22635, 1238
11991, 1185, -22699, 1231
11999, 1179, -22761, 1231
12008, 1180, -22824, 1228
12018, 1177, -22898, 1225
12027, 1174, -22959, 1220
12037, 1171, -23023, 1217
12045, 1168, -23071, 1216
12053, 1163, -23136, 1210
12062, 1160, -23187, 1208
12070, 1157, -23243, 1205
12079, 1154, -23301, 1203
12087, 1151, -23351, 1199
12096, 1148, -23416, 1196
12104, 1145, -23470, 1193
12114, 1142, -23540, 1189
12123, 1138, -23592, 1188
12133, 1134, -23653, 1183
12141, 1131, -23703, 1181
12149, 1128, -23752, 1176
12158, 1125, -23810, 1175
12166, 1122, -23858, 1171
12175, 1119, -23927, 1167
12185, 1115, -23972, 1165
12193, 1112, -24037, 1160
12203, 1104, -24083, 1161
12212, 1105, -24139, 1154
12220, 1102, -24190, 1153
12228, 1099, -24236, 1151
12237, 1097, -24291, 1147
12246, 1094, -24335, 1145
12254, 1091, -24393, 1140
12263, 1083, -24441, 1140
12271, 1085, -24493, 1134
12280, 1077, -24540, 1134
12288, 1079, -24590, 1129
12297, 1076, -24645, 1125
12306, 1072, -24694, 1124
12315, 1069, -24750, 1120
12323, 1062, -24798, 1120
12333, 1063, -24859, 1111
12343, 1055, -24902, 1113
12351, 1057, -24955, 1107
12360, 1054, -25003, 1106
12368, 1050, -25046, 1102
12377, 1048, -25099, 1098
12385, 1040, -25139, 1098
12394, 1042, -25202, 1092
12403, 1034, -25250, 1092
12413, 1035, -25301, 1085
12421, 1032, -25343, 1084
12430, 1028, -25390, 1081
12438, 1026, -25446, 1078
12447, 1022, -25495, 1074
12456, 1019, -25551, 1072
12465, 1017, -25598, 1070
12474, 1013, -25653, 1065
12483, 1011, -25695, 1064
12491, 1007, -25747, 1058
12500, 1000, -25795, 1058
12508, 1000, -25839, 1053
12516, 997, -25892, 1051
12525, 994, -25934, 1049
12534, 992, -25991, 1045
12543, 989, -26036, 1044
12551, 986, -26086, 1039
12560, 980, -26138, 1039
12569, 981, -26183, 1034
12577, 978, -26241, 1030
12587, 975, -26283, 1029
12595, 972, -26336, 1024
12603, 968, -26377, 1023
12612, 964, -26428, 1018
12620, 962, -26476, 1017
12628, 959, -26522, 1014
12637, 956, -26582, 1012
12647, 954, -26625, 1009
12655, 951, -26685, 1004
12664, 948, -26727, 1002
12673, 944, -26789, 996
12682, 937, -26832, 996
12691, 937, -26881, 990
12700, 930, -26931, 990
12708, 931, -26978, 987
12717, 929, -27034, 983
12726, 926, -27075, 981
12734, 923, -27128, 976
12742, 916, -27168, 977
12751, 917, -27216, 971
12759, 914, -27266, 969
12768, 912, -27316, 967
12777, 909, -27369, 963
12786, 906, -27416, 960
12796, 903, -27475, 957
12804, 900, -27520, 956
12813, 897, -27576, 950
12821, 889, -27622, 950
12830, 891, -27670, 945
12838, 888, -27722, 942
12846, 885, -27766, 941
12855, 883, -27832, 937
12865, 880, -27878, 936
12874, 877, -27940, 929
12883, 874, -27992, 928
12892, 870, -28054, 924
12902, 867, -28102, 922
12910, 863, -28154, 918
12919, 860, -28207, 915
12927, 857, -28252, 913
12936, 854, -28312, 910
12944, 852, -28357, 909
12953, 849, -28419, 903
12962, 846, -28471, 902
12971, 843, -28526, 897
12979, 840, -28581, 895
12988, 836, -28631, 892
12997, 834, -28692, 890
13005, 831, -28744, 887
13015, 828, -28807, 882
13023, 821, -28853, 883
13031, 823, -28905, 879
13040, 820, -28961, 876
13048, 817, -29000, 874
13057, 815, -29055, 871
13067, 813, -29105, 870
13075, 807, -29139, 870
13084, 809, -29176, 866
13093, 807, -29223, 863
13102, 800, -29259, 863
13111, 799, -29283, 864
13119, 802, -29303, 861
13128, 801, -29327, 859
13136, 795, -29363, 859
13145, 798, -29395, 856
13153, 797, -29414, 855
13162, 790, -29426, 855
13170, 790, -29436, 856
13178, 789, -29447, 856
13187, 794, -29459, 855
13196, 794, -29476, 853
13205, 793, -29501, 852
13213, 792, -29534, 851
13223, 791, -29555, 850
13232, 790, -29567, 849
13241, 784, -29573, 851
13250, 789, -29578, 849
13258, 783, -29582, 849
13267, 783, -29585, 849
13275, 783, -29589, 850
13285, 788, -29592, 849
13294, 783, -29595, 849
13302, 788, -29601, 848
13311, 782, -29609, 848
13320, 787, -29617, 847
13329, 786, -29625, 846
13337, 781, -29638, 846
13347, 780, -29650, 847
15365, 785, -29669, 846
15374, 785, -29669, 845
15383, 784, -29679, 843
15392, 783, -29722, 839
15400, 782, -29759, 838
15409, 779, -29818, 833
15417, 772, -29867, 833
15426, 774, -29929, 828
15434, 771, -29988, 826
15443, 768, -30041, 824
15451, 765, -30111, 818
15460, 758, -30164, 819
15468, 760, -30233, 813
15476, 752, -30290, 814
15485, 754, -30351, 809
15493, 752, -30426, 807
15502, 749, -30494, 804
15512, 746, -30567, 800
15521, 743, -30631, 797
15531, 740, -30719, 794
15540, 737, -30778, 791
15549, 733, -30855, 787
15557, 727, -30918, 788
15565, 728, -30987, 782
15574, 725, -31065, 780
15583, 722, -31129, 777
15592, 720, -31213, 773
15600, 713, -31282, 774
15610, 715, -31368, 767
15619, 707, -31433, 767
15628, 709, -31516, 761
15636, 702, -31584, 762
15645, 703, -31655, 755
15653, 700, -31740, 754
15661, 698, -31806, 753
15670, 695, -31909, 747
15680, 687, -31983, 747
15689, 689, -32083, 741
15698, 681, -32158, 741
15707, 683, -32249, 734
15715, 675, -32327, 735
15724, 677, -32420, 732
15734, 674, -32523, 727
15743, 672, -32600, 725
15752, 670, -32700, 722
15760, 667, -32774, 719
15768, 663, -32872, 714
15776, 656, -32958, 715
15785, 658, -33044, 710
15793, 650, -33145, 710
15801, 653, -33224, 706
15809, 650, -33329, 700
15818, 642, -33414, 700
15826, 644, -33518, 696
15835, 641, -33617, 694
15843, 638, -33712, 692
15852, 637, -33838, 689
15862, 634, -33932, 687
15870, 632, -34051, 683
15878, 629, -34143, 682
15887, 626, -34259, 677
15895, 623, -34371, 675
15904, 621, -34477, 673
15912, 618, -34609, 669
15921, 615, -34709, 666
15929, 611, -34844, 661
15938, 604, -34953, 661
15946, 606, -35079, 658
15954, 603, -35208, 656
15963, 601, -35319, 653
15971, 599, -35462, 651
15979, 597, -35570, 648
15988, 594, -35711, 643
15996, 586, -35830, 643
16004, 588, -35948, 639
16013, 585, -36088, 636
16021, 583, -36196, 635
16029, 580, -36335, 629
16037, 572, -36443, 630
16046, 574, -36566, 624
16054, 572, -36690, 623
16062, 569, -36791, 620
16070, 567, -36922, 616
16079, 564, -37024, 615
16087, 561, -37142, 610
16095, 559, -37252, 609
16103, 556, -37351, 606
16112, 553, -37476, 603
16120, 551, -37567, 602
16128, 548, -37686, 597
16136, 540, -37784, 597
16145, 543, -37884, 593
16153, 540, -38000, 590
16161, 539, -38089, 589
16170, 536, -38203, 584
16178, 533, -38294, 583
16186, 530, -38395, 578
16195, 522, -38497, 578
16203, 525, -38583, 575
16211, 523, -38692, 571
16219, 520, -38774, 570
16228, 517, -38877, 564
16236, 509, -38970, 565
16245, 512, -39065, 560
16254, 509, -39166, 558
16262, 506, -39246, 556
16270, 504, -39347, 551
16278, 495, -39425, 551
16287, 499, -39518, 546
16295, 496, -39603, 545
16303, 494, -39682, 543
16312, 491, -39780, 539
16320, 489, -39854, 538
16328, 486, -39945, 532
16336, 483, -40028, 530
16345, 480, -40108, 529
16353, 478, -40197, 526
16361, 475, -40270, 522
16370, 473, -40362, 520
16378, 471, -40432, 519
16386, 468, -40514, 513
16394, 459, -40596, 513
16403, 463, -40663, 510
16411, 460, -40754, 506
16419, 457, -40824, 504
16427, 454, -40906, 499
16435, 452, -40980, 498
16444, 449, -41050, 496
16452, 447, -41136, 495
16460, 445, -41199, 492
16468, 442, -41282, 488
16476, 440, -41354, 486
16485, 438, -41423, 483
16493, 435, -41503, 480
16501, 433, -41568, 478
16509, 430, -41648, 475
16518, 427, -41710, 473
16526, 425, -41784, 469
16534, 422, -41862, 467
16542, 419, -41925, 465
16551, 418, -42005, 462
16559, 415, -42068, 461
16567, 413, -42145, 456
16575, 410, -42214, 455
16584, 408, -42277, 451
16592, 405, -42359, 449
16601, 402, -42419, 446
16609, 399, -42494, 442
16617, 390, -42556, 442
16625, 395, -42622, 438
16634, 392, -42694, 435
16642, 382, -42745, 435
16650, 388, -42810, 430
16659, 385, -42875, 429
16667, 376, -42921, 429
16675, 381, -42969, 426
16684, 379, -43026, 423
16692, 377, -43063, 422
16700, 376, -43097, 421
16709, 374, -43147, 418
16717, 373, -43201, 417
16726, 364, -43237, 417
16734, 370, -43260, 416
16742, 362, -43283, 416
16751, 368, -43306, 413
16759, 367, -43343, 411
16767, 366, -43383, 409
16775, 357, -43408, 410
16783, 356, -43425, 411
16792, 363, -43436, 409
16800, 362, -43447, 408
16808, 355, -43464, 408
16817, 354, -43483, 408
16825, 361, -43502, 407
16833, 360, -43523, 406
16841, 359, -43547, 404
16850, 351, -43560, 404
16858, 357, -43568, 403
16866, 350, -43573, 404
16874, 356, -43577, 403
16883, 349, -43580, 405
16891, 356, -43582, 404
16899, 350, -43584, 405
16907, 350, -43586, 405
16915, 357, -43589, 404
16924, 357, -43592, 403
16932, 350, -43600, 403
16940, 356, -43611, 401
16948, 348, -43622, 401
16957, 347, -43637, 401
18975, 347, -43663, 402
18983, 355, -43663, 401
18991, 355, -43674, 400
19000, 353, -43721, 395
19009, 351, -43760, 393
19018, 349, -43829, 390
19027, 347, -43889, 389
19036, 343, -43961, 382
19045, 334, -44024, 382
19053, 338, -44081, 379
19061, 336, -44156, 378
19070, 334, -44214, 374
19078, 331, -44288, 370
19087, 321, -44342, 370
19095, 326, -44408, 364
19103, 323, -44476, 363
19112, 320, -44532, 361
19120, 318, -44606, 357
19129, 316, -44666, 356
19138, 313, -44741, 351
19146, 310, -44801, 349
19155, 307, -44867, 344
19164, 296, -44938, 344
19172, 301, -44999, 341
19181, 299, -45070, 338
19189, 296, -45123, 337
19198, 294, -45199, 332
19206, 292, -45260, 329
19215, 289, -45326, 326
19224, 279, -45396, 327
19232, 284, -45458, 322
19241, 281, -45534, 318
19250, 278, -45588, 316
19258, 276, -45672, 312
19268, 266, -45730, 312
19276, 271, -45798, 307
19285, 268, -45857, 305
19293, 265, -45918, 302
19302, 263, -45994, 299
19310, 260, -46054, 298
19319, 257, -46128, 293
19327, 255, -46186, 292
19336, 252, -46268, 286
19346, 242, -46330, 287
19354, 247, -46402, 282
19364, 244, -46473, 279
19372, 241, -46534, 278
19381, 239, -46607, 273
19389, 236, -46660, 272
19397, 234, -46734, 268
19405, 231, -46797, 267
19414, 228, -46861, 264
19422, 226, -46932, 260
19431, 223, -46992, 258
19440, 221, -47074, 255
19448, 219, -47136, 254
19458, 216, -47216, 250
19466, 214, -47280, 248
19475, 211, -47347, 244
19483, 209, -47417, 243
19492, 206, -47475, 239
19500, 204, -47555, 237
19508, 201, -47615, 234
19517, 198, -47691, 231
19525, 196, -47757, 230
19534, 193, -47822, 225
19542, 191, -47895, 224
19550, 189, -47951, 222
19558, 186, -48034, 216
19567, 175, -48100, 217
19575, 181, -48173, 212
19584, 179, -48254, 211
19594, 176, -48330, 208
19603, 174, -48405, 203
19611, 171, -48465, 202
19619, 168, -48548, 198
19628, 158, -48615, 198
19637, 163, -48705, 192
19646, 161, -48774, 191
19655, 158, -48857, 186
19664, 147, -48935, 187
19673, 152, -49022, 183
19683, 151, -49103, 179
19692, 148, -49169, 177
19700, 145, -49257, 173
19709, 135, -49324, 173
19717, 140, -49411, 166
19726, 130, -49479, 166
19734, 135, -49553, 163
19742, 132, -49644, 160
19751, 130, -49713, 158
19760, 128, -49801, 155
19768, 125, -49870, 153
19777, 122, -49957, 148
19785, 112, -50041, 148
19795, 117, -50124, 144
19803, 116, -50208, 143
19812, 113, -50280, 139
19820, 111, -50376, 136
19828, 108, -50446, 134
19837, 106, -50536, 130
19845, 103, -50617, 129
19853, 101, -50694, 127
19862, 98, -50792, 124
19870, 96, -50866, 122
19879, 93, -50965, 117
19887, 91, -51044, 116
19896, 88, -51155, 110
19906, 78, -51240, 110
19914, 83, -51342, 107
19924, 81, -51436, 104
19932, 78, -51516, 102
19941, 75, -51625, 98
19949, 73, -51701, 97
19958, 70, -51813, 92
19966, 60, -51905, 93
19975, 66, -52015, 88
19984, 55, -52118, 88
19993, 61, -52215, 83
20002, 59, -52319, 81
20011, 56, -52411, 77
20020, 53, -52516, 73
20029, 43, -52598, 74
20038, 48, -52703, 68
20046, 38, -52783, 69
20054, 43, -52871, 62
20063, 40, -52961, 61
20071, 39, -53033, 60
20079, 36, -53132, 55
20087, 25, -53213, 55
20097, 31, -53304, 50
20105, 29, -53386, 49
20113, 27, -53463, 46
20122, 24, -53548, 42
20130, 21, -53617, 41
20138, 19, -53705, 38
20147, 17, -53774, 36
20155, 14, -53852, 31
20163, 4, -53934, 31
20172, 11, -53999, 29
20181, 8, -54091, 24
20189, 5, -54160, 23
20198, 3, -54245, 19
20207, 0, -54307, 17
20215, -2, -54385, 13
20224, -5, -54461, 12
20232, -7, -54526, 9
20241, -10, -54607, 6
20250, -12, -54678, 3
20259, -18, -54754, 4095
20268, -17, -54810, 0
20276, 0, -54882, 4090
20284, -2, -54949, 4089
20293, -5, -55013, 4084
20302, -7, -55083, 4083
20310, -10, -55141, 4080
20319, -13, -55218, 4078
20328, -15, -55276, 4077
20337, -18, -55354, 4070
20346, -21, -55419, 4070
20356, -23, -55485, 4066
20364, -26, -55551, 4065
20374, -29, -55610, 4060
20383, -32, -55679, 4058
20391, -35, -55731, 4056
20400, -38, -55795, 4051
20408, -40, -55843, 4052
20417, -43, -55914, 4047
20427, -45, -55972, 4045
20436, -48, -56021, 4045
20446, -50, -56074, 4041
20454, -52, -56109, 4040
20464, -54, -56142, 4039
20472, -56, -56198, 4034
20481, -58, -56240, 4033
20489, -60, -56267, 4033
20498, -61, -56293, 4033
20506, -63, -56328, 4029
20515, -64, -56361, 4028
20524, -65, -56381, 4028
20533, -66, -56395, 4028
20543, -68, -56411, 4026
20553, -69, -56438, 4025
20561, -70, -56474, 4022
20570, -71, -56507, 4022
20579, -72, -56525, 4022
20587, -73, -56536, 4021
20596, -74, -56545, 4021
20604, -74, -56552, 4021
20613, -74, -56560, 4021
20621, -74, -56572, 4022
20630, -75, -56587, 4019
20639, -75, -56602, 4019
20647, -76, -56619, 4015
20656, -77, -56634, 4016
20665, -78, -56642, 4017
20675, -79, -56647, 4015
20684, -80, -56650, 4016
20693, -80, -56652, 4016
20702, -80, -56653, 4015
20710, -80, -56654, 4015
20719, -80, -56655, 4016
20727, -80, -56657, 4016
20736, -80, -56659, 4016
20745, -80, -56662, 4014
20753, -80, -56665, 4016
20762, -80, -56670, 4014
20770, -81, -56677, 4015
20780, -81, -56685, 4015
20788, -81, -56694, 4015
20798, -81, -56704, 4012
20807, -81, -56716, 4014
20815, -82, -56729, 4013
20823, -82, -56741, 4013
20832, -83, -56753, 4011
20840, -83, -56763, 4010
20849, -84, -56772, 4011
20857, -84, -56780, 4011
20866, -85, -56786, 4010
22885, -85, -56795, 4010
22894, -85, -56794, 4011
22903, -85, -56799, 4009
22912, -87, -56827, 4005
22920, -88, -56852, 4005
22928, -90, -56892, 3999
22937, -92, -56932, 4000
22945, -95, -56981, 3995
22954, -97, -57035, 3994
22963, -100, -57079, 3991
22972, -102, -57132, 3987
22980, -105, -57175, 3986
22989, -108, -57239, 3981
22998, -111, -57290, 3980
23007, -114, -57343, 3975
23015, -116, -57390, 3975
23024, -119, -57438, 3972
23033, -122, -57499, 3968
23042, -124, -57553, 3967
23051, -126, -57612, 3964
23060, -129, -57649, 3962
23069, -132, -57712, 3957
23078, -134, -57761, 3957
23087, -137, -57816, 3951
23095, -140, -57867, 3951
23104, -143, -57910, 3946
23113, -146, -57968, 3945
23121, -148, -58013, 3943
23129, -151, -58069, 3938
23138, -154, -58111, 3938
23146, -156, -58158, 3934
23155, -158, -58211, 3933
23163, -161, -58259, 3930
23172, -163, -58322, 3926
23181, -166, -58372, 3923
23191, -169, -58426, 3921
23199, -172, -58468, 3919
23208, -175, -58527, 3914
23216, -177, -58576, 3914
23225, -180, -58623, 3909
23233, -183, -58672, 3908
23241, -185, -58713, 3906
23250, -188, -58774, 3902
23259, -191, -58820, 3899
23267, -194, -58873, 3895
23276, -196, -58920, 3896
23284, -199, -58967, 3891
23293, -201, -59024, 3890
23302, -204, -59069, 3887
23310, -206, -59125, 3883
23319, -209, -59165, 3881
23327, -212, -59217, 3876
23336, -215, -59267, 3876
23344, -218, -59313, 3874
23352, -220, -59369, 3871
23361, -222, -59411, 3869
23369, -225, -59466, 3863
23378, -227, -59514, 3865
23387, -230, -59568, 3860
23396, -233, -59619, 3858
23404, -235, -59666, 3855
23413, -238, -59719, 3851
23422, -241, -59761, 3850
23430, -244, -59821, 3845
23439, -246, -59866, 3845
23448, -249, -59920, 3841
23456, -252, -59960, 3838
23465, -254, -60005, 3837
23473, -257, -60059, 3833
23481, -260, -60104, 3831
23490, -262, -60164, 3828
23500, -264, -60207, 3828
23509, -268, -60271, 3820
23519, -270, -60322, 3820
23529, -273, -60384, 3816
23537, -276, -60432, 3816
23546, -279, -60482, 3811
23555, -281, -60535, 3809
23564, -284, -60583, 3806
23573, -287, -60647, 3803
23581, -290, -60692, 3801
23590, -292, -60747, 3798
23598, -295, -60790, 3797
23607, -297, -60845, 3793
23615, -300, -60899, 3791
23623, -302, -60944, 3789
23632, -305, -61001, 3785
23641, -307, -61047, 3784
23649, -310, -61108, 3780
23658, -312, -61156, 3778
23666, -315, -61209, 3774
23675, -318, -61260, 3770
23683, -321, -61312, 3770
23692, -324, -61381, 3767
23702, -326, -61431, 3765
23711, -329, -61493, 3761
23720, -331, -61536, 3760
23728, -334, -61598, 3755
23737, -336, -61652, 3755
23746, -339, -61713, 3750
23755, -342, -61783, 3749
23767, -345, -61841, 3743
23775, -347, -61899, 3744
23784, -350, -61951, 3741
23793, -353, -62014, 3738
23802, -356, -62064, 3734
23811, -358, -62133, 3732
23819, -360, -62190, 3731
23829, -363, -62255, 3726
23838, -366, -62304, 3726
23846, -369, -62364, 3719
23855, -371, -62428, 3719
23864, -374, -62489, 3718
23873, -376, -62553, 3714
23882, -379, -62603, 3711
23890, -382, -62675, 3708
23899, -384, -62729, 3706
23908, -387, -62792, 3702
23916, -390, -62848, 3703
23925, -392, -62916, 3698
23934, -394, -62989, 3697
23944, -397, -63047, 3692
23953, -399, -63121, 3691
23962, -402, -63187, 3688
23972, -405, -63260, 3684
23981, -408, -63314, 3683
23990, -411, -63390, 3678
23998, -413, -63450, 3679
24007, -416, -63519, 3674
24015, -418, -63581, 3673
24024, -421, -63648, 3670
24033, -423, -63729, 3667
24042, -425, -63788, 3667
24051, -428, -63866, 3662
24059, -430, -63930, 3660
24068, -433, -64008, 3655
24077, -436, -64071, 3655
24086, -439, -64153, 3651
24095, -442, -64229, 3648
24104, -444, -64296, 3647
24112, -447, -64378, 3644
24121, -450, -64445, 3640
24129, -452, -64532, 3637
24138, -455, -64599, 3637
24146, -458, -64682, 3630
24155, -460, -64769, 3632
24164, -463, -64846, 3625
24173, -466, -64943, 3624
24182, -469, -65018, 3623
24191, -471, -65121, 3619
24200, -474, -65198, 3617
24210, -476, -65294, 3614
24218, -478, -65363, 3614
24227, -481, -65425, 3610
24235, -483, -65515, 3606
24243, -485, -65579, 3607
24252, -487, -65633, 3605
24261, -489, -65701, 3603
24270, -491, -65779, 3602
24278, -492, -65826, 3599
24287, -493, -65863, 3602
24295, -495, -65912, 3598
24304, -496, -65993, 3595
24313, -498, -66038, 3595
24322, -499, -66068, 3594
24330, -500, -66094, 3595
24339, -501, -66124, 3594
24347, -502, -66166, 3591
24356, -503, -66225, 3588
24364, -504, -66260, 3590
24373, -505, -66285, 3591
24383, -506, -66302, 3590
24392, -506, -66317, 3589
24401, -506, -66333, 3588
24410, -506, -66354, 3588
24418, -507, -66382, 3587
24426, -508, -66418, 3585
24435, -509, -66461, 3584
24443, -510, -66489, 3584
24451, -511, -66504, 3584
24461, -511, -66513, 3585
24470, -511, -66519, 3584
24479, -511, -66524, 3585
24488, -511, -66529, 3585
24496, -511, -66533, 3584
24505, -511, -66539, 3584
24514, -511, -66548, 3584
24522, -512, -66561, 3583
24532, -512, -66576, 3584
24541, -512, -66594, 3583
24549, -512, -66615, 3582
24558, -513, -66640, 3580
24568, -514, -66665, 3579
24577, -515, -66689, 3580
24585, -516, -66711, 3579
24594, -517, -66732, 3577
24602, -517, -66748, 3578
24611, -517, -66762, 3578
24620, -518, -66773, 3577
26639, -518, -66775, 3579
26648, -517, -66773, 3579
26656, -518, -66785, 3577
26665, -518, -66807, 3578
26673, -518, -66828, 3576
26682, -519, -66885, 3573
26692, -520, -66946, 3572
26702, -522, -67041, 3567
26710, -525, -67126, 3567
26719, -527, -67222, 3563
26727, -529, -67330, 3562
26736, -532, -67417, 3558
26744, -534, -67542, 3556
26752, -537, -67636, 3554
26761, -540, -67756, 3550
26769, -542, -67865, 3549
26778, -544, -67972, 3547
26786, -547, -68111, 3544
26796, -549, -68218, 3544
26804, -551, -68354, 3540
26813, -553, -68457, 3537
26821, -556, -68592, 3532
26830, -559, -68702, 3532
26839, -562, -68811, 3529
26847, -564, -68935, 3528
26855, -566, -69036, 3526
26864, -568, -69166, 3522
26873, -570, -69263, 3522
26881, -573, -69381, 3515
26889, -576, -69485, 3515
26898, -578, -69581, 3514
26906, -580, -69700, 3511
26914, -583, -69788, 3509
26922, -585, -69903, 3505
26931, -587, -69997, 3506
26939, -589, -70098, 3501
26947, -592, -70204, 3499
26956, -594, -70292, 3497
26964, -596, -70406, 3494
26973, -599, -70493, 3492
26981, -602, -70600, 3487
26989, -604, -70689, 3488
26998, -607, -70777, 3483
27006, -609, -70885, 3483
27014, -611, -70965, 3480
27023, -614, -71073, 3476
27031, -616, -71157, 3475
27040, -619, -71255, 3470
27048, -621, -71345, 3470
27056, -624, -71421, 3467
27065, -626, -71526, 3465
27073, -629, -71603, 3463
27082, -631, -71700, 3459
27090, -633, -71782, 3459
27098, -635, -71864, 3455
27107, -638, -71957, 3452
27115, -640, -72034, 3451
27124, -643, -72130, 3446
27132, -646, -72199, 3445
27141, -649, -72288, 3441
27149, -651, -72368, 3440
27158, -654, -72441, 3436
27166, -656, -72531, 3435
27174, -658, -72600, 3434
27183, -661, -72687, 3430
27191, -663, -72754, 3429
27199, -665, -72834, 3425
27208, -667, -72914, 3424
27216, -670, -72977, 3421
27224, -672, -73067, 3417
27233, -675, -73134, 3416
27241, -678, -73214, 3411
27250, -680, -73281, 3412
27258, -683, -73349, 3409
27266, -685, -73427, 3407
27274, -687, -73485, 3406
27283, -689, -73570, 3400
27291, -691, -73636, 3400
27300, -694, -73708, 3395
27308, -696, -73780, 3395
27317, -699, -73843, 3392
27325, -701, -73922, 3390
27333, -704, -73979, 3387
27341, -706, -74054, 3382
27350, -709, -74118, 3381
27358, -712, -74182, 3380
27366, -714, -74254, 3378
27375, -716, -74317, 3375
27384, -719, -74396, 3371
27393, -721, -74451, 3370
27401, -724, -74523, 3365
27410, -726, -74585, 3366
27418, -729, -74659, 3363
27428, -731, -74729, 3360
27436, -733, -74794, 3357
27446, -736, -74870, 3354
27455, -739, -74926, 3351
27464, -742, -74999, 3348
27472, -744, -75051, 3348
27481, -747, -75131, 3341
27491, -749, -75190, 3343
27499, -752, -75250, 3338
27507, -754, -75312, 3336
27516, -757, -75367, 3335
27524, -759, -75438, 3330
27533, -762, -75490, 3329
27541, -764, -75558, 3326
27551, -767, -75625, 3325
27560, -770, -75692, 3320
27569, -772, -75751, 3319
27577, -774, -75803, 3316
27585, -777, -75870, 3314
27594, -779, -75923, 3313
27603, -781, -75994, 3309
27611, -784, -76046, 3308
27619, -786, -76103, 3303
27628, -789, -76165, 3301
27637, -792, -76221, 3299
27645, -794, -76287, 3296
27654, -797, -76332, 3294
27663, -800, -76397, 3290
27671, -802, -76449, 3291
27680, -804, -76515, 3285
27689, -807, -76572, 3285
27699, -809, -76633, 3281
27708, -811, -76698, 3280
27717, -814, -76751, 3276
27725, -817, -76814, 3273
27734, -819, -76861, 3273
27742, -821, -76925, 3269
27750, -824, -76980, 3267
27759, -826, -77038, 3264
27768, -829, -77095, 3262
27777, -831, -77144, 3260
27785, -834, -77212, 3256
27794, -836, -77263, 3255
27803, -839, -77326, 3251
27811, -841, -77376, 3251
27821, -844, -77439, 3245
27829, -846, -77492, 3244
27838, -849, -77544, 3243
27846, -851, -77603, 3238
27854, -854, -77648, 3237
27863, -856, -77713, 3234
27871, -859, -77764, 3233
27880, -862, -77833, 3228
27890, -864, -77882, 3227
27898, -866, -77934, 3226
27907, -868, -77998, 3222
27916, -871, -78048, 3221
27924, -873, -78115, 3216
27934, -876, -78159, 3214
27942, -879, -78221, 3211
27951, -881, -78271, 3210
27959, -884, -78328, 3206
27968, -886, -78381, 3205
27977, -889, -78435, 3203
27986, -891, -78496, 3201
27996, -893, -78550, 3198
28005, -895, -78612, 3194
28014, -898, -78657, 3193
28022, -901, -78721, 3189
28031, -903, -78770, 3188
28039, -906, -78833, 3185
28049, -908, -78885, 3184
28058, -910, -78925, 3181
28066, -913, -78983, 3177
28075, -915, -79024, 3177
28083, -917, -79064, 3176
28092, -919, -79116, 3172
28101, -921, -79154, 3173
28109, -922, -79184, 3172
28119, -923, -79217, 3169
28127, -925, -79262, 3165
28136, -926, -79294, 3167
28145, -928, -79314, 3165
28154, -930, -79338, 3164
28162, -931, -79372, 3161
28171, -932, -79407, 3162
28179, -933, -79427, 3161
28187, -934, -79440, 3160
28196, -935, -79452, 3161
28205, -935, -79467, 3160
28214, -935, -79489, 3159
28222, -937, -79518, 3154
28231, -938, -79547, 3155
28240, -939, -79562, 3157
28250, -940, -79571, 3155
28259, -940, -79577, 3156
28268, -940, -79582, 3154
28276, -940, -79589, 3155
28284, -941, -79601, 3154
28293, -941, -79618, 3154
28301, -942, -79637, 3152
28310, -942, -79662, 3151
28320, -943, -79683, 3150
28329, -944, -79692, 3150
28338, -945, -79697, 3151
28347, -945, -79700, 3150
28356, -945, -79703, 3151
28364, -945, -79705, 3150
28373, -945, -79707, 3150
28381, -945, -79709, 3152
28390, -945, -79712, 3151
28398, -945, -79716, 3151
28407, -945, -79719, 3149
28415, -945, -79725, 3151
28424, -946, -79733, 3148
28432, -946, -79741, 3147
28441, -947, -79751, 3147
28450, -948, -79763, 3147
28460, -948, -79774, 3147
28469, -948, -79784, 3148
28478, -949, -79793, 3145
28486, -949, -79801, 3146
28495, -949, -79810, 3145
28503, -950, -79818, 3145
28512, -951, -79824, 3144
30530, -950, -79828, 3146
30539, -951, -79826, 3145
30548, -951, -79833, 3145
30557, -951, -79845, 3145
30565, -951, -79857, 3142
30574, -953, -79894, 3138
30582, -954, -79925, 3138
30591, -956, -79972, 3133
30599, -959, -80020, 3133
30608, -961, -80065, 3131
30616, -963, -80128, 3129
30624, -965, -80175, 3127
30633, -967, -80240, 3122
30642, -970, -80297, 3121
30652, -973, -80360, 3116
30660, -975, -80418, 3116
30669, -978, -80471, 3113
30678, -980, -80534, 3111
30686, -983, -80584, 3109
30695, -985, -80653, 3104
30703, -988, -80704, 3103
30711, -991, -80767, 3098
30720, -993, -80827, 3100
30729, -996, -80884, 3095
30737, -998, -80960, 3092
30747, -1001, -81014, 3090
30756, -1003, -81089, 3088
30764, -1005, -81144, 3087
30773, -1008, -81224, 3080
30783, -1011, -81284, 3080
30792, -1014, -81355, 3074
30801, -1016, -81416, 3075
30809, -1020, -81474, 3071
30818, -1022, -81546, 3069
30826, -1024, -81603, 3067
30835, -1027, -81682, 3063
30844, -1029, -81739, 3063
30853, -1032, -81811, 3056
30861, -1034, -81872, 3057
30869, -1037, -81936, 3053
30878, -1040, -82014, 3051
30888, -1043, -82084, 3048
30898, -1045, -82162, 3044
30906, -1048, -82219, 3042
30915, -1051, -82293, 3039
30923, -1054, -82351, 3037
30932, -1057, -82426, 3032
30940, -1059, -82495, 3033
30950, -1062, -82563, 3028
30959, -1065, -82636, 3025
30967, -1067, -82698, 3025
30976, -1070, -82778, 3019
30985, -1072, -82841, 3019
30994, -1075, -82922, 3016
31003, -1077, -82998, 3015
31012, -1080, -83082, 3008
31022, -1082, -83149, 3008
31031, -1085, -83221, 3004
31039, -1088, -83297, 3002
31048, -1091, -83361, 3001
31057, -1093, -83459, 2996
31066, -1096, -83532, 2995
31076, -1099, -83621, 2991
31085, -1101, -83694, 2990
31095, -1104, -83782, 2986
31103, -1107, -83848, 2983
31112, -1110, -83934, 2979
31121, -1112, -84010, 2980
31129, -1115, -84082, 2976
31138, -1118, -84169, 2972
31146, -1120, -84234, 2972
31155, -1122, -84327, 2966
31164, -1125, -84393, 2965
31172, -1128, -84483, 2962
31181, -1130, -84559, 2961
31189, -1133, -84631, 2959
31198, -1135, -84724, 2955
31207, -1138, -84794, 2953
31215, -1140, -84896, 2949
31225, -1143, -84963, 2949
31233, -1146, -85052, 2943
31242, -1148, -85122, 2943
31250, -1151, -85195, 2940
31259, -1153, -85277, 2938
31267, -1156, -85342, 2936
31275, -1158, -85429, 2930
31284, -1161, -85491, 2931
31292, -1164, -85573, 2924
31301, -1166, -85645, 2925
31309, -1169, -85713, 2922
31318, -1171, -85796, 2920
31326, -1174, -85862, 2918
31336, -1176, -85942, 2914
31344, -1178, -86002, 2912
31352, -1181, -86075, 2908
31360, -1184, -86141, 2907
31369, -1186, -86201, 2905
31377, -1189, -86278, 2903
31385, -1191, -86338, 2898
31394, -1194, -86413, 2896
31402, -1196, -86471, 2896
31411, -1199, -86538, 2891
31419, -1201, -86606, 2890
31428, -1204, -86662, 2887
31436, -1206, -86735, 2883
31445, -1209, -86789, 2883
31453, -1211, -86859, 2878
31462, -1214, -86916, 2876
31470, -1217, -86975, 2872
31479, -1219, -87042, 2872
31488, -1222, -87100, 2868
31496, -1225, -87171, 2867
31505, -1227, -87224, 2864
31514, -1229, -87294, 2860
31522, -1232, -87351, 2859
31531, -1235, -87414, 2854
31540, -1238, -87474, 2852
31548, -1240, -87532, 2852
31558, -1243, -87600, 2846
31566, -1246, -87650, 2843
31575, -1249, -87718, 2840
31583, -1251, -87768, 2840
31592, -1255, -87834, 2834
31601, -1258, -87894, 2833
31610, -1260, -87949, 2830
31618, -1263, -88010, 2827
31627, -1266, -88058, 2826
31635, -1268, -88123, 2821
31644, -1271, -88178, 2820
31654, -1274, -88248, 2815
31663, -1276, -88301, 2814
31673, -1280, -88362, 2807
31682, -1283, -88413, 2808
31690, -1286, -88463, 2803
31699, -1289, -88518, 2802
31707, -1291, -88563, 2801
31716, -1294, -88623, 2794
31725, -1297, -88668, 2794
31733, -1300, -88726, 2789
31742, -1303, -88771, 2787
31751, -1306, -88822, 2784
31760, -1308, -88874, 2783
31768, -1311, -88920, 2780
31777, -1314, -88978, 2776
31785, -1316, -89019, 2775
31794, -1319, -89074, 2770
31803, -1321, -89115, 2771
31811, -1324, -89164, 2766
31819, -1326, -89214, 2764
31828, -1329, -89255, 2761
31836, -1332, -89307, 2758
31844, -1335, -89346, 2756
31853, -1338, -89399, 2751
31862, -1340, -89443, 2752
31871, -1343, -89483, 2748
31879, -1345, -89532, 2747
31888, -1347, -89563, 2745
31896, -1348, -89594, 2744
31904, -1351, -89637, 2739
31913, -1353, -89666, 2740
31922, -1354, -89690, 2739
31930, -1356, -89726, 2734
31938, -1358, -89763, 2734
31947, -1360, -89787, 2733
31955, -1361, -89804, 2732
31964, -1363, -89824, 2730
31973, -1364, -89857, 2727
31982, -1366, -89881, 2727
31990, -1367, -89895, 2727
31999, -1368, -89904, 2727
32007, -1369, -89912, 2726
32015, -1369, -89924, 2724
32024, -1370, -89943, 2723
32032, -1371, -89969, 2721
32040, -1373, -89993, 2720
32049, -1374, -90008, 2720
32058, -1375, -90017, 2721
32067, -1375, -90023, 2722
32075, -1375, -90026, 2722
32083, -1375, -90030, 2720
32092, -1374, -90033, 2721
32100, -1375, -90039, 2720
32108, -1375, -90048, 2719
32117, -1376, -90059, 2718
32125, -1377, -90071, 2716
32133, -1378, -90085, 2716
32141, -1379, -90099, 2715
32150, -1380, -90112, 2714
32158, -1381, -90120, 2714
32166, -1381, -90124, 2714
32175, -1381, -90127, 2714
32183, -1381, -90129, 2715
32191, -1381, -90130, 2715
32200, -1381, -90130, 2715
32208, -1381, -90130, 2714
32216, -1381, -90130, 2716
32225, -1381, -90130, 2715
32233, -1381, -90130, 2715
32241, -1381, -90130, 2714
32250, -1381, -90130, 2714
32258, -1381, -90130, 2714
32267, -1381, -90130, 2714
32276, -1382, -90130, 2714
32284, -1382, -90130, 2714
32292, -1382, -90130, 2714
32301, -1382, -90130, 2713
32309, -1382, -90130, 2714
32317, -1382, -90130, 2714
32326, -1382, -90130, 2713
32334, -1382, -90130, 2714
32342, -1382, -90130, 2714
32351, -1381, -90130, 2716
32359, -1381, -90131, 2715
32367, -1381, -90133, 2714
32376, -1381, -90135, 2714
32384, -1381, -90138, 2713
32392, -1382, -90142, 2712
32401, -1382, -90145, 2713
32409, -1383, -90148, 2713
32417, -1383, -90152, 2713
32426, -1383, -90155, 2713
32434, -1383, -90158, 2713
32443, -1383, -90160, 2711
32451, -1383, -90162, 2713
32460, -1383, -90164, 2712
32469, -1384, -90167, 2711
34489, -1384, -90170, 2712
34497, -1384, -90170, 2712
34506, -1384, -90172, 2711
34514, -1385, -90194, 2708
34524, -1385, -90213, 2708
34532, -1388, -90252, 2701
34541, -1389, -90285, 2703
34549, -1392, -90322, 2697
34557, -1395, -90362, 2696
34566, -1397, -90394, 2694
34574, -1399, -90441, 2691
34583, -1402, -90483, 2689
34592, -1405, -90534, 2684
34601, -1407, -90571, 2685
34610, -1410, -90624, 2679
34620, -1413, -90665, 2678
34629, -1416, -90709, 2672
34638, -1418, -90754, 2672
34646, -1421, -90790, 2670
34654, -1424, -90837, 2666
34663, -1427, -90871, 2665
34672, -1429, -90921, 2658
34681, -1432, -90960, 2660
34690, -1435, -91009, 2654
34699, -1438, -91053, 2653
34707, -1441, -91092, 2649
34716, -1444, -91140, 2644
34725, -1447, -91173, 2645
34733, -1449, -91221, 2642
34741, -1452, -91259, 2639
34750, -1455, -91305, 2635
34759, -1457, -91346, 2634
34767, -1460, -91383, 2629
34776, -1462, -91430, 2629
34784, -1465, -91468, 2627
34794, -1467, -91522, 2623
34803, -1470, -91560, 2621
34812, -1472, -91611, 2616
34822, -1475, -91648, 2614
34830, -1479, -91692, 2610
34839, -1481, -91732, 2610
34848, -1485, -91770, 2604
34856, -1487, -91815, 2603
34864, -1490, -91847, 2602
34873, -1492, -91891, 2598
34881, -1495, -91925, 2597
34889, -1497, -91964, 2592
34897, -1499, -92010, 2592
34907, -1502, -92047, 2590
34916, -1504, -92092, 2586
34924, -1507, -92129, 2584
34934, -1509, -92175, 2580
34942, -1512, -92208, 2579
34951, -1515, -92259, 2573
34961, -1518, -92294, 2574
34969, -1520, -92336, 2570
34978, -1523, -92376, 2568
34986, -1526, -92410, 2565
34995, -1528, -92454, 2562
35003, -1530, -92485, 2562
35012, -1533, -92531, 2556
35020, -1536, -92569, 2555
35029, -1538, -92610, 2552
35038, -1541, -92661, 2550
35049, -1544, -92708, 2545
35059, -1546, -92745, 2545
35068, -1549, -92782, 2541
35076, -1552, -92824, 2539
35085, -1554, -92855, 2537
35093, -1557, -92898, 2533
35101, -1559, -92931, 2532
35110, -1562, -92979, 2527
35119, -1565, -93019, 2526
35128, -1568, -93065, 2522
35138, -1570, -93109, 2521
35147, -1573, -93148, 2517
35155, -1575, -93199, 2515
35164, -1578, -93237, 2513
35174, -1581, -93284, 2509
35182, -1583, -93320, 2508
35191, -1586, -93369, 2504
35200, -1588, -93407, 2502
35208, -1591, -93448, 2499
35217, -1594, -93491, 2496
35225, -1596, -93526, 2495
35233, -1599, -93580, 2492
35243, -1601, -93618, 2490
35252, -1604, -93666, 2485
35260, -1606, -93703, 2485
35269, -1609, -93745, 2481
35278, -1612, -93792, 2479
35287, -1614, -93831, 2476
35296, -1617, -93877, 2472
35304, -1620, -93911, 2472
35313, -1622, -93960, 2468
35321, -1625, -93995, 2467
35330, -1627, -94041, 2462
35339, -1629, -94082, 2463
35347, -1632, -94120, 2460
35356, -1634, -94168, 2457
35364, -1636, -94204, 2456
35372, -1638, -94253, 2452
35381, -1641, -94292, 2450
35390, -1644, -94340, 2444
35399, -1646, -94387, 2444
35408, -1649, -94435, 2441
35418, -1652, -94482, 2439
35426, -1655, -94522, 2435
35435, -1657, -94571, 2433
35444, -1660, -94607, 2432
35452, -1663, -94663, 2426
35461, -1665, -94708, 2428
35471, -1667, -94758, 2423
35480, -1669, -94798, 2422
35489, -1673, -94843, 2416
35498, -1675, -94890, 2416
35507, -1677, -94928, 2414
35516, -1680, -94979, 2410
35524, -1683, -95015, 2409
35533, -1685, -95065, 2405
35541, -1687, -95102, 2406
35550, -1690, -95148, 2400
35558, -1691, -95191, 2401
35567, -1694, -95231, 2397
35576, -1696, -95280, 2395
35584, -1698, -95317, 2395
35593, -1700, -95366, 2390
35602, -1703, -95404, 2388
35610, -1705, -95456, 2384
35619, -1707, -95499, 2385
35628, -1710, -95545, 2382
35637, -1712, -95592, 2380
35645, -1714, -95630, 2378
35654, -1716, -95683, 2375
35662, -1718, -95725, 2373
35671, -1721, -95777, 2369
35680, -1723, -95819, 2368
35689, -1726, -95862, 2365
35698, -1728, -95908, 2364
35707, -1730, -95946, 2361
35715, -1732, -95997, 2360
35724, -1734, -96039, 2359
35733, -1736, -96089, 2355
35742, -1738, -96126, 2355
35751, -1740, -96174, 2350
35759, -1742, -96214, 2349
35768, -1744, -96257, 2347
35776, -1746, -96305, 2345
35785, -1748, -96341, 2346
35793, -1750, -96390, 2340
35802, -1752, -96432, 2340
35811, -1754, -96482, 2336
35820, -1756, -96525, 2336
35828, -1759, -96568, 2333
35837, -1760, -96612, 2331
35845, -1762, -96646, 2330
35853, -1764, -96698, 2326
35862, -1766, -96739, 2326
35871, -1768, -96792, 2324
35880, -1770, -96833, 2322
35888, -1772, -96874, 2320
35897, -1774, -96927, 2318
35906, -1776, -96963, 2316
35915, -1778, -97018, 2312
35923, -1780, -97065, 2312
35932, -1782, -97103, 2312
35942, -1784, -97156, 2307
35951, -1786, -97197, 2306
35961, -1787, -97229, 2307
35971, -1789, -97274, 2303
35979, -1791, -97321, 2301
35987, -1792, -97352, 2303
35996, -1792, -97374, 2302
36004, -1794, -97402, 2300
36013, -1795, -97447, 2297
36022, -1796, -97481, 2295
36030, -1798, -97504, 2296
36039, -1799, -97521, 2295
36048, -1800, -97543, 2294
36057, -1801, -97574, 2293
36065, -1802, -97616, 2291
36074, -1803, -97644, 2291
36082, -1804, -97661, 2291
36090, -1804, -97672, 2290
36099, -1805, -97681, 2290
36107, -1805, -97688, 2290
36116, -1806, -97698, 2289
36124, -1806, -97714, 2289
36133, -1807, -97742, 2287
36143, -1808, -97781, 2284
36152, -1809, -97813, 2286
36162, -1810, -97829, 2284
36172, -1811, -97839, 2284
36181, -1812, -97844, 2282
36191, -1811, -97849, 2285
36200, -1812, -97852, 2284
36209, -1812, -97854, 2284
36217, -1812, -97856, 2284
36226, -1811, -97859, 2285
36235, -1812, -97862, 2283
36244, -1812, -97866, 2283
36253, -1812, -97872, 2284
36262, -1812, -97880, 2284
36271, -1812, -97890, 2283
36280, -1813, -97900, 2281
36289, -1813, -97912, 2282
36297, -1813, -97924, 2281
36306, -1814, -97936, 2280
36314, -1815, -97949, 2280
36323, -1815, -97960, 2279
36331, -1816, -97970, 2280
36339, -1816, -97979, 2279
36348, -1816, -97986, 2279
36357, -1817, -97993, 2278
38375, -1817, -97998, 2278
38385, -1817, -97996, 2278
38394, -1817, -98000, 2280
38403, -1817, -98013, 2278
38411, -1817, -98018, 2279
38420, -1817, -98006, 2280
38428, -1816, -97989, 2280
38437, -1815, -97945, 2285
38446, -1814, -97883, 2286
38454, -1812, -97815, 2289
38464, -1809, -97733, 2292
38472, -1806, -97665, 2295
38481, -1803, -97579, 2299
38490, -1800, -97510, 2301
38498, -1797, -97425, 2307
38507, -1794, -97349, 2307
38515, -1791, -97278, 2310
38524, -1788, -97197, 2314
38532, -1785, -97127, 2317
38541, -1782, -97044, 2322
38549, -1779, -96978, 2322
38558, -1775, -96896, 2328
38567, -1772, -96815, 2329
38576, -1769, -96742, 2334
38585, -1766, -96670, 2336
38593, -1763, -96606, 2338
38602, -1759, -96522, 2344
38611, -1756, -96461, 2345
38619, -1753, -96382, 2351
38628, -1750, -96313, 2352
38637, -1746, -96241, 2356
38646, -1743, -96169, 2359
38655, -1739, -96105, 2363
38663, -1736, -96028, 2366
38672, -1733, -95971, 2369
38681, -1729, -95887, 2374
38690, -1727, -95823, 2373
38700, -1723, -95751, 2381
38708, -1720, -95686, 2381
38718, -1716, -95618, 2388
38727, -1713, -95556, 2388
38735, -1710, -95499, 2392
38743, -1707, -95432, 2394
38752, -1703, -95377, 2399
38761, -1700, -95301, 2403
38770, -1697, -95247, 2404
38778, -1694, -95181, 2409
38788, -1691, -95123, 2410
38797, -1687, -95058, 2416
38806, -1684, -94993, 2418
38815, -1681, -94941, 2420
38823, -1678, -94878, 2424
38831, -1675, -94828, 2426
38840, -1672, -94764, 2431
38848, -1669, -94713, 2432
38856, -1666, -94658, 2437
38865, -1662, -94594, 2440
38874, -1659, -94540, 2442
38883, -1656, -94477, 2447
38892, -1652, -94430, 2450
38900, -1649, -94363, 2454
38910, -1646, -94313, 2454
38918, -1643, -94254, 2460
38927, -1640, -94201, 2462
38935, -1637, -94153, 2464
38943, -1634, -94095, 2469
38952, -1630, -94048, 2471
38960, -1627, -93991, 2475
38968, -1624, -93944, 2478
38976, -1621, -93894, 2481
38985, -1618, -93839, 2483
38993, -1615, -93789, 2487
39002, -1612, -93729, 2491
39011, -1609, -93684, 2492
39019, -1605, -93627, 2498
39028, -1602, -93573, 2499
39038, -1599, -93513, 2504
39047, -1596, -93459, 2504
39057, -1593, -93411, 2510
39065, -1590, -93360, 2511
39073, -1587, -93316, 2515
39082, -1584, -93259, 2519
39090, -1581, -93216, 2520
39098, -1578, -93163, 2525
39107, -1575, -93119, 2526
39116, -1572, -93066, 2529
39126, -1569, -93011, 2532
39134, -1566, -92968, 2537
39143, -1563, -92917, 2540
39151, -1560, -92879, 2542
39160, -1556, -92826, 2547
39168, -1553, -92784, 2548
39177, -1550, -92736, 2552
39186, -1547, -92685, 2554
39195, -1544, -92644, 2558
39204, -1541, -92591, 2560
39213, -1538, -92547, 2563
39222, -1535, -92492, 2568
39230, -1532, -92452, 2569
39238, -1529, -92403, 2574
39247, -1526, -92360, 2575
39255, -1523, -92314, 2578
39264, -1520, -92260, 2581
39273, -1517, -92218, 2585
39281, -1514, -92166, 2589
39290, -1511, -92128, 2590
39298, -1507, -92076, 2596
39307, -1504, -92028, 2596
39316, -1501, -91975, 2600
39325, -1498, -91925, 2604
39334, -1495, -91881, 2607
39343, -1492, -91826, 2609
39351, -1489, -91783, 2613
39360, -1485, -91729, 2619
39368, -1483, -91681, 2617
39378, -1479, -91632, 2623
39386, -1476, -91586, 2624
39395, -1473, -91541, 2629
39403, -1471, -91481, 2632
39413, -1467, -91438, 2635
39421, -1464, -91385, 2639
39430, -1460, -91340, 2641
39439, -1457, -91284, 2646
39448, -1454, -91234, 2648
39457, -1450, -91176, 2653
39467, -1447, -91130, 2654
39476, -1444, -91079, 2659
39485, -1441, -91024, 2661
39494, -1437, -90981, 2664
39502, -1435, -90927, 2667
39510, -1431, -90886, 2670
39519, -1428, -90831, 2674
39528, -1425, -90779, 2676
39538, -1422, -90732, 2679
39547, -1420, -90680, 2681
39556, -1417, -90642, 2681
39565, -1415, -90611, 2687
39574, -1412, -90567, 2690
39583, -1410, -90532, 2689
39593, -1408, -90505, 2690
39602, -1406, -90475, 2694
39611, -1404, -90439, 2696
39619, -1403, -90410, 2696
39628, -1401, -90393, 2697
39636, -1400, -90383, 2697
39644, -1399, -90373, 2698
39653, -1398, -90357, 2700
39662, -1397, -90337, 2702
39671, -1396, -90313, 2702
39679, -1394, -90290, 2704
39689, -1393, -90277, 2704
39698, -1392, -90269, 2704
39708, -1392, -90264, 2705
39716, -1391, -90260, 2704
39725, -1391, -90255, 2704
39733, -1391, -90250, 2706
39741, -1391, -90243, 2705
39750, -1391, -90234, 2704
39758, -1391, -90224, 2706
39767, -1390, -90213, 2707
39775, -1389, -90202, 2709
39784, -1389, -90189, 2709
39793, -1388, -90176, 2709
39801, -1387, -90164, 2710
39810, -1386, -90153, 2711
39819, -1385, -90143, 2712
39827, -1385, -90137, 2711
39835, -1385, -90133, 2711
39844, -1384, -90131, 2711
41862, -1384, -90130, 2712
41871, -1384, -90130, 2712
41880, -1384, -90130, 2711
41888, -1384, -90130, 2711
41897, -1384, -90130, 2711
41905, -1384, -90130, 2713
41914, -1384, -90129, 2713
41922, -1383, -90114, 2716
41931, -1381, -90082, 2718
41939, -1379, -90050, 2721
41947, -1377, -89999, 2724
41956, -1375, -89956, 2726
41964, -1372, -89905, 2731
41972, -1369, -89860, 2732
41980, -1366, -89817, 2735
41989, -1363, -89758, 2741
41997, -1360, -89712, 2741
42006, -1356, -89654, 2747
42014, -1354, -89609, 2746
42022, -1350, -89561, 2752
42031, -1348, -89504, 2754
42039, -1345, -89457, 2756
42047, -1342, -89395, 2761
42056, -1339, -89349, 2762
42065, -1335, -89293, 2768
42073, -1333, -89242, 2767
42082, -1329, -89189, 2773
42090, -1327, -89130, 2774
42098, -1324, -89086, 2777
42107, -1321, -89025, 2783
42115, -1318, -88977, 2782
42124, -1315, -88921, 2788
42132, -1312, -88866, 2790
42140, -1308, -88819, 2793
42148, -1306, -88755, 2796
42157, -1303, -88706, 2797
42165, -1300, -88644, 2804
42173, -1297, -88593, 2805
42182, -1294, -88542, 2808
42190, -1291, -88479, 2811
42198, -1288, -88427, 2812
42207, -1285, -88362, 2818
42215, -1282, -88314, 2818
42223, -1280, -88256, 2821
42231, -1277, -88195, 2826
42240, -1273, -88140, 2828
42248, -1271, -88075, 2831
42257, -1268, -88027, 2832
42265, -1265, -87961, 2838
42273, -1262, -87904, 2837
42282, -1260, -87847, 2841
42290, -1257, -87782, 2844
42299, -1254, -87729, 2846
42307, -1252, -87658, 2851
42315, -1249, -87603, 2850
42324, -1246, -87540, 2856
42332, -1244, -87479, 2857
42340, -1241, -87422, 2861
42348, -1238, -87349, 2863
42357, -1235, -87296, 2866
42365, -1232, -87225, 2870
42373, -1229, -87163, 2871
42382, -1226, -87100, 2876
42390, -1223, -87030, 2878
42399, -1221, -86973, 2880
42407, -1218, -86894, 2885
42415, -1215, -86834, 2886
42423, -1212, -86763, 2891
42432, -1209, -86691, 2892
42441, -1206, -86623, 2894
42449, -1204, -86544, 2897
42457, -1201, -86484, 2899
42466, -1198, -86400, 2905
42474, -1196, -86328, 2904
42483, -1192, -86249, 2911
42492, -1190, -86168, 2911
42500, -1187, -86096, 2913
42509, -1184, -86008, 2918
42518, -1181, -85927, 2919
42528, -1178, -85830, 2926
42537, -1175, -85756, 2927
42546, -1171, -85659, 2931
42554, -1169, -85582, 2932
42563, -1165, -85498, 2937
42571, -1162, -85402, 2939
42580, -1160, -85324, 2940
42588, -1157, -85225, 2946
42596, -1154, -85146, 2948
42605, -1150, -85048, 2953
42614, -1147, -84959, 2954
42622, -1144, -84865, 2958
42631, -1141, -84768, 2959
42640, -1138, -84685, 2962
42648, -1136, -84579, 2967
42657, -1133, -84501, 2968
42665, -1130, -84399, 2974
42674, -1127, -84313, 2974
42682, -1124, -84214, 2977
42691, -1121, -84120, 2980
42700, -1118, -84039, 2984
42708, -1115, -83942, 2986
42717, -1113, -83859, 2988
42726, -1109, -83761, 2995
42735, -1106, -83682, 2995
42744, -1103, -83586, 2999
42753, -1100, -83497, 3002
42762, -1096, -83413, 3007
42771, -1094, -83318, 3007
42780, -1091, -83244, 3010
42788, -1087, -83151, 3015
42797, -1085, -83079, 3016
42805, -1082, -82990, 3020
42814, -1079, -82916, 3021
42822, -1076, -82831, 3026
42831, -1073, -82740, 3029
42841, -1070, -82664, 3033
42850, -1067, -82575, 3036
42858, -1063, -82499, 3038
42867, -1060, -82415, 3041
42876, -1057, -82346, 3043
42884, -1055, -82264, 3047
42893, -1052, -82192, 3048
42901, -1049, -82122, 3054
42910, -1046, -82036, 3055
42918, -1043, -81969, 3057
42927, -1040, -81886, 3063
42935, -1037, -81818, 3063
42944, -1034, -81737, 3069
42953, -1031, -81667, 3071
42961, -1028, -81593, 3074
42971, -1025, -81510, 3077
42979, -1022, -81445, 3077
42988, -1019, -81365, 3083
42996, -1017, -81300, 3082
43005, -1014, -81220, 3089
43013, -1011, -81155, 3090
43021, -1008, -81089, 3095
43030, -1005, -81010, 3097
43038, -1002, -80947, 3098
43047, -999, -80866, 3103
43056, -996, -80804, 3104
43065, -993, -80725, 3109
43073, -991, -80654, 3111
43083, -987, -80595, 3114
43093, -985, -80515, 3117
43103, -982, -80467, 3119
43111, -980, -80426, 3119
43120, -977, -80374, 3122
43128, -975, -80325, 3124
43137, -974, -80294, 3125
43145, -973, -80268, 3125
43154, -971, -80233, 3128
43163, -969, -80189, 3130
43171, -968, -80149, 3130
43180, -967, -80127, 3131
43189, -966, -80111, 3131
43197, -965, -80098, 3132
43206, -965, -80083, 3131
43214, -964, -80064, 3134
43223, -963, -80031, 3137
43233, -961, -79996, 3138
43243, -960, -79974, 3138
43251, -959, -79959, 3137
43260, -958, -79950, 3137
43270, -958, -79943, 3138
43279, -958, -79939, 3138
43289, -958, -79933, 3137
43298, -958, -79927, 3138
43306, -958, -79920, 3138
43315, -957, -79912, 3140
43323, -957, -79902, 3139
43332, -957, -79891, 3140
43340, -956, -79881, 3140
43348, -955, -79869, 3142
43357, -955, -79857, 3141
43365, -955, -79845, 3142
43374, -954, -79834, 3142
43383, -953, -79821, 3145
43391, -953, -79809, 3144
43401, -952, -79799, 3144
43411, -952, -79789, 3144
43420, -951, -79786, 3145
45439, -951, -79771, 3145
45448, -951, -79770, 3145
45457, -951, -79775, 3143
45465, -951, -79786, 3144
45474, -951, -79790, 3145
45483, -951, -79783, 3145
45492, -951, -79775, 3146
45500, -950, -79748, 3149
45509, -949, -79705, 3150
45517, -947, -79659, 3152
45526, -945, -79594, 3157
45534, -942, -79543, 3158
45542, -939, -79471, 3164
45551, -937, -79410, 3163
45560, -933, -79339, 3170
45569, -930, -79267, 3171
45578, -927, -79204, 3175
45586, -924, -79132, 3178
45595, -921, -79073, 3180
45604, -918, -78997, 3184
45612, -915, -78937, 3186
45620, -912, -78870, 3191
45629, -909, -78805, 3191
45638, -906, -78734, 3195
45647, -903, -78656, 3198
45657, -900, -78586, 3202
45666, -897, -78514, 3206
45675, -894, -78449, 3207
45684, -891, -78374, 3210
45693, -888, -78308, 3214
45703, -884, -78231, 3219
45711, -882, -78170, 3220
45720, -878, -78102, 3225
45728, -875, -78037, 3227
45737, -872, -77979, 3228
45745, -869, -77905, 3233
45753, -866, -77849, 3235
45762, -863, -77779, 3239
45770, -861, -77717, 3239
45779, -857, -77653, 3246
45787, -854, -77583, 3247
45795, -852, -77523, 3249
45804, -849, -77445, 3253
45813, -846, -77385, 3255
45821, -843, -77301, 3260
45831, -840, -77239, 3259
45840, -837, -77167, 3266
45848, -834, -77098, 3267
45857, -831, -77038, 3271
45865, -828, -76963, 3274
45874, -825, -76903, 3275
45882, -822, -76827, 3280
45891, -819, -76762, 3282
45900, -816, -76684, 3287
45909, -813, -76615, 3288
45918, -810, -76553, 3293
45927, -807, -76472, 3294
45936, -804, -76412, 3296
45945, -801, -76338, 3301
45953, -798, -76279, 3302
45962, -795, -76195, 3308
45971, -792, -76131, 3309
45979, -789, -76059, 3312
45988, -786, -75984, 3315
45997, -783, -75913, 3319
46006, -780, -75836, 3323
46015, -777, -75773, 3323
46023, -774, -75687, 3329
46032, -771, -75623, 3331
46041, -767, -75546, 3335
46049, -765, -75474, 3336
46058, -761, -75405, 3340
46066, -759, -75326, 3342
46075, -756, -75262, 3345
46083, -753, -75177, 3351
46092, -750, -75102, 3352
46101, -746, -75010, 3356
46111, -743, -74934, 3357
46120, -740, -74844, 3363
46130, -737, -74772, 3364
46138, -734, -74695, 3366
46147, -731, -74610, 3371
46155, -728, -74542, 3372
46164, -726, -74454, 3377
46172, -722, -74376, 3380
46182, -719, -74289, 3384
46190, -716, -74204, 3384
46200, -713, -74119, 3390
46209, -710, -74033, 3391
46218, -707, -73944, 3396
46227, -704, -73854, 3398
46236, -701, -73782, 3400
46245, -698, -73684, 3404
46253, -695, -73603, 3406
46262, -692, -73508, 3412
46271, -689, -73428, 3412
46279, -686, -73342, 3415
46288, -683, -73243, 3420
46297, -680, -73162, 3421
46306, -677, -73061, 3424
46314, -674, -72984, 3428
46323, -671, -72879, 3432
46332, -668, -72794, 3433
46340, -664, -72686, 3439
46350, -661, -72592, 3439
46359, -658, -72488, 3444
46368, -655, -72378, 3446
46378, -652, -72290, 3450
46386, -649, -72185, 3454
46395, -646, -72101, 3456
46403, -643, -71991, 3458
46412, -640, -71898, 3460
46420, -637, -71792, 3465
46429, -634, -71690, 3467
46437, -632, -71597, 3470
46446, -629, -71470, 3472
46455, -626, -71376, 3474
46464, -623, -71254, 3481
46472, -620, -71151, 3481
46481, -617, -71028, 3485
46490, -614, -70924, 3488
46498, -610, -70815, 3492
46507, -608, -70695, 3493
46515, -605, -70597, 3495
46524, -602, -70466, 3501
46532, -599, -70359, 3501
46541, -596, -70215, 3506
46550, -594, -70099, 3507
46559, -590, -69959, 3512
46568, -587, -69824, 3515
46577, -584, -69691, 3517
46587, -581, -69548, 3520
46595, -578, -69437, 3525
46604, -575, -69288, 3528
46612, -572, -69171, 3528
46621, -569, -69009, 3534
46630, -566, -68881, 3535
46639, -563, -68752, 3538
46647, -560, -68595, 3541
46656, -558, -68464, 3542
46666, -555, -68310, 3547
46675, -552, -68198, 3548
46683, -550, -68111, 3550
46692, -548, -67999, 3551
46700, -546, -67891, 3554
46709, -544, -67819, 3554
46717, -543, -67760, 3556
46726, -541, -67683, 3559
46734, -539, -67588, 3561
46743, -538, -67525, 3560
46751, -536, -67484, 3562
46759, -535, -67444, 3560
46769, -535, -67395, 3561
46779, -534, -67327, 3564
46789, -533, -67260, 3567
46797, -532, -67216, 3567
46806, -530, -67188, 3567
46814, -529, -67169, 3568
46823, -528, -67152, 3569
46831, -528, -67134, 3568
46839, -527, -67112, 3569
46848, -527, -67085, 3571
46856, -526, -67054, 3571
46865, -525, -67020, 3572
46873, -525, -66982, 3572
46882, -523, -66945, 3575
46891, -523, -66920, 3572
46900, -523, -66906, 3573
46909, -523, -66898, 3573
46918, -522, -66893, 3573
46927, -523, -66890, 3573
46935, -523, -66887, 3573
46943, -523, -66884, 3573
46952, -522, -66882, 3574
46960, -522, -66880, 3573
46968, -523, -66877, 3572
46977, -523, -66875, 3573
46985, -522, -66869, 3574
46993, -522, -66864, 3575
47002, -522, -66857, 3573
47010, -522, -66850, 3575
47018, -521, -66842, 3575
47027, -521, -66832, 3574
47035, -521, -66820, 3576
47043, -521, -66809, 3573
47051, -521, -66797, 3575
47060, -521, -66785, 3575
47069, -521, -66773, 3575
47077, -520, -66762, 3578
47086, -520, -66750, 3577
47094, -519, -66739, 3577
47103, -519, -66729, 3578
47111, -518, -66721, 3577
49129, -518, -66704, 3578
49138, -518, -66704, 3576
49147, -518, -66710, 3578
49155, -518, -66727, 3578
49163, -518, -66736, 3577
49173, -519, -66729, 3576
49181, -519, -66718, 3576
49189, -519, -66695, 3578
49198, -518, -66650, 3580
49208, -517, -66583, 3583
49218, -515, -66482, 3588
49226, -512, -66400, 3589
49235, -509, -66289, 3594
49243, -506, -66201, 3594
49251, -503, -66095, 3599
49260, -500, -65995, 3600
49268, -497, -65903, 3604
49277, -495, -65792, 3607
49286, -492, -65710, 3608
49294, -489, -65597, 3613
49303, -487, -65505, 3612
49313, -484, -65401, 3619
49321, -481, -65311, 3619
49330, -479, -65222, 3622
49339, -476, -65128, 3625
49347, -473, -65052, 3629
49355, -471, -64949, 3630
49365, -468, -64871, 3632
49374, -465, -64774, 3637
49382, -462, -64701, 3639
49391, -459, -64617, 3643
49399, -457, -64535, 3643
49407, -454, -64461, 3647
49417, -451, -64366, 3650
49425, -449, -64294, 3651
49434, -446, -64207, 3657
49443, -443, -64142, 3659
49451, -440, -64062, 3663
49460, -437, -63988, 3663
49468, -434, -63924, 3666
49476, -432, -63840, 3668
49485, -429, -63767, 3671
49495, -427, -63685, 3675
49503, -424, -63620, 3676
49512, -421, -63540, 3681
49521, -419, -63471, 3681
49529, -416, -63397, 3685
49539, -413, -63320, 3689
49547, -410, -63256, 3691
49556, -408, -63178, 3694
49565, -405, -63122, 3695
49573, -402, -63046, 3700
49581, -399, -62984, 3702
49590, -396, -62917, 3706
49599, -394, -62846, 3707
49608, -391, -62781, 3710
49617, -388, -62701, 3714
49626, -385, -62640, 3716
49635, -383, -62557, 3718
49645, -380, -62499, 3720
49654, -377, -62416, 3726
49664, -374, -62359, 3727
49673, -371, -62287, 3733
49681, -368, -62225, 3734
49690, -364, -62164, 3738
49698, -361, -62099, 3739
49707, -359, -62044, 3741
49715, -356, -61962, 3745
49725, -354, -61900, 3747
49735, -351, -61821, 3753
49745, -348, -61764, 3754
49754, -344, -61690, 3760
49763, -341, -61636, 3761
49771, -337, -61573, 3766
49780, -334, -61515, 3767
49788, -331, -61459, 3768
49797, -329, -61393, 3773
49805, -326, -61343, 3775
49814, -323, -61279, 3780
49823, -320, -61222, 3780
49831, -317, -61161, 3785
49840, -314, -61104, 3786
49848, -311, -61052, 3790
49857, -309, -60989, 3791
49865, -306, -60941, 3795
49874, -303, -60877, 3799
49882, -301, -60819, 3800
49892, -298, -60760, 3804
49900, -295, -60707, 3806
49909, -292, -60656, 3810
49917, -289, -60593, 3813
49926, -286, -60539, 3815
49936, -283, -60476, 3819
49944, -280, -60428, 3819
49953, -277, -60367, 3825
49961, -275, -60317, 3824
49969, -272, -60267, 3829
49978, -270, -60212, 3831
49986, -267, -60167, 3833
49995, -265, -60100, 3838
50004, -261, -60052, 3840
50013, -258, -59995, 3845
50022, -255, -59950, 3845
50030, -252, -59898, 3851
50038, -249, -59841, 3852
50047, -246, -59792, 3853
50056, -244, -59731, 3858
50065, -241, -59684, 3859
50074, -238, -59615, 3865
50084, -236, -59560, 3865
50094, -232, -59500, 3870
50102, -230, -59450, 3871
50112, -226, -59393, 3877
50120, -224, -59341, 3877
50128, -220, -59292, 3881
50137, -218, -59235, 3883
50145, -215, -59189, 3885
50154, -213, -59131, 3889
50162, -210, -59083, 3891
50170, -207, -59030, 3896
50179, -204, -58978, 3898
50187, -200, -58933, 3902
50195, -197, -58875, 3905
50204, -194, -58828, 3905
50212, -192, -58769, 3909
50221, -189, -58718, 3910
50229, -187, -58669, 3914
50238, -185, -58613, 3916
50246, -182, -58558, 3919
50255, -179, -58495, 3922
50265, -177, -58448, 3924
50273, -173, -58384, 3931
50283, -170, -58329, 3931
50292, -167, -58268, 3937
50301, -163, -58217, 3938
50310, -160, -58164, 3942
50318, -157, -58110, 3944
50327, -154, -58053, 3946
50337, -152, -57991, 3950
50345, -149, -57943, 3951
50354, -146, -57884, 3957
50362, -143, -57837, 3957
50371, -140, -57777, 3962
50379, -137, -57721, 3964
50388, -134, -57669, 3967
50397, -132, -57607, 3970
50406, -129, -57559, 3971
50414, -126, -57498, 3977
50423, -123, -57451, 3977
50432, -121, -57410, 3978
50440, -118, -57359, 3983
50448, -116, -57321, 3984
50456, -114, -57290, 3984
50465, -112, -57251, 3987
50473, -110, -57205, 3990
50482, -109, -57170, 3989
50492, -107, -57146, 3992
50501, -105, -57118, 3993
50511, -104, -57092, 3995
50519, -103, -57060, 3996
50528, -101, -57037, 3995
50537, -101, -57021, 3996
50546, -100, -57006, 3996
50555, -100, -56986, 3997
50564, -99, -56963, 4000
50573, -98, -56938, 4001
50581, -96, -56912, 4003
50589, -95, -56895, 4003
50598, -94, -56882, 4003
50607, -93, -56875, 4002
50616, -93, -56870, 4002
50625, -93, -56865, 4003
50634, -93, -56861, 4003
50643, -93, -56854, 4004
50653, -92, -56848, 4004
50661, -92, -56840, 4005
50671, -91, -56831, 4007
50679, -90, -56820, 4007
50688, -89, -56809, 4008
50697, -89, -56797, 4008
50705, -88, -56785, 4009
50714, -87, -56773, 4009
50722, -87, -56761, 4009
50731, -87, -56751, 4009
50739, -86, -56745, 4010
50748, -86, -56742, 4010
50757, -86, -56741, 4009
50766, -86, -56739, 4010
50774, -86, -56739, 4009
50783, -86, -56738, 4010
50791, -86, -56738, 4008
50800, -86, -56738, 4009
50808, -87, -56738, 4009
50817, -86, -56738, 4010
50825, -87, -56738, 4009
50834, -86, -56738, 4009
50843, -86, -56738, 4010
50851, -86, -56739, 4010
50861, -86, -56738, 4008
50870, -87, -56738, 4008
50879, -86, -56738, 4011
50887, -86, -56737, 4011
50896, -86, -56737, 4009
50904, -86, -56737, 4009
50913, -86, -56737, 4010
50923, -86, -56736, 4010
50931, -86, -56735, 4009
50940, -86, -56735, 4008
50948, -86, -56735, 4010
50956, -86, -56736, 4010
50965, -86, -56736, 4010
50973, -86, -56736, 4009
50982, -86, -56735, 4009
50992, -86, -56735, 4010
51000, -86, -56735, 4010
51009, -86, -56734, 4009
51017, -86, -56733, 4010
51026, -86, -56733, 4009
51034, -86, -56733, 4008
51043, -87, -56733, 4009
51053, -87, -56732, 4009
51062, -87, -56732, 4010
51072, -86, -56731, 4010
51081, -86, -56730, 4010
51089, -86, -56730, 4010
51098, -86, -56729, 4010
51106, -86, -56728, 4010
51114, -86, -56726, 4009
51123, -86, -56724, 4011
51132, -86, -56724, 4010
51140, -85, -56722, 4011
53159, -85, -56707, 4010
53169, -85, -56706, 4012
53177, -85, -56712, 4009
53186, -85, -56729, 4009
53194, -86, -56737, 4009
53203, -86, -56731, 4011
53212, -86, -56720, 4012
53220, -84, -56692, 4015
53228, -83, -56648, 4017
53237, -81, -56608, 4020
53245, -78, -56542, 4024
53254, -75, -56487, 4027
53264, -72, -56419, 4030
53274, -69, -56365, 4033
53283, -65, -56297, 4037
53291, -63, -56237, 4038
53300, -59, -56178, 4043
53309, -57, -56120, 4044
53317, -54, -56068, 4047
53325, -51, -55997, 4052
53334, -48, -55942, 4052
53343, -45, -55872, 4057
53351, -43, -55817, 4057
53360, -40, -55750, 4059
53368, -38, -55680, 4065
53377, -35, -55622, 4067
53386, -32, -55547, 4070
53395, -29, -55485, 4073
53403, -25, -55408, 4077
53412, -23, -55350, 4078
53421, -20, -55278, 4082
53429, -17, -55210, 4084
53438, -14, -55150, 4086
53446, -12, -55074, 4090
53455, -9, -55008, 4092
53463, -45, -54919, 2
53473, 18285, -54854, 3
53482, 0, -54764, 9
53492, -17, -54688, 8
53501, -15, -54662, 6
53510, -22, -54658, 7
53520, -21, -54647, 7
53529, -21, -54622, 8
53537, -21, -54589, 11
53546, -19, -54524, 14
53554, -18, -54467, 17
53563, -15, -54392, 23
53571, -4, -54324, 22
53580, -10, -54248, 27
53588, -7, -54168, 29
53597, -4, -54098, 32
53605, -2, -54005, 35
53614, 1, -53930, 37
53623, 4, -53843, 42
53631, 14, -53764, 40
53639, 8, -53685, 47
53648, 11, -53592, 49
53656, 13, -53515, 51
53665, 16, -53407, 55
53674, 19, -53330, 57
53683, 21, -53227, 62
53692, 24, -53143, 63
53700, 27, -53039, 66
53710, 29, -52941, 70
53718, 32, -52855, 73
53727, 35, -52747, 75
53735, 38, -52656, 76
53744, 40, -52544, 82
53753, 43, -52457, 82
53761, 45, -52355, 87
53769, 48, -52251, 89
53778, 51, -52143, 93
53788, 54, -52025, 96
53796, 56, -51936, 97
53804, 59, -51819, 102
53813, 62, -51716, 103
53823, 65, -51601, 108
53832, 67, -51498, 110
53841, 70, -51382, 113
53850, 73, -51284, 117
53859, 76, -51194, 118
53867, 78, -51090, 121
53876, 80, -51003, 123
53884, 83, -50900, 130
53892, 94, -50812, 129
53901, 89, -50712, 135
53910, 92, -50612, 136
53919, 96, -50514, 140
53929, 97, -50415, 143
53937, 100, -50325, 145
53947, 103, -50227, 148
53955, 105, -50150, 152
53963, 108, -50056, 156
53972, 111, -49976, 156
53980, 114, -49880, 161
53990, 117, -49793, 162
53998, 119, -49716, 165
54006, 121, -49624, 169
54014, 124, -49545, 171
54024, 127, -49441, 176
54033, 130, -49364, 178
54042, 133, -49275, 183
54050, 144, -49194, 182
54060, 139, -49111, 187
54068, 141, -49027, 189
54077, 143, -48956, 192
54085, 146, -48868, 196
54093, 149, -48801, 197
54101, 152, -48706, 201
54111, 154, -48625, 203
54120, 157, -48545, 207
54129, 159, -48462, 210
54137, 162, -48391, 213
54146, 166, -48307, 217
54154, 169, -48241, 218
54162, 171, -48159, 221
54171, 173, -48087, 222
54179, 176, -48016, 227
54187, 178, -47936, 230
54196, 181, -47870, 231
54204, 183, -47783, 236
54213, 187, -47712, 237
54222, 189, -47628, 243
54231, 192, -47547, 244
54241, 195, -47468, 248
54250, 198, -47394, 249
54258, 200, -47322, 254
54267, 203, -47242, 257
54275, 206, -47178, 259
54284, 209, -47098, 264
54292, 212, -47033, 264
54301, 214, -46961, 269
54309, 217, -46887, 269
54317, 219, -46821, 273
54326, 222, -46740, 277
54334, 225, -46676, 280
54343, 228, -46587, 285
54353, 232, -46514, 286
54362, 235, -46438, 290
54370, 237, -46367, 292
54379, 240, -46297, 296
54388, 243, -46221, 298
54397, 246, -46157, 300
54405, 248, -46077, 304
54413, 251, -46015, 305
54422, 253, -45938, 310
54430, 256, -45865, 312
54440, 259, -45793, 317
54449, 262, -45712, 319
54458, 265, -45642, 321
54467, 269, -45563, 327
54477, 271, -45489, 328
54486, 274, -45407, 332
54495, 277, -45347, 333
54503, 280, -45270, 339
54512, 283, -45203, 340
54520, 286, -45136, 343
54528, 288, -45065, 347
54537, 291, -45000, 348
54545, 294, -44915, 352
54555, 296, -44854, 354
54563, 300, -44773, 359
54572, 302, -44707, 360
54581, 305, -44632, 363
54590, 308, -44564, 365
54599, 309, -44508, 367
54608, 312, -44444, 372
54616, 315, -44385, 374
54624, 325, -44342, 373
54633, 319, -44303, 376
54641, 321, -44257, 379
54649, 323, -44204, 380
54657, 324, -44171, 380
54666, 326, -44143, 381
54674, 327, -44115, 383
54682, 328, -44079, 385
54690, 330, -44038, 387
54699, 331, -44012, 387
54707, 332, -43994, 387
54715, 333, -43981, 387
54723, 334, -43964, 387
54732, 334, -43943, 387
54740, 334, -43919, 389
54748, 335, -43891, 391
54757, 336, -43861, 392
54765, 337, -43836, 394
54773, 345, -43819, 392
54782, 339, -43809, 392
54790, 339, -43804, 393
54798, 339, -43799, 393
54807, 339, -43796, 394
54815, 347, -43793, 393
56833, 340, -43776, 393
56842, 340, -43776, 394
56851, 340, -43780, 396
56859, 348, -43796, 394
56868, 347, -43805, 392
56877, 340, -43797, 394
56886, 340, -43784, 396
56895, 341, -43728, 403
56904, 350, -43673, 402
56913, 346, -43613, 406
56921, 349, -43548, 409
56930, 352, -43488, 410
56938, 354, -43408, 414
56946, 357, -43348, 417
56955, 360, -43270, 422
56963, 363, -43199, 422
56972, 365, -43130, 428
56980, 368, -43050, 429
56989, 371, -42981, 432
56998, 374, -42889, 436
57008, 377, -42826, 438
57016, 380, -42742, 443
57025, 382, -42670, 443
57033, 385, -42597, 448
57042, 388, -42522, 450
57050, 391, -42442, 453
57060, 394, -42351, 456
57069, 397, -42279, 459
57078, 399, -42189, 463
57087, 402, -42118, 465
57096, 405, -42034, 470
57104, 408, -41961, 470
57113, 411, -41882, 475
57121, 414, -41802, 477
57130, 417, -41733, 481
57138, 420, -41643, 483
57146, 422, -41573, 485
57155, 425, -41489, 491
57163, 428, -41408, 492
57171, 431, -41332, 495
57180, 434, -41235, 499
57190, 437, -41150, 500
57199, 440, -41056, 504
57208, 443, -40984, 508
57216, 446, -40890, 512
57224, 455, -40810, 511
57233, 452, -40726, 516
57242, 455, -40633, 519
57250, 458, -40555, 522
57258, 460, -40458, 526
57267, 464, -40369, 527
57277, 467, -40262, 533
57286, 469, -40182, 534
57295, 472, -40083, 538
57303, 475, -39997, 540
57311, 478, -39914, 543
57320, 481, -39812, 548
57328, 484, -39734, 548
57336, 487, -39627, 554
57345, 490, -39541, 554
57353, 493, -39449, 560
57362, 495, -39348, 561
57370, 498, -39260, 563
57379, 501, -39144, 567
57388, 504, -39056, 569
57396, 507, -38934, 575
57406, 510, -38842, 576
57414, 513, -38725, 580
57423, 516, -38624, 582
57432, 519, -38523, 585
57440, 522, -38407, 588
57449, 525, -38306, 590
57458, 528, -38183, 595
57466, 530, -38088, 595
57474, 533, -37971, 601
57483, 535, -37863, 602
57491, 538, -37751, 606
57500, 541, -37613, 607
57510, 544, -37500, 611
57519, 547, -37359, 614
57528, 550, -37237, 618
57537, 553, -37097, 623
57546, 562, -36986, 622
57554, 560, -36845, 630
57564, 568, -36704, 629
57574, 566, -36576, 635
57582, 569, -36445, 637
57590, 573, -36326, 639
57599, 575, -36181, 644
57607, 579, -36063, 646
57615, 582, -35911, 650
57624, 585, -35776, 651
57633, 587, -35641, 655
57641, 589, -35489, 657
57650, 592, -35364, 661
57659, 595, -35208, 665
57668, 599, -35091, 667
57676, 602, -34946, 671
57685, 605, -34827, 672
57693, 608, -34695, 676
57702, 610, -34569, 678
57710, 613, -34457, 682
57718, 616, -34323, 686
57727, 619, -34219, 687
57736, 623, -34091, 693
57744, 626, -33982, 694
57753, 629, -33871, 697
57761, 631, -33753, 699
57770, 634, -33639, 703
57779, 636, -33521, 706
57788, 639, -33429, 708
57796, 643, -33304, 715
57805, 646, -33209, 715
57814, 649, -33093, 720
57823, 653, -32996, 722
57831, 656, -32893, 724
57841, 658, -32788, 727
57849, 661, -32689, 731
57859, 664, -32572, 734
57868, 667, -32489, 736
57877, 670, -32372, 741
57887, 674, -32291, 743
57895, 676, -32196, 748
57903, 679, -32110, 749
57912, 682, -32028, 753
57920, 685, -31937, 756
57928, 688, -31860, 758
57937, 691, -31767, 763
57945, 694, -31692, 763
57954, 697, -31599, 768
57963, 700, -31519, 770
57972, 703, -31447, 774
57980, 706, -31357, 777
57989, 710, -31278, 781
57998, 713, -31191, 784
58007, 716, -31122, 786
58016, 719, -31037, 790
58024, 722, -30967, 792
58033, 725, -30893, 796
58041, 728, -30812, 799
58050, 731, -30739, 800
58060, 734, -30655, 806
58068, 737, -30591, 806
58077, 739, -30515, 812
58086, 742, -30452, 813
58094, 745, -30402, 815
58103, 748, -30338, 819
58111, 750, -30282, 820
58120, 752, -30242, 820
58128, 754, -30202, 824
58136, 756, -30155, 825
58145, 758, -30113, 827
58153, 759, -30086, 828
58162, 766, -30062, 827
58170, 762, -30037, 829
58179, 763, -30003, 831
58189, 765, -29962, 835
58197, 770, -29932, 832
58206, 767, -29913, 834
58215, 768, -29902, 835
58223, 769, -29892, 835
58232, 769, -29882, 835
58240, 769, -29870, 835
58248, 770, -29857, 837
58257, 770, -29840, 837
58265, 771, -29818, 838
58275, 772, -29791, 840
58284, 773, -29768, 841
58293, 779, -29753, 840
58302, 775, -29745, 841
58311, 775, -29741, 842
58319, 781, -29737, 841
58328, 776, -29735, 843
58336, 781, -29734, 842
58344, 781, -29732, 841
58353, 776, -29731, 841
58361, 776, -29731, 841
58370, 780, -29730, 839
60388, 775, -29716, 842
60397, 776, -29716, 843
60406, 781, -29720, 842
60414, 781, -29738, 840
60423, 776, -29750, 841
60431, 776, -29746, 841
60440, 776, -29731, 842
60448, 777, -29696, 848
60456, 783, -29647, 847
60465, 780, -29604, 852
60473, 783, -29538, 856
60481, 786, -29486, 858
60490, 789, -29424, 862
60498, 792, -29365, 864
60507, 795, -29306, 868
60515, 798, -29237, 869
60524, 801, -29184, 875
60533, 805, -29113, 878
60541, 809, -29051, 880
60551, 812, -28985, 884
60559, 815, -28930, 887
60568, 818, -28875, 889
60576, 821, -28811, 892
60584, 824, -28757, 894
60593, 827, -28691, 899
60601, 829, -28637, 900
60610, 833, -28566, 907
60620, 836, -28509, 907
60629, 840, -28450, 914
60637, 843, -28394, 914
60646, 846, -28342, 917
60654, 849, -28276, 921
60663, 852, -28226, 923
60671, 856, -28164, 930
60680, 863, -28115, 929
60688, 862, -28059, 934
60697, 865, -27999, 937
60705, 869, -27940, 940
60715, 871, -27880, 944
60723, 875, -27832, 946
60732, 878, -27769, 951
60740, 881, -27718, 951
60749, 884, -27666, 956
60757, 887, -27605, 958
60766, 891, -27555, 964
60775, 893, -27494, 964
60783, 897, -27446, 968
60792, 900, -27389, 973
60801, 903, -27342, 973
60809, 906, -27287, 978
60818, 909, -27233, 980
60826, 913, -27179, 984
60836, 916, -27124, 987
60845, 920, -27079, 991
60853, 923, -27020, 994
60861, 926, -26972, 994
60870, 929, -26915, 1002
60879, 936, -26866, 1001
60887, 935, -26813, 1006
60896, 938, -26755, 1008
60905, 941, -26704, 1012
60913, 944, -26646, 1016
60922, 948, -26596, 1018
60932, 951, -26536, 1024
60940, 958, -26482, 1023
60950, 958, -26426, 1031
60958, 965, -26378, 1030
60966, 965, -26331, 1035
60975, 968, -26265, 1039
60985, 972, -26216, 1041
60993, 974, -26158, 1043
61002, 978, -26109, 1047
61011, 981, -26050, 1053
61020, 988, -26001, 1052
61028, 987, -25947, 1058
61036, 991, -25892, 1061
61045, 994, -25846, 1065
61054, 997, -25784, 1067
61063, 1001, -25736, 1069
61071, 1004, -25679, 1074
61080, 1007, -25632, 1076
61088, 1011, -25585, 1080
61096, 1014, -25528, 1082
61105, 1017, -25479, 1086
61114, 1020, -25419, 1088
61122, 1023, -25371, 1091
61132, 1026, -25314, 1097
61140, 1030, -25267, 1098
61148, 1033, -25215, 1102
61156, 1036, -25161, 1104
61165, 1039, -25114, 1107
61174, 1042, -25056, 1110
61182, 1045, -25011, 1113
61191, 1048, -24953, 1118
61199, 1051, -24904, 1120
61208, 1054, -24851, 1123
61216, 1058, -24798, 1127
61225, 1062, -24749, 1129
61234, 1065, -24686, 1133
61242, 1068, -24634, 1135
61252, 1072, -24577, 1141
61260, 1075, -24532, 1142
61269, 1078, -24475, 1146
61277, 1081, -24419, 1148
61286, 1085, -24370, 1153
61294, 1088, -24313, 1156
61302, 1091, -24268, 1158
61311, 1095, -24207, 1162
61320, 1098, -24146, 1164
61329, 1101, -24092, 1169
61337, 1104, -24037, 1171
61346, 1108, -23986, 1175
61354, 1111, -23917, 1178
61364, 1114, -23866, 1179
61372, 1118, -23796, 1186
61382, 1122, -23745, 1187
61391, 1125, -23678, 1192
61400, 1128, -23621, 1193
61409, 1132, -23564, 1199
61417, 1135, -23505, 1201
61426, 1138, -23448, 1204
61434, 1143, -23381, 1208
61443, 1146, -23328, 1210
61452, 1149, -23257, 1216
61461, 1152, -23201, 1216
61469, 1156, -23135, 1222
61478, 1160, -23075, 1222
61486, 1163, -23014, 1227
61496, 1166, -22935, 1232
61505, 1170, -22873, 1233
61514, 1173, -22805, 1237
61522, 1176, -22757, 1238
61531, 1180, -22708, 1241
61539, 1182, -22645, 1245
61547, 1188, -22595, 1244
61556, 1186, -22560, 1246
61565, 1189, -22525, 1249
61574, 1191, -22472, 1253
61584, 1193, -22431, 1254
61593, 1199, -22403, 1253
61602, 1197, -22382, 1253
61611, 1198, -22360, 1256
61620, 1199, -22333, 1256
61628, 1200, -22301, 1258
61637, 1201, -22271, 1261
61645, 1205, -22251, 1258
61653, 1203, -22237, 1261
61663, 1204, -22229, 1261
61671, 1208, -22223, 1260
61680, 1205, -22218, 1261
61688, 1205, -22213, 1261
61696, 1205, -22206, 1261
61705, 1206, -22196, 1262
61713, 1206, -22184, 1263
61722, 1207, -22170, 1263
61731, 1207, -22155, 1264
61740, 1208, -22139, 1264
61748, 1209, -22123, 1266
61756, 1209, -22106, 1267
61765, 1210, -22091, 1267
61774, 1211, -22075, 1267
61783, 1212, -22061, 1269
61792, 1215, -22052, 1268
61801, 1215, -22046, 1267
61810, 1212, -22043, 1267
61819, 1214, -22042, 1269
61827, 1215, -22041, 1268
61836, 1215, -22041, 1267
61845, 1212, -22041, 1268
61853, 1214, -22040, 1269
61862, 1216, -22040, 1268
61871, 1214, -22040, 1268
61879, 1214, -22040, 1268
61887, 1214, -22040, 1268
61896, 1214, -22039, 1268
61904, 1214, -22039, 1268
61914, 1214, -22039, 1268
61923, 1214, -22039, 1268
61933, 1215, -22039, 1267
61943, 1214, -22039, 1269
61952, 1216, -22039, 1268
61960, 1214, -22039, 1268
61969, 1214, -22038, 1269
61977, 1216, -22038, 1268
61986, 1214, -22038, 1269
61994, 1216, -22037, 1268
62003, 1216, -22037, 1267
62012, 1212, -22036, 1267
62021, 1212, -22035, 1267
62031, 1212, -22035, 1267
62039, 1212, -22034, 1268
62048, 1212, -22034, 1268
62056, 1212, -22034, 1268
62065, 1212, -22034, 1268
62074, 1214, -22034, 1269
62082, 1214, -22034, 1269
62090, 1214, -22034, 1269
62099, 1216, -22034, 1267
62108, 1214, -22033, 1268
62116, 1214, -22031, 1269
62125, 1214, -22029, 1269
62135, 1214, -22027, 1269
62144, 1216, -22025, 1268
62153, 1214, -22023, 1268
62162, 1214, -22021, 1269
62170, 1214, -22018, 1269
62180, 1215, -22016, 1271
62188, 1218, -22014, 1270
62197, 1215, -22011, 1270
62205, 1216, -22007, 1270
62214, 1216, -22002, 1270
62222, 1216, -21996, 1270
62232, 1216, -21990, 1270
62241, 1216, -21983, 1272
62250, 1217, -21975, 1273
62260, 1220, -21967, 1272
62268, 1218, -21956, 1274
62277, 1219, -21940, 1274
62286, 1219, -21923, 1275
62294, 1220, -21906, 1276
62302, 1223, -21894, 1275
62311, 1221, -21886, 1276
62319, 1224, -21882, 1275
62327, 1221, -21880, 1275
62336, 1221, -21879, 1275
62344, 1221, -21879, 1275
62353, 1223, -21879, 1274
62361, 1220, -21882, 1275
62371, 1221, -21885, 1277
62380, 1224, -21888, 1276
62389, 1224, -21895, 1275
62399, 1224, -21908, 1274
62407, 1223, -21923, 1271
62415, 1220, -21932, 1275
62423, 1222, -21938, 1273
62432, 1219, -21941, 1273
62440, 1219, -21944, 1273
62450, 1219, -21946, 1273
62458, 1219, -21948, 1274
62467, 1222, -21951, 1272
62476, 1221, -21955, 1271
62484, 1218, -21962, 1273
62494, 1218, -21972, 1273
62502, 1220, -21982, 1270
62512, 1220, -21993, 1269
62520, 1217, -22007, 1270
62529, 1219, -22022, 1269
62537, 1218, -22037, 1268
62545, 1216, -22051, 1267
62554, 1214, -22066, 1267
62562, 1215, -22075, 1266
62571, 1212, -22079, 1267
62579, 1214, -22082, 1265
62588, 1211, -22084, 1265
62596, 1211, -22085, 1267
62604, 1211, -22086, 1267
62613, 1211, -22086, 1267
62621, 1211, -22086, 1268
62630, 1215, -22086, 1266
62639, 1211, -22087, 1266
62648, 1214, -22087, 1265
62657, 1211, -22087, 1267
62666, 1214, -22087, 1266
62674, 1213, -22087, 1265
64694, 1211, -22089, 1267
64703, 1214, -22089, 1266
64712, 1211, -22098, 1267
64720, 1213, -22146, 1262
64729, 1212, -22177, 1259
64737, 1208, -22185, 1263
64746, 1210, -22180, 1262
64754, 1207, -22145, 1268
64763, 1209, -22086, 1270
64772, 1212, -22033, 1272
64781, 1215, -21959, 1276
64790, 1218, -21900, 1278
64799, 1222, -21817, 1285
64808, 1228, -21752, 1284
64816, 1229, -21675, 1290
64824, 1233, -21601, 1293
64833, 1236, -21533, 1297
64841, 1239, -21450, 1298
64850, 1244, -21371, 1302
64860, 1247, -21279, 1306
64869, 1250, -21209, 1308
64877, 1253, -21117, 1314
64886, 1257, -21040, 1314
64895, 1261, -20954, 1319
64904, 1264, -20867, 1321
64912, 1267, -20792, 1325
64921, 1270, -20700, 1330
64929, 1275, -20627, 1330
64937, 1278, -20534, 1336
64946, 1281, -20449, 1337
64955, 1285, -20357, 1343
64964, 1289, -20266, 1345
64972, 1293, -20185, 1349
64981, 1296, -20083, 1352
64989, 1299, -20005, 1355
64997, 1304, -19903, 1361
65006, 1309, -19816, 1359
65014, 1310, -19729, 1364
65022, 1313, -19624, 1367
65030, 1317, -19541, 1369
65039, 1319, -19431, 1375
65047, 1323, -19334, 1375
65056, 1327, -19228, 1382
65065, 1330, -19134, 1382
65073, 1334, -19039, 1388
65082, 1337, -18924, 1391
65092, 1341, -18828, 1394
65101, 1345, -18722, 1398
65110, 1349, -18639, 1399
65118, 1352, -18531, 1404
65127, 1355, -18448, 1406
65135, 1359, -18353, 1411
65143, 1362, -18260, 1413
65152, 1366, -18179, 1416
65160, 1370, -18079, 1422
65168, 1375, -17999, 1421
65177, 1376, -17888, 1426
65187, 1380, -17807, 1428
65196, 1384, -17718, 1434
65204, 1386, -17634, 1435
65212, 1391, -17552, 1438
65222, 1394, -17446, 1443
65231, 1398, -17369, 1446
65240, 1401, -17271, 1449
65249, 1406, -17197, 1454
65257, 1410, -17107, 1458
65266, 1413, -17032, 1459
65274, 1416, -16954, 1464
65282, 1420, -16867, 1464
65291, 1423, -16791, 1468
65300, 1426, -16690, 1472
65310, 1429, -16618, 1475
65319, 1433, -16526, 1481
65327, 1437, -16456, 1481
65336, 1441, -16375, 1489
65344, 1447, -16301, 1488
65353, 1448, -16230, 1494
65361, 1451, -16149, 1496
65369, 1456, -16087, 1499
65377, 1459, -16005, 1504
65386, 1465, -15934, 1503
65394, 1465, -15865, 1508
65402, 1467, -15782, 1510
65411, 1471, -15716, 1514
65419, 1474, -15634, 1519
65428, 1478, -15566, 1520
65437, 1481, -15479, 1526
65446, 1485, -15403, 1526
65456, 1488, -15314, 1533
65466, 1493, -15245, 1535
65474, 1496, -15176, 1539
65482, 1500, -15103, 1543
65491, 1504, -15040, 1545
65500, 1508, -14951, 1550
65509, 1512, -14887, 1553
65518, 1515, -14808, 1558
65526, 1518, -14743, 1558
65535, 1523, -14670, 1562
65544, 1526, -14598, 1565
65552, 1529, -14533, 1569
65561, 1532, -14447, 1573
65570, 1536, -14386, 1575
65579, 1540, -14310, 1580
65588, 1543, -14245, 1582
65596, 1548, -14172, 1588
65605, 1551, -14104, 1589
65613, 1556, -14040, 1592
65622, 1559, -13963, 1595
65631, 1562, -13898, 1598
65639, 1565, -13822, 1604
65648, 1569, -13763, 1605
65656, 1573, -13691, 1609
65664, 1577, -13624, 1611
65673, 1580, -13562, 1615
65681, 1583, -13488, 1619
65690, 1588, -13423, 1621
65700, 1591, -13339, 1626
65708, 1595, -13282, 1629
65717, 1598, -13207, 1634
65725, 1607, -13144, 1633
65734, 1606, -13084, 1638
65743, 1609, -13013, 1642
65751, 1612, -12963, 1642
65760, 1615, -12915, 1645
65769, 1618, -12855, 1648
65778, 1621, -12809, 1650
65786, 1623, -12779, 1651
65794, 1625, -12749, 1651
65803, 1627, -12712, 1656
65811, 1629, -12667, 1657
65820, 1630, -12633, 1657
65828, 1636, -12610, 1656
65838, 1632, -12596, 1657
65846, 1633, -12582, 1658
65855, 1633, -12567, 1659
65863, 1634, -12550, 1661
65872, 1635, -12530, 1661
65880, 1637, -12501, 1663
65890, 1639, -12472, 1666
65898, 1645, -12454, 1665
65907, 1641, -12443, 1666
65915, 1647, -12437, 1665
65923, 1642, -12432, 1665
65932, 1647, -12429, 1664
65940, 1641, -12427, 1664
65950, 1641, -12426, 1664
65958, 1641, -12425, 1665
65968, 1646, -12424, 1664
