5420, 2071, -2
5423, 2071, -2
5427, 2070, -14
5431, 2070, -47
5435, 2069, -91
5438, 2067, -139
5441, 2064, -211
5445, 2061, -292
5448, 2057, -380
5451, 2054, -483
5454, 2050, -601
5458, 2045, -750
5461, 2041, -910
5465, 2037, -1066
5469, 2032, -1245
5472, 2027, -1420
5476, 2022, -1584
5479, 2018, -1763
5483, 2013, -1936
5486, 2009, -2110
5489, 2005, -2307
5493, 2000, -2488
5496, 1996, -2661
5500, 1993, -2827
5503, 1989, -2995
5507, 1985, -3155
5510, 1982, -3323
5514, 1979, -3464
5517, 1975, -3603
5520, 1973, -3733
5523, 1969, -3859
5527, 1967, -3988
5530, 1964, -4110
5533, 1962, -4226
5536, 1959, -4343
5540, 1956, -4445
5543, 1954, -4551
5546, 1951, -4688
5550, 1949, -4790
5554, 1946, -4907
5558, 1943, -5000
5561, 1941, -5088
5564, 1939, -5179
5568, 1936, -5281
5572, 1934, -5356
5575, 1932, -5454
5579, 1929, -5537
5583, 1927, -5604
5586, 1926, -5671
5589, 1924, -5749
5593, 1922, -5838
5597, 1920, -5905
5601, 1918, -5965
5605, 1915, -6034
5608, 1914, -6093
5612, 1912, -6141
5615, 1911, -6189
5618, 1910, -6241
5622, 1909, -6297
5625, 1908, -6345
5628, 1906, -6386
5631, 1905, -6422
5634, 1904, -6460
5638, 1903, -6500
5641, 1901, -6545
5644, 1900, -6588
5647, 1899, -6623
5650, 1897, -6654
5653, 1897, -6684
5657, 1896, -6715
5660, 1895, -6750
5663, 1893, -6788
5666, 1892, -6822
5669, 1891, -6850
5672, 1890, -6877
5675, 1890, -6899
5678, 1889, -6921
5682, 1889, -6945
5685, 1888, -6973
5688, 1887, -7005
5691, 1886, -7035
5694, 1884, -7061
5697, 1884, -7082
5700, 1883, -7101
5703, 1883, -7119
5706, 1883, -7134
5709, 1883, -7150
5712, 1883, -7169
5715, 1882, -7191
5718, 1880, -7216
5722, 1879, -7244
5725, 1878, -7269
5728, 1877, -7289
5731, 1877, -7307
5734, 1876, -7320
5737, 1876, -7332
5740, 1876, -7342
5743, 1876, -7352
5746, 1876, -7362
5749, 1875, -7374
5752, 1875, -7388
5755, 1874, -7404
5758, 1873, -7422
5762, 1872, -7441
5765, 1871, -7464
5768, 1870, -7483
5771, 1870, -7499
5774, 1870, -7513
5777, 1870, -7526
5780, 1869, -7536
5783, 1870, -7544
5786, 1870, -7551
5789, 1870, -7558
5792, 1869, -7564
5795, 1869, -7569
5799, 1869, -7575
5802, 1868, -7582
5805, 1868, -7589
5808, 1868, -7597
5811, 1867, -7606
5814, 1867, -7616
5817, 1866, -7628
5820, 1866, -7642
5823, 1865, -7656
5826, 1864, -7671
5830, 1864, -7687
5833, 1863, -7700
5836, 1862, -7711
5839, 1862, -7721
5842, 1862, -7729
5845, 1862, -7736
5848, 1862, -7741
5851, 1862, -7745
5854, 1863, -7749
5857, 1863, -7752
5860, 1863, -7755
5863, 1863, -7758
5867, 1862, -7760
5870, 1862, -7762
5873, 1862, -7764
5876, 1862, -7766
5879, 1862, -7768
5882, 1862, -7771
5885, 1862, -7773
5888, 1862, -7775
5891, 1862, -7778
5894, 1862, -7782
5897, 1862, -7786
5900, 1862, -7791
5904, 1861, -7796
5907, 1861, -7802
5910, 1860, -7809
5913, 1859, -7816
5916, 1859, -7823
5919, 1859, -7829
5922, 1858, -7836
5925, 1858, -7843
5928, 1859, -7849
5931, 1859, -7856
5934, 1858, -7863
5938, 1857, -7869
5941, 1857, -7876
5944, 1857, -7884
5947, 1856, -7891
5950, 1856, -7898
5953, 1857, -7904
5956, 1856, -7910
5959, 1856, -7916
5962, 1856, -7923
5965, 1856, -7929
5969, 1855, -7934
5972, 1855, -7938
5975, 1856, -7941
5978, 1855, -7943
5981, 1855, -7945
5984, 1855, -7947
5987, 1855, -7948
5990, 1855, -7950
5993, 1855, -7950
5996, 1855, -7951
5999, 1855, -7952
6002, 1855, -7952
6006, 1855, -7953
6009, 1855, -7953
6012, 1855, -7954
6015, 1855, -7954
6018, 1856, -7954
6021, 1856, -7954
6024, 1856, -7955
6028, 1855, -7955
6031, 1855, -7956
6034, 1855, -7956
6037, 1855, -7956
6040, 1855, -7956
6043, 1856, -7956
6046, 1855, -7957
6049, 1855, -7957
6052, 1855, -7957
6055, 1855, -7957
6058, 1855, -7957
6061, 1855, -7957
6064, 1855, -7958
6068, 1855, -7958
6071, 1856, -7958
6074, 1856, -7958
6077, 1856, -7958
6080, 1855, -7959
6083, 1855, -7959
6086, 1855, -7959
6089, 1856, -7959
6092, 1856, -7959
6095, 1856, -7959
6098, 1856, -7959
6101, 1856, -7959
6105, 1856, -7959
6108, 1856, -7959
6111, 1856, -7959
6114, 1856, -7959
6117, 1855, -7959
6120, 1855, -7959
6123, 1855, -7959
6126, 1855, -7959
6129, 1855, -7960
6132, 1855, -7960
6136, 1855, -7960
6139, 1855, -7961
6142, 1855, -7961
6145, 1855, -7961
6148, 1855, -7962
6151, 1855, -7962
6154, 1855, -7962
6157, 1854, -7962
6160, 1855, -7963
6164, 1855, -7963
6167, 1855, -7964
6170, 1855, -7964
6173, 1855, -7964
6177, 1855, -7965
6180, 1855, -7965
6183, 1855, -7965
6186, 1855, -7966
6189, 1855, -7967
6193, 1855, -7967
6196, 1855, -7968
6199, 1855, -7969
6203, 1855, -7970
6206, 1855, -7971
6209, 1855, -7972
6212, 1855, -7973
6215, 1855, -7974
6218, 1855, -7975
6222, 1855, -7976
6225, 1855, -7977
6228, 1854, -7978
6231, 1854, -7979
6234, 1854, -7980
6237, 1855, -7981
6241, 1855, -7982
6244, 1855, -7983
6247, 1855, -7984
6250, 1855, -7985
6253, 1855, -7987
6257, 1855, -7988
6260, 1855, -7990
6265, 1855, -7992
6268, 1855, -7993
6271, 1854, -7994
6274, 1854, -7996
6278, 1854, -7998
6281, 1853, -7999
8294, 1853, -8039
8298, 1853, -8042
8301, 1852, -8054
8305, 1851, -8074
8308, 1849, -8100
8312, 1848, -8135
8315, 1846, -8181
8319, 1843, -8237
8322, 1839, -8311
8326, 1834, -8399
8330, 1828, -8506
8333, 1823, -8616
8337, 1817, -8727
8340, 1811, -8832
8343, 1805, -8936
8346, 1800, -9048
8349, 1795, -9156
8353, 1790, -9267
8356, 1785, -9378
8359, 1781, -9485
8362, 1776, -9591
8365, 1771, -9700
8368, 1766, -9808
8372, 1761, -9914
8375, 1756, -10018
8378, 1751, -10123
8381, 1747, -10231
8385, 1742, -10362
8389, 1737, -10467
8392, 1733, -10581
8396, 1728, -10700
8400, 1723, -10804
8403, 1719, -10904
8407, 1714, -11000
8410, 1710, -11113
8414, 1705, -11202
8417, 1701, -11293
8421, 1696, -11388
8424, 1692, -11485
8428, 1687, -11609
8432, 1682, -11710
8436, 1676, -11831
8439, 1670, -11968
8444, 1664, -12093
8448, 1658, -12195
8451, 1652, -12296
8454, 1646, -12399
8457, 1640, -12505
8461, 1635, -12606
8464, 1630, -12705
8467, 1625, -12798
8470, 1620, -12890
8473, 1616, -12986
8477, 1612, -13082
8480, 1608, -13176
8483, 1604, -13279
8487, 1600, -13369
8490, 1595, -13459
8494, 1591, -13550
8497, 1587, -13651
8501, 1582, -13745
8505, 1578, -13832
8508, 1574, -13923
8511, 1570, -14010
8515, 1566, -14108
8519, 1562, -14194
8522, 1558, -14279
8526, 1555, -14358
8529, 1551, -14453
8533, 1548, -14553
8538, 1544, -14625
8541, 1541, -14693
8544, 1537, -14778
8548, 1534, -14856
8552, 1530, -14931
8556, 1527, -15012
8560, 1524, -15074
8564, 1521, -15137
8567, 1518, -15190
8570, 1516, -15250
8573, 1513, -15310
8577, 1511, -15361
8580, 1509, -15411
8583, 1506, -15469
8586, 1503, -15522
8589, 1502, -15568
8593, 1499, -15619
8596, 1497, -15674
8599, 1496, -15721
8603, 1494, -15763
8606, 1492, -15812
8609, 1490, -15865
8613, 1488, -15907
8616, 1486, -15948
8620, 1484, -15990
8623, 1483, -16033
8626, 1481, -16083
8630, 1480, -16128
8635, 1478, -16173
8639, 1476, -16218
8642, 1475, -16263
8646, 1474, -16292
8649, 1472, -16331
8654, 1471, -16366
8657, 1469, -16407
8660, 1467, -16451
8665, 1466, -16482
8669, 1465, -16507
8672, 1464, -16533
8675, 1463, -16562
8678, 1462, -16594
8681, 1460, -16622
8684, 1459, -16647
8687, 1458, -16668
8691, 1458, -16692
8695, 1457, -16719
8699, 1457, -16747
8702, 1455, -16780
8706, 1454, -16811
8709, 1453, -16835
8713, 1452, -16861
8718, 1451, -16877
8721, 1451, -16891
8724, 1450, -16907
8727, 1449, -16925
8730, 1448, -16947
8734, 1447, -16973
8737, 1446, -16998
8740, 1445, -17019
8743, 1444, -17037
8746, 1443, -17051
8749, 1444, -17065
8752, 1444, -17076
8755, 1444, -17087
8758, 1443, -17098
8762, 1443, -17109
8765, 1442, -17121
8768, 1442, -17134
8771, 1441, -17149
8774, 1441, -17166
8777, 1439, -17186
8780, 1438, -17204
8783, 1437, -17220
8786, 1437, -17232
8789, 1436, -17243
8793, 1436, -17252
8796, 1436, -17260
8799, 1436, -17267
8802, 1436, -17273
8805, 1436, -17278
8808, 1436, -17284
8811, 1436, -17290
8815, 1436, -17297
8818, 1436, -17306
8821, 1435, -17316
8824, 1435, -17328
8827, 1434, -17340
8831, 1434, -17354
8834, 1433, -17369
8837, 1432, -17384
8840, 1431, -17399
8843, 1431, -17415
8847, 1430, -17427
8850, 1430, -17438
8855, 1430, -17446
8858, 1430, -17452
8862, 1430, -17457
8865, 1429, -17461
8869, 1429, -17464
8872, 1429, -17467
8875, 1429, -17469
8879, 1429, -17472
8882, 1429, -17474
8886, 1430, -17476
8889, 1429, -17477
8892, 1429, -17479
8895, 1430, -17481
8899, 1429, -17484
8902, 1429, -17487
8905, 1429, -17491
8909, 1429, -17496
8912, 1429, -17501
8915, 1429, -17507
8919, 1428, -17514
8922, 1428, -17523
8926, 1427, -17532
8929, 1427, -17541
8933, 1426, -17551
8936, 1426, -17560
8939, 1425, -17569
8942, 1425, -17579
8946, 1424, -17589
8949, 1424, -17599
8953, 1424, -17610
8956, 1424, -17618
8959, 1423, -17627
8963, 1424, -17635
8966, 1423, -17643
8969, 1423, -17651
8973, 1423, -17657
8976, 1423, -17661
8979, 1422, -17665
8983, 1422, -17668
8986, 1422, -17670
8990, 1422, -17672
8993, 1423, -17673
8996, 1422, -17674
9000, 1423, -17675
9003, 1423, -17676
9006, 1423, -17677
9009, 1423, -17677
9013, 1423, -17678
9016, 1422, -17678
9019, 1422, -17678
9022, 1422, -17678
9026, 1422, -17678
9030, 1422, -17678
9033, 1422, -17678
9037, 1422, -17678
9042, 1422, -17679
9045, 1423, -17679
9050, 1423, -17679
9053, 1423, -17679
9057, 1423, -17679
9060, 1423, -17680
9065, 1422, -17680
9068, 1422, -17680
9072, 1422, -17680
9076, 1423, -17680
9079, 1423, -17681
9083, 1423, -17681
9086, 1423, -17681
9090, 1423, -17681
9094, 1423, -17681
9098, 1422, -17681
9102, 1422, -17682
9105, 1422, -17682
9108, 1422, -17682
9111, 1422, -17682
9114, 1422, -17682
9118, 1423, -17682
9121, 1422, -17683
9124, 1422, -17683
9128, 1422, -17683
9131, 1422, -17683
9134, 1422, -17683
9138, 1422, -17683
9141, 1422, -17684
9145, 1423, -17684
9148, 1423, -17684
9153, 1423, -17684
9156, 1423, -17685
9159, 1423, -17685
9162, 1422, -17685
9166, 1422, -17686
9170, 1422, -17687
9175, 1422, -17687
9178, 1422, -17688
9182, 1422, -17689
9186, 1422, -17689
9189, 1422, -17690
9193, 1422, -17691
9198, 1422, -17693
9201, 1422, -17694
9205, 1422, -17696
9209, 1422, -17697
9212, 1422, -17698
9217, 1422, -17699
9220, 1422, -17701
9224, 1421, -17702
9228, 1421, -17703
9231, 1421, -17704
9234, 1421, -17705
9237, 1421, -17706
9240, 1421, -17707
9244, 1421, -17709
9247, 1421, -17709
9251, 1421, -17711
9255, 1421, -17712
9258, 1421, -17712
9262, 1421, -17713
9265, 1420, -17714
11279, 1420, -17738
11283, 1420, -17740
11287, 1419, -17753
11290, 1418, -17773
11294, 1417, -17802
11297, 1415, -17836
11300, 1413, -17883
11304, 1411, -17938
11307, 1407, -18004
11311, 1403, -18078
11314, 1400, -18153
11317, 1396, -18236
11320, 1392, -18330
11324, 1388, -18425
11327, 1384, -18523
11330, 1379, -18626
11333, 1375, -18734
11336, 1371, -18847
11339, 1367, -18965
11342, 1362, -19083
11346, 1358, -19210
11349, 1354, -19329
11352, 1350, -19456
11356, 1345, -19579
11359, 1341, -19694
11362, 1337, -19817
11366, 1333, -19939
11369, 1328, -20055
11372, 1324, -20175
11376, 1320, -20306
11379, 1315, -20461
11384, 1310, -20591
11388, 1305, -20736
11391, 1300, -20848
11395, 1294, -20964
11398, 1289, -21088
11402, 1284, -21210
11405, 1280, -21319
11408, 1274, -21430
11412, 1270, -21531
11415, 1265, -21632
11418, 1260, -21741
11422, 1256, -21843
11425, 1252, -21937
11428, 1248, -22057
11432, 1244, -22151
11435, 1239, -22244
11439, 1235, -22363
11443, 1230, -22471
11447, 1225, -22572
11451, 1219, -22672
11455, 1214, -22761
11458, 1209, -22881
11462, 1203, -22985
11465, 1197, -23082
11469, 1191, -23186
11472, 1185, -23282
11476, 1179, -23408
11480, 1173, -23529
11484, 1166, -23663
11488, 1159, -23765
11492, 1152, -23866
11495, 1145, -24002
11499, 1138, -24142
11504, 1130, -24259
11507, 1123, -24359
11511, 1116, -24467
11514, 1109, -24568
11517, 1102, -24666
11520, 1096, -24767
11524, 1090, -24871
11527, 1084, -24979
11530, 1077, -25084
11534, 1071, -25193
11537, 1065, -25289
11540, 1059, -25384
11544, 1053, -25505
11548, 1048, -25612
11552, 1042, -25702
11555, 1036, -25833
11559, 1030, -25954
11564, 1023, -26060
11567, 1016, -26155
11571, 1010, -26251
11574, 1004, -26378
11579, 998, -26499
11583, 992, -26604
11587, 986, -26693
11590, 980, -26777
11594, 974, -26871
11597, 969, -26959
11601, 964, -27039
11604, 959, -27131
11608, 954, -27239
11613, 949, -27313
11616, 945, -27400
11620, 940, -27472
11623, 936, -27540
11626, 932, -27608
11629, 928, -27673
11632, 925, -27746
11635, 921, -27810
11639, 918, -27877
11642, 915, -27947
11645, 911, -28019
11649, 908, -28080
11652, 904, -28143
11655, 901, -28220
11660, 897, -28287
11663, 894, -28352
11667, 891, -28414
11670, 888, -28467
11674, 885, -28528
11677, 882, -28602
11682, 879, -28652
11685, 877, -28715
11689, 874, -28769
11693, 871, -28834
11697, 869, -28885
11700, 866, -28929
11703, 864, -28976
11707, 861, -29021
11710, 859, -29061
11713, 857, -29106
11716, 855, -29153
11719, 853, -29193
11722, 852, -29230
11726, 849, -29269
11729, 847, -29310
11732, 846, -29347
11735, 844, -29380
11738, 843, -29416
11741, 841, -29456
11744, 840, -29491
11747, 839, -29522
11750, 837, -29554
11754, 835, -29589
11757, 834, -29625
11760, 833, -29656
11763, 831, -29684
11766, 829, -29715
11770, 828, -29747
11773, 827, -29782
11776, 826, -29812
11779, 825, -29837
11782, 824, -29867
11786, 822, -29905
11791, 821, -29942
11794, 820, -29977
11798, 819, -30001
11802, 817, -30025
11805, 816, -30051
11809, 815, -30085
11813, 814, -30116
11816, 812, -30141
11820, 811, -30162
11823, 810, -30185
11827, 809, -30210
11832, 808, -30234
11835, 807, -30264
11838, 806, -30289
11842, 804, -30310
11845, 803, -30327
11848, 803, -30343
11851, 803, -30357
11854, 802, -30372
11858, 802, -30389
11861, 801, -30408
11864, 800, -30432
11868, 799, -30454
11871, 798, -30472
11875, 797, -30490
11879, 797, -30506
11883, 796, -30517
11887, 796, -30527
11890, 796, -30541
11894, 796, -30556
11898, 795, -30575
11901, 794, -30596
11905, 793, -30623
11909, 792, -30642
11913, 791, -30657
11916, 790, -30671
11920, 790, -30682
11924, 790, -30690
11928, 790, -30699
11932, 790, -30707
11935, 790, -30715
11939, 789, -30723
11942, 789, -30736
11947, 788, -30748
11950, 787, -30762
11953, 787, -30776
11957, 785, -30793
11960, 784, -30809
11963, 784, -30823
11966, 784, -30833
11970, 783, -30842
11973, 783, -30852
11977, 783, -30858
11981, 783, -30863
11984, 783, -30868
11988, 783, -30872
11991, 783, -30875
11994, 783, -30879
11997, 783, -30883
12001, 782, -30887
12004, 782, -30893
12009, 782, -30899
12012, 782, -30905
12015, 782, -30914
12020, 782, -30921
12023, 782, -30929
12027, 781, -30938
12031, 781, -30948
12034, 780, -30957
12037, 780, -30966
12040, 779, -30976
12044, 778, -30990
12048, 778, -30999
12051, 778, -31007
12055, 777, -31015
12059, 777, -31020
12063, 777, -31024
12066, 777, -31027
12069, 777, -31030
12072, 777, -31032
12076, 777, -31033
12079, 777, -31035
12082, 777, -31036
12085, 777, -31037
12089, 777, -31038
12093, 777, -31039
12096, 776, -31039
12100, 776, -31040
12103, 777, -31040
12107, 777, -31041
12111, 777, -31042
12115, 777, -31043
12118, 777, -31044
12123, 776, -31045
12126, 776, -31047
12131, 776, -31048
12134, 776, -31050
12139, 777, -31052
12142, 776, -31054
12145, 776, -31057
12150, 776, -31061
12155, 776, -31064
12158, 776, -31067
12162, 776, -31071
12165, 776, -31075
12169, 776, -31079
12172, 775, -31085
12176, 774, -31089
12179, 774, -31093
12182, 774, -31098
12186, 774, -31102
12189, 774, -31107
12192, 774, -31111
12195, 774, -31115
12198, 774, -31119
12202, 774, -31124
12205, 773, -31127
12208, 773, -31133
12212, 773, -31138
12216, 773, -31142
12220, 773, -31146
12223, 773, -31150
12227, 773, -31154
12232, 773, -31158
12235, 772, -31162
12239, 773, -31165
12243, 773, -31168
12246, 773, -31171
12250, 773, -31174
12253, 773, -31177
12257, 773, -31180
12261, 772, -31184
12265, 772, -31186
12268, 772, -31189
12272, 771, -31192
14285, 772, -31203
14289, 772, -31206
14292, 771, -31218
14295, 769, -31247
14299, 767, -31301
14303, 763, -31391
14308, 759, -31467
14311, 754, -31562
14314, 749, -31671
14318, 743, -31795
14322, 737, -31926
14325, 732, -32056
14329, 726, -32214
14332, 720, -32372
14336, 714, -32532
14340, 709, -32712
14343, 703, -32879
14346, 697, -33069
14350, 691, -33248
14353, 685, -33479
14357, 679, -33702
14360, 673, -33941
14364, 667, -34258
14368, 660, -34514
14372, 653, -34766
14375, 646, -35007
14378, 640, -35247
14382, 633, -35492
14385, 627, -35740
14388, 621, -35987
14391, 615, -36247
14395, 609, -36504
14398, 603, -36750
14401, 597, -36992
14405, 591, -37229
14408, 586, -37462
14411, 579, -37684
14414, 573, -37908
14417, 566, -38131
14420, 560, -38391
14424, 553, -38634
14428, 546, -38881
14431, 538, -39183
14436, 530, -39432
14439, 521, -39679
14443, 513, -39945
14446, 504, -40168
14450, 495, -40389
14453, 487, -40600
14456, 479, -40808
14459, 472, -41041
14463, 465, -41240
14466, 458, -41433
14469, 452, -41631
14472, 445, -41814
14476, 438, -41997
14479, 431, -42174
14482, 424, -42350
14485, 418, -42519
14488, 412, -42682
14491, 406, -42839
14495, 401, -42988
14498, 395, -43134
14501, 390, -43275
14504, 385, -43412
14507, 380, -43548
14510, 374, -43690
14514, 369, -43824
14517, 364, -43958
14520, 359, -44089
14523, 353, -44215
14526, 348, -44362
14530, 343, -44489
14533, 338, -44609
14536, 333, -44736
14539, 329, -44853
14543, 324, -44965
14546, 320, -45099
14550, 316, -45220
14553, 312, -45362
14558, 307, -45475
14561, 303, -45585
14565, 298, -45695
14568, 293, -45817
14572, 289, -45923
14576, 285, -46037
14580, 280, -46144
14584, 277, -46261
14588, 273, -46374
14592, 269, -46463
14595, 265, -46550
14599, 261, -46633
14602, 258, -46716
14605, 255, -46791
14608, 252, -46871
14612, 249, -46942
14615, 245, -47015
14618, 242, -47086
14621, 240, -47170
14625, 237, -47244
14628, 235, -47307
14632, 233, -47378
14635, 231, -47453
14639, 228, -47525
14643, 226, -47592
14646, 223, -47656
14650, 221, -47723
14654, 218, -47795
14657, 216, -47848
14660, 214, -47913
14664, 211, -47985
14668, 210, -48036
14671, 208, -48094
14675, 205, -48148
14678, 204, -48198
14681, 202, -48266
14686, 200, -48326
14689, 198, -48374
14693, 197, -48422
14696, 194, -48475
14699, 192, -48522
14702, 190, -48564
14706, 189, -48610
14709, 187, -48659
14713, 186, -48703
14716, 185, -48741
14719, 184, -48776
14722, 183, -48816
14726, 181, -48861
14729, 180, -48901
14732, 178, -48935
14735, 177, -48967
14738, 176, -48998
14741, 175, -49034
14744, 174, -49074
14748, 172, -49108
14751, 172, -49138
14754, 170, -49164
14757, 169, -49191
14760, 169, -49221
14763, 168, -49257
14766, 166, -49290
14769, 165, -49317
14772, 165, -49341
14775, 164, -49363
14778, 163, -49387
14782, 163, -49415
14785, 162, -49447
14788, 161, -49481
14791, 160, -49509
14795, 159, -49533
14798, 158, -49552
14801, 158, -49570
14804, 158, -49591
14808, 158, -49617
14811, 156, -49648
14814, 155, -49678
14818, 154, -49704
14821, 153, -49725
14824, 153, -49742
14828, 152, -49757
14831, 152, -49774
14834, 152, -49794
14838, 151, -49823
14842, 149, -49861
14846, 148, -49887
14850, 147, -49914
14854, 147, -49931
14858, 146, -49948
14862, 146, -49962
14866, 146, -49975
14869, 145, -49991
14873, 145, -50009
14876, 144, -50030
14880, 143, -50057
14884, 142, -50080
14887, 141, -50099
14890, 141, -50114
14894, 140, -50129
14898, 140, -50142
14902, 140, -50150
14905, 140, -50158
14908, 140, -50166
14912, 139, -50176
14915, 139, -50185
14919, 139, -50196
14922, 138, -50210
14926, 138, -50226
14929, 137, -50242
14932, 136, -50260
14935, 135, -50280
14939, 135, -50299
14942, 134, -50314
14945, 134, -50325
14948, 134, -50335
14952, 134, -50345
14956, 134, -50351
14959, 134, -50356
14963, 134, -50362
14967, 134, -50366
14971, 134, -50371
14975, 134, -50375
14978, 133, -50380
14982, 133, -50385
14985, 133, -50391
14989, 133, -50399
14993, 133, -50411
14998, 132, -50421
15001, 132, -50434
15005, 131, -50448
15009, 130, -50467
15013, 130, -50482
15017, 129, -50498
15020, 129, -50514
15024, 129, -50528
15028, 129, -50538
15031, 128, -50545
15035, 128, -50551
15038, 127, -50555
15041, 127, -50559
15044, 127, -50563
15047, 127, -50566
15051, 128, -50568
15054, 128, -50570
15057, 128, -50572
15061, 128, -50573
15064, 128, -50574
15068, 128, -50575
15072, 128, -50575
15076, 128, -50576
15079, 128, -50578
15083, 128, -50580
15087, 128, -50581
15090, 128, -50582
15094, 128, -50584
15097, 128, -50587
15102, 128, -50591
15106, 128, -50594
15110, 127, -50599
15114, 127, -50604
15118, 126, -50609
15122, 126, -50614
15125, 126, -50619
15128, 126, -50625
15132, 125, -50631
15136, 125, -50637
15140, 125, -50643
15143, 125, -50648
15147, 125, -50653
15150, 125, -50658
15153, 125, -50664
15156, 124, -50669
15159, 124, -50675
15163, 124, -50680
15166, 124, -50685
15169, 124, -50690
15172, 124, -50696
15175, 123, -50701
15179, 123, -50706
15182, 123, -50711
15185, 123, -50716
15188, 123, -50721
15192, 123, -50726
15195, 123, -50731
15198, 123, -50737
15203, 123, -50743
15207, 122, -50747
15210, 122, -50753
15215, 122, -50757
15218, 122, -50763
15223, 122, -50766
15226, 121, -50769
17239, 122, -50779
17243, 122, -50782
17246, 121, -50792
17249, 121, -50808
17252, 120, -50831
17255, 118, -50861
17258, 116, -50903
17261, 114, -50952
17265, 112, -51011
17268, 109, -51078
17271, 106, -51155
17274, 103, -51239
17277, 99, -51331
17280, 95, -51433
17283, 92, -51538
17287, 88, -51649
17290, 85, -51767
17293, 81, -51889
17296, 78, -52011
17299, 74, -52137
17302, 70, -52260
17305, 65, -52391
17308, 61, -52514
17311, 57, -52638
17315, 53, -52769
17318, 49, -52892
17321, 46, -53011
17324, 42, -53133
17327, 38, -53253
17330, 34, -53375
17333, 30, -53495
17337, 26, -53616
17340, 22, -53736
17343, 18, -53854
17346, 13, -53975
17349, 9, -54096
17352, 4, -54211
17355, 0, -54326
17359, -4, -54441
17362, -8, -54559
17365, -12, -54676
17368, -17, -54786
17372, -22, -54907
17375, -26, -55018
17378, -31, -55127
17381, -36, -55234
17385, -40, -55349
17388, -45, -55455
17392, -49, -55553
17395, -54, -55662
17398, -59, -55762
17401, -64, -55857
17404, -68, -55956
17408, -73, -56050
17411, -78, -56153
17414, -82, -56255
17418, -87, -56352
17421, -92, -56451
17424, -97, -56561
17427, -103, -56668
17431, -108, -56780
17434, -114, -56893
17437, -121, -57002
17441, -127, -57111
17444, -133, -57225
17447, -140, -57346
17450, -146, -57494
17454, -153, -57662
17459, -160, -57787
17462, -167, -57910
17466, -175, -58033
17469, -182, -58193
17473, -190, -58316
17477, -197, -58444
17480, -204, -58592
17484, -212, -58739
17488, -219, -58874
17492, -226, -59010
17495, -233, -59164
17500, -240, -59310
17504, -247, -59435
17508, -253, -59561
17512, -260, -59702
17516, -268, -59816
17519, -274, -59952
17524, -280, -60069
17527, -286, -60181
17531, -292, -60292
17535, -297, -60407
17538, -303, -60516
17542, -308, -60615
17545, -313, -60709
17549, -317, -60799
17552, -322, -60891
17555, -326, -60977
17558, -329, -61061
17561, -333, -61144
17565, -337, -61224
17568, -340, -61314
17572, -344, -61405
17575, -347, -61490
17579, -351, -61590
17583, -354, -61665
17587, -358, -61761
17591, -362, -61844
17595, -365, -61915
17598, -369, -62008
17603, -373, -62080
17606, -376, -62163
17610, -379, -62253
17614, -382, -62347
17619, -385, -62437
17624, -389, -62506
17627, -392, -62573
17630, -396, -62645
17634, -399, -62715
17637, -402, -62788
17641, -405, -62855
17645, -408, -62925
17648, -410, -62986
17651, -413, -63049
17655, -415, -63117
17658, -418, -63175
17662, -420, -63232
17665, -422, -63292
17668, -424, -63345
17671, -425, -63402
17675, -428, -63462
17678, -430, -63516
17681, -431, -63595
17686, -433, -63668
17690, -435, -63718
17694, -437, -63785
17697, -439, -63851
17702, -441, -63901
17705, -444, -63979
17710, -446, -64031
17713, -448, -64093
17718, -450, -64169
17722, -453, -64214
17725, -454, -64259
17729, -456, -64317
17732, -458, -64372
17736, -459, -64413
17739, -460, -64459
17743, -462, -64522
17747, -464, -64573
17751, -465, -64613
17754, -467, -64661
17759, -469, -64715
17763, -470, -64765
17766, -471, -64808
17770, -472, -64840
17773, -474, -64873
17776, -474, -64915
17780, -476, -64961
17783, -477, -64997
17786, -478, -65028
17790, -479, -65057
17793, -480, -65087
17796, -481, -65124
17800, -482, -65164
17803, -483, -65197
17806, -484, -65224
17809, -485, -65248
17812, -485, -65272
17816, -486, -65300
17819, -487, -65336
17823, -488, -65378
17826, -489, -65411
17830, -490, -65441
17834, -490, -65465
17837, -491, -65486
17841, -491, -65509
17844, -492, -65542
17848, -493, -65581
17851, -495, -65613
17855, -496, -65639
17858, -496, -65665
17862, -497, -65683
17865, -497, -65699
17868, -497, -65715
17871, -497, -65734
17875, -498, -65756
17878, -499, -65787
17882, -500, -65819
17885, -501, -65845
17888, -502, -65866
17891, -503, -65884
17894, -503, -65900
17898, -502, -65913
17901, -502, -65927
17905, -502, -65940
17908, -503, -65955
17912, -503, -65972
17915, -504, -65991
17918, -505, -66018
17922, -506, -66046
17925, -506, -66070
17929, -507, -66089
17933, -507, -66104
17936, -508, -66117
17939, -508, -66128
17943, -507, -66138
17946, -508, -66147
17950, -508, -66157
17953, -507, -66166
17957, -508, -66178
17960, -509, -66193
17964, -509, -66210
17967, -510, -66235
17971, -511, -66262
17975, -512, -66283
17978, -512, -66299
17981, -512, -66313
17985, -513, -66327
17989, -513, -66337
17993, -513, -66343
17996, -513, -66350
18000, -513, -66355
18003, -513, -66360
18006, -513, -66365
18009, -512, -66370
18013, -513, -66378
18017, -513, -66386
18021, -514, -66397
18025, -514, -66408
18029, -514, -66426
18033, -515, -66445
18037, -515, -66468
18042, -515, -66487
18045, -516, -66512
18049, -517, -66528
18053, -517, -66541
18057, -518, -66549
18061, -518, -66557
18065, -518, -66564
18069, -518, -66570
18074, -518, -66574
18078, -518, -66577
18082, -518, -66580
18086, -518, -66583
18090, -518, -66585
18093, -518, -66587
18096, -518, -66589
18100, -518, -66592
18103, -518, -66594
18106, -519, -66597
18110, -519, -66600
18113, -519, -66605
18118, -519, -66611
18122, -519, -66617
18125, -519, -66623
18129, -519, -66632
18133, -519, -66643
18137, -519, -66658
18142, -520, -66671
18145, -521, -66687
18149, -521, -66705
18154, -522, -66718
18157, -522, -66731
18160, -522, -66744
18163, -522, -66756
18166, -523, -66768
18170, -523, -66777
18173, -523, -66783
18176, -523, -66787
18180, -523, -66790
18183, -523, -66792
18186, -524, -66794
18189, -524, -66795
18192, -524, -66797
18196, -524, -66798
18199, -524, -66799
18203, -524, -66800
18206, -523, -66800
18209, -523, -66801
18212, -523, -66802
18216, -523, -66802
18219, -523, -66803
18223, -523, -66803
18227, -523, -66804
18231, -523, -66804
18234, -523, -66804
18239, -523, -66805
18242, -524, -66805
18246, -524, -66806
18250, -524, -66806
18254, -524, -66806
18258, -524, -66806
18262, -524, -66807
18266, -524, -66807
18269, -524, -66807
18274, -524, -66808
18277, -523, -66809
18281, -523, -66810
18285, -523, -66811
18290, -523, -66812
18294, -523, -66813
18297, -523, -66814
18300, -523, -66815
18304, -523, -66816
18307, -523, -66817
18311, -524, -66818
18314, -524, -66819
18317, -523, -66820
18321, -523, -66821
18324, -523, -66823
18327, -523, -66824
18330, -523, -66825
18334, -523, -66827
18337, -524, -66829
18341, -524, -66831
18344, -524, -66833
18347, -524, -66836
18352, -524, -66839
18355, -524, -66842
18359, -524, -66844
18362, -524, -66848
18367, -524, -66851
18371, -524, -66855
18374, -524, -66858
18378, -525, -66863
18382, -525, -66866
18386, -525, -66871
18390, -525, -66876
18394, -526, -66881
18398, -525, -66885
18402, -525, -66891
18407, -526, -66894
18410, -526, -66899
18414, -526, -66904
18418, -526, -66908
18423, -526, -66911
18426, -526, -66914
18429, -526, -66917
18432, -526, -66920
18436, -527, -66922
20449, -527, -66923
20452, -527, -66925
20456, -527, -66929
20459, -527, -66933
20463, -527, -66937
20466, -527, -66941
20470, -527, -66946
20474, -527, -66951
20478, -527, -66955
20481, -527, -66958
20484, -527, -66962
20488, -527, -66967
20491, -527, -66971
20495, -527, -66976
20498, -527, -66982
20501, -527, -66988
20505, -527, -66995
20508, -528, -67004
20511, -528, -67013
20514, -529, -67024
20518, -529, -67038
20521, -530, -67054
20524, -530, -67074
20527, -531, -67098
20531, -532, -67141
20535, -533, -67178
20538, -535, -67222
20542, -536, -67285
20546, -538, -67370
20550, -540, -67453
20554, -542, -67537
20558, -545, -67625
20561, -547, -67718
20564, -550, -67850
20569, -553, -67972
20573, -556, -68101
20576, -559, -68228
20580, -562, -68367
20584, -565, -68518
20588, -569, -68659
20591, -572, -68787
20594, -576, -68938
20598, -579, -69076
20602, -583, -69256
20606, -586, -69398
20610, -590, -69532
20613, -593, -69665
20616, -596, -69801
20620, -599, -69931
20623, -602, -70056
20626, -605, -70178
20629, -608, -70325
20634, -612, -70476
20637, -615, -70610
20641, -619, -70783
20645, -623, -70934
20649, -628, -71070
20652, -632, -71212
20656, -637, -71353
20659, -641, -71539
20664, -646, -71739
20668, -651, -71892
20672, -656, -72036
20676, -662, -72237
20681, -667, -72418
20685, -672, -72558
20689, -677, -72697
20692, -682, -72868
20697, -686, -73007
20701, -691, -73123
20704, -695, -73246
20707, -699, -73353
20711, -704, -73491
20715, -708, -73616
20719, -711, -73722
20722, -715, -73819
20726, -719, -73920
20729, -722, -74023
20733, -727, -74139
20736, -732, -74254
20739, -736, -74415
20744, -742, -74580
20748, -748, -74715
20752, -754, -74840
20755, -760, -75017
20760, -767, -75165
20763, -774, -75328
20767, -781, -75474
20770, -788, -75613
20774, -795, -75795
20778, -802, -75942
20782, -809, -76097
20785, -816, -76261
20789, -822, -76432
20794, -830, -76628
20798, -837, -76767
20801, -843, -76942
20806, -850, -77097
20810, -857, -77282
20815, -863, -77452
20819, -870, -77603
20823, -877, -77759
20828, -883, -77874
20831, -889, -78019
20835, -895, -78121
20839, -899, -78220
20842, -905, -78322
20845, -909, -78424
20849, -913, -78525
20852, -917, -78623
20855, -921, -78718
20859, -925, -78829
20862, -930, -78960
20867, -934, -79058
20870, -939, -79151
20874, -944, -79255
20877, -948, -79345
20881, -952, -79435
20884, -956, -79530
20887, -960, -79624
20891, -964, -79730
20895, -968, -79848
20899, -972, -79945
20903, -976, -80065
20908, -980, -80151
20911, -985, -80245
20915, -988, -80350
20920, -992, -80455
20924, -996, -80550
20927, -1000, -80630
20931, -1003, -80701
20934, -1007, -80776
20937, -1010, -80845
20940, -1012, -80916
20944, -1015, -80990
20947, -1018, -81059
20951, -1021, -81132
20954, -1024, -81204
20958, -1027, -81280
20961, -1030, -81356
20964, -1033, -81424
20968, -1035, -81488
20971, -1038, -81560
20974, -1039, -81623
20977, -1042, -81689
20981, -1045, -81754
20984, -1048, -81818
20987, -1050, -81882
20990, -1053, -81939
20993, -1055, -82002
20997, -1057, -82060
21000, -1059, -82116
21003, -1061, -82176
21006, -1063, -82229
21009, -1065, -82283
21012, -1067, -82337
21015, -1069, -82386
21018, -1071, -82440
21022, -1073, -82492
21025, -1075, -82539
21028, -1076, -82590
21031, -1078, -82642
21034, -1079, -82688
21037, -1081, -82741
21041, -1083, -82794
21044, -1084, -82841
21047, -1086, -82891
21051, -1088, -82948
21054, -1090, -82998
21057, -1091, -83041
21060, -1093, -83112
21065, -1095, -83171
21069, -1096, -83217
21072, -1098, -83272
21076, -1100, -83326
21079, -1102, -83371
21083, -1104, -83419
21086, -1106, -83471
21089, -1107, -83520
21093, -1109, -83574
21098, -1110, -83618
21101, -1113, -83678
21105, -1114, -83721
21109, -1115, -83759
21112, -1117, -83810
21117, -1118, -83857
21120, -1119, -83895
21123, -1121, -83929
21127, -1122, -83961
21130, -1123, -84002
21134, -1124, -84058
21138, -1124, -84102
21143, -1126, -84141
21147, -1127, -84170
21151, -1129, -84220
21155, -1130, -84256
21158, -1131, -84285
21162, -1132, -84310
21165, -1133, -84334
21168, -1134, -84360
21172, -1134, -84391
21175, -1135, -84428
21179, -1136, -84459
21183, -1137, -84485
21186, -1138, -84506
21190, -1139, -84526
21194, -1139, -84558
21198, -1140, -84590
21201, -1141, -84623
21205, -1142, -84653
21209, -1143, -84678
21213, -1144, -84700
21217, -1144, -84716
21220, -1144, -84735
21224, -1145, -84762
21228, -1146, -84792
21232, -1147, -84819
21235, -1148, -84841
21239, -1149, -84861
21243, -1149, -84877
21246, -1150, -84893
21250, -1149, -84910
21255, -1150, -84929
21259, -1151, -84950
21263, -1151, -84975
21266, -1152, -84999
21270, -1153, -85016
21273, -1154, -85030
21276, -1154, -85044
21280, -1154, -85055
21283, -1155, -85064
21286, -1155, -85073
21290, -1155, -85081
21294, -1155, -85094
21298, -1155, -85105
21301, -1156, -85120
21304, -1157, -85144
21308, -1158, -85170
21313, -1159, -85190
21316, -1160, -85207
21320, -1160, -85218
21324, -1160, -85228
21327, -1160, -85237
21330, -1161, -85246
21335, -1161, -85252
21340, -1160, -85259
21343, -1160, -85264
21346, -1160, -85270
21350, -1160, -85277
21353, -1160, -85286
21357, -1161, -85296
21360, -1162, -85314
21365, -1163, -85331
21369, -1164, -85350
21373, -1165, -85365
21376, -1165, -85374
21379, -1166, -85382
21383, -1166, -85388
21386, -1165, -85393
21389, -1165, -85396
21392, -1165, -85400
21396, -1165, -85403
21399, -1165, -85406
21402, -1165, -85408
21406, -1165, -85411
21409, -1165, -85414
21414, -1166, -85418
21418, -1166, -85422
21422, -1166, -85428
21426, -1166, -85434
21430, -1166, -85441
21434, -1167, -85452
21438, -1168, -85462
21441, -1168, -85472
21445, -1169, -85483
21448, -1169, -85494
21452, -1169, -85504
21455, -1169, -85516
21458, -1170, -85529
21462, -1170, -85543
21467, -1170, -85550
21470, -1170, -85555
21474, -1171, -85560
21478, -1171, -85564
21483, -1171, -85566
21486, -1171, -85568
21489, -1171, -85570
21493, -1171, -85571
21496, -1171, -85572
21499, -1171, -85573
21502, -1171, -85574
21506, -1171, -85575
21509, -1171, -85575
21512, -1170, -85576
21517, -1170, -85577
21520, -1170, -85578
21523, -1170, -85579
21527, -1171, -85580
21532, -1171, -85581
21535, -1171, -85581
21538, -1171, -85583
21542, -1171, -85584
21547, -1171, -85585
21550, -1171, -85586
21554, -1171, -85589
21558, -1171, -85591
21562, -1171, -85593
21566, -1171, -85596
21569, -1171, -85598
21573, -1171, -85601
21576, -1171, -85604
21579, -1171, -85608
21582, -1172, -85612
21586, -1172, -85616
21589, -1173, -85621
21593, -1173, -85627
21596, -1173, -85633
21599, -1174, -85638
21603, -1174, -85644
21606, -1174, -85648
21609, -1174, -85653
21612, -1174, -85657
21615, -1174, -85662
21619, -1174, -85667
21622, -1175, -85672
21625, -1175, -85676
21628, -1175, -85681
21631, -1175, -85685
21634, -1175, -85689
21637, -1175, -85694
21641, -1175, -85699
21644, -1175, -85703
21647, -1175, -85707
21650, -1176, -85712
21654, -1176, -85717
21657, -1176, -85721
21661, -1176, -85725
21664, -1176, -85729
21667, -1176, -85732
21670, -1176, -85735
21673, -1176, -85738
21676, -1176, -85741
21680, -1177, -85744
23693, -1177, -85746
23696, -1177, -85746
23700, -1177, -85748
23705, -1177, -85750
23708, -1177, -85751
23712, -1177, -85752
23716, -1177, -85754
23720, -1177, -85756
23723, -1177, -85757
23727, -1177, -85758
23730, -1177, -85761
23735, -1177, -85762
23739, -1177, -85764
23742, -1177, -85766
23746, -1178, -85768
23750, -1178, -85771
23755, -1178, -85773
23758, -1178, -85775
23762, -1178, -85778
23766, -1178, -85781
23769, -1179, -85783
23773, -1179, -85787
23776, -1179, -85791
23779, -1179, -85794
23782, -1179, -85799
23786, -1179, -85804
23789, -1179, -85810
23792, -1179, -85817
23796, -1180, -85824
23799, -1180, -85832
23803, -1181, -85842
23806, -1181, -85853
23809, -1181, -85866
23813, -1182, -85880
23816, -1183, -85897
23820, -1184, -85921
23824, -1185, -85941
23827, -1186, -85971
23832, -1187, -85996
23836, -1189, -86023
23839, -1190, -86052
23843, -1191, -86084
23847, -1192, -86119
23851, -1194, -86151
23854, -1195, -86185
23858, -1197, -86228
23862, -1198, -86263
23866, -1200, -86295
23869, -1202, -86338
23874, -1203, -86371
23877, -1205, -86414
23881, -1206, -86446
23885, -1207, -86477
23888, -1209, -86507
23891, -1210, -86539
23895, -1211, -86568
23898, -1213, -86599
23901, -1214, -86633
23905, -1215, -86671
23909, -1217, -86703
23912, -1218, -86734
23916, -1219, -86771
23920, -1220, -86812
23924, -1222, -86843
23928, -1223, -86874
23931, -1225, -86907
23935, -1226, -86948
23940, -1228, -86982
23943, -1229, -87012
23947, -1231, -87053
23951, -1232, -87090
23956, -1234, -87123
23960, -1235, -87157
23963, -1236, -87192
23967, -1238, -87233
23972, -1240, -87265
23975, -1241, -87300
23979, -1243, -87335
23983, -1245, -87369
23986, -1247, -87413
23991, -1248, -87450
23994, -1251, -87485
23998, -1253, -87521
24001, -1255, -87555
24004, -1257, -87593
24008, -1259, -87632
24011, -1261, -87673
24015, -1263, -87724
24019, -1265, -87775
24024, -1267, -87815
24027, -1269, -87852
24030, -1271, -87889
24033, -1274, -87926
24037, -1276, -87978
24041, -1278, -88017
24044, -1280, -88066
24048, -1282, -88116
24053, -1284, -88154
24056, -1286, -88193
24060, -1288, -88243
24064, -1291, -88293
24069, -1294, -88344
24073, -1296, -88383
24076, -1299, -88421
24080, -1301, -88458
24083, -1303, -88498
24087, -1306, -88538
24090, -1308, -88574
24094, -1310, -88613
24097, -1312, -88650
24100, -1314, -88688
24104, -1316, -88724
24107, -1318, -88759
24110, -1319, -88793
24113, -1321, -88827
24116, -1323, -88862
24120, -1325, -88897
24123, -1326, -88937
24127, -1329, -88974
24130, -1331, -89010
24133, -1333, -89044
24137, -1335, -89078
24140, -1337, -89113
24144, -1338, -89146
24147, -1340, -89189
24152, -1342, -89222
24155, -1344, -89258
24159, -1346, -89300
24163, -1348, -89333
24167, -1350, -89367
24170, -1352, -89405
24175, -1354, -89446
24180, -1356, -89482
24184, -1358, -89512
24188, -1360, -89548
24192, -1362, -89582
24196, -1364, -89612
24200, -1366, -89644
24203, -1369, -89675
24206, -1371, -89709
24210, -1373, -89754
24214, -1375, -89797
24218, -1378, -89832
24221, -1380, -89869
24225, -1383, -89907
24228, -1386, -89944
24231, -1389, -89980
24235, -1391, -90016
24238, -1393, -90055
24241, -1395, -90092
24245, -1397, -90132
24249, -1400, -90180
24253, -1402, -90220
24256, -1405, -90261
24260, -1408, -90303
24263, -1411, -90345
24267, -1414, -90386
24270, -1417, -90429
24273, -1419, -90474
24277, -1422, -90515
24280, -1425, -90559
24284, -1428, -90595
24287, -1430, -90628
24290, -1432, -90662
24293, -1434, -90697
24296, -1436, -90733
24299, -1439, -90768
24302, -1441, -90805
24306, -1443, -90840
24309, -1445, -90874
24312, -1447, -90908
24315, -1449, -90941
24318, -1451, -90974
24321, -1453, -91005
24324, -1455, -91036
24328, -1457, -91067
24331, -1459, -91098
24334, -1461, -91130
24337, -1463, -91165
24340, -1465, -91202
24344, -1468, -91236
24347, -1470, -91270
24350, -1472, -91305
24353, -1474, -91339
24356, -1476, -91371
24360, -1478, -91404
24363, -1479, -91434
24366, -1482, -91463
24369, -1484, -91494
24373, -1486, -91525
24376, -1488, -91557
24379, -1490, -91588
24382, -1492, -91619
24385, -1494, -91648
24389, -1495, -91676
24392, -1497, -91706
24395, -1498, -91734
24399, -1500, -91763
24402, -1502, -91801
24406, -1504, -91830
24409, -1506, -91869
24414, -1508, -91905
24418, -1510, -91943
24422, -1513, -91973
24426, -1515, -92004
24429, -1517, -92034
24433, -1519, -92063
24436, -1521, -92094
24440, -1523, -92123
24443, -1525, -92153
24446, -1527, -92182
24449, -1529, -92212
24453, -1531, -92242
24456, -1533, -92271
24459, -1535, -92300
24463, -1536, -92329
24466, -1538, -92369
24470, -1540, -92400
24474, -1542, -92432
24477, -1545, -92471
24481, -1547, -92504
24485, -1550, -92533
24488, -1552, -92565
24492, -1554, -92598
24495, -1556, -92631
24499, -1558, -92670
24503, -1561, -92709
24508, -1563, -92747
24512, -1565, -92781
24516, -1568, -92814
24520, -1570, -92851
24524, -1572, -92888
24528, -1575, -92930
24533, -1577, -92961
24536, -1579, -92990
24539, -1581, -93020
24542, -1583, -93050
24546, -1585, -93081
24549, -1587, -93112
24552, -1590, -93142
24555, -1591, -93178
24559, -1593, -93210
24562, -1596, -93245
24566, -1598, -93276
24569, -1599, -93307
24573, -1601, -93338
24576, -1603, -93367
24580, -1605, -93396
24583, -1606, -93423
24586, -1608, -93459
24590, -1610, -93489
24594, -1611, -93517
24598, -1613, -93547
24601, -1614, -93571
24605, -1616, -93597
24609, -1617, -93627
24613, -1618, -93651
24617, -1619, -93680
24622, -1621, -93702
24625, -1622, -93725
24629, -1624, -93744
24633, -1625, -93767
24638, -1626, -93787
24641, -1627, -93808
24645, -1628, -93825
24648, -1629, -93842
24652, -1630, -93859
24655, -1631, -93876
24659, -1632, -93893
24662, -1633, -93910
24665, -1634, -93927
24669, -1636, -93950
24673, -1636, -93965
24677, -1637, -93981
24680, -1638, -93995
24683, -1639, -94016
24688, -1640, -94034
24692, -1641, -94051
24695, -1642, -94071
24700, -1643, -94091
24704, -1644, -94108
24708, -1645, -94124
24711, -1647, -94144
24715, -1648, -94164
24720, -1649, -94182
24724, -1650, -94200
24728, -1651, -94218
24732, -1652, -94239
24735, -1654, -94262
24740, -1655, -94279
24743, -1656, -94298
24747, -1657, -94322
24751, -1658, -94341
24755, -1659, -94359
24758, -1660, -94376
24762, -1661, -94395
24765, -1662, -94412
24768, -1663, -94431
24772, -1664, -94448
24775, -1665, -94465
24778, -1666, -94484
24782, -1667, -94504
24785, -1669, -94523
24789, -1670, -94541
24792, -1671, -94560
24795, -1672, -94578
24798, -1673, -94597
24802, -1674, -94614
24805, -1675, -94634
24808, -1676, -94652
24812, -1677, -94671
24815, -1678, -94687
24818, -1678, -94706
24822, -1679, -94724
24825, -1681, -94747
24829, -1681, -94770
24834, -1683, -94793
24838, -1684, -94814
24842, -1686, -94834
24846, -1687, -94858
24850, -1688, -94881
24854, -1689, -94900
24858, -1690, -94922
24862, -1691, -94939
24866, -1691, -94954
24869, -1692, -94969
24872, -1693, -94983
24875, -1694, -94999
24879, -1695, -95013
24882, -1696, -95029
24885, -1697, -95044
24888, -1697, -95060
24892, -1698, -95076
24895, -1699, -95090
24899, -1699, -95107
24902, -1700, -95122
24906, -1701, -95137
24909, -1702, -95154
24914, -1702, -95174
24919, -1703, -95190
24923, -1704, -95205
24927, -1704, -95220
24931, -1705, -95233
24935, -1706, -95246
24938, -1707, -95261
24942, -1708, -95274
24946, -1708, -95292
24950, -1709, -95306
24954, -1710, -95322
24957, -1711, -95341
24962, -1711, -95355
24965, -1712, -95371
24969, -1713, -95387
24974, -1714, -95402
24977, -1715, -95414
24981, -1716, -95428
24984, -1717, -95440
24988, -1717, -95452
24991, -1718, -95465
24994, -1719, -95476
24998, -1719, -95488
25001, -1720, -95504
25006, -1721, -95516
25009, -1721, -95531
25012, -1722, -95544
25015, -1723, -95558
25019, -1724, -95580
25024, -1725, -95595
25027, -1725, -95610
25030, -1726, -95629
25034, -1727, -95647
25039, -1728, -95665
25042, -1729, -95685
25047, -1729, -95704
25051, -1730, -95720
25054, -1731, -95735
25058, -1732, -95752
25062, -1733, -95768
25066, -1734, -95784
25070, -1734, -95801
25074, -1735, -95819
25078, -1736, -95834
25082, -1736, -95851
25085, -1737, -95870
25090, -1738, -95884
25093, -1739, -95899
25096, -1740, -95912
25100, -1740, -95924
25103, -1741, -95936
25106, -1741, -95949
25109, -1742, -95959
25113, -1742, -95972
25117, -1743, -95990
25121, -1744, -96002
25125, -1744, -96013
25128, -1745, -96028
25132, -1746, -96042
25135, -1746, -96053
25138, -1747, -96069
25142, -1748, -96092
25147, -1748, -96110
25152, -1749, -96128
25155, -1750, -96149
25160, -1751, -96163
25163, -1752, -96178
25167, -1753, -96194
25170, -1754, -96209
25174, -1754, -96226
25179, -1755, -96247
25183, -1756, -96262
25187, -1757, -96276
25190, -1757, -96292
25194, -1758, -96313
25198, -1759, -96330
25202, -1760, -96344
25205, -1761, -96358
25208, -1761, -96376
25212, -1762, -96393
25215, -1763, -96408
25218, -1763, -96422
25222, -1764, -96435
25225, -1764, -96453
25228, -1765, -96474
25233, -1766, -96489
25237, -1767, -96503
25240, -1768, -96519
25244, -1769, -96538
25248, -1769, -96554
25252, -1770, -96566
25255, -1770, -96579
25258, -1770, -96596
25262, -1771, -96614
25265, -1772, -96632
25270, -1773, -96647
25274, -1773, -96664
25279, -1774, -96688
25284, -1775, -96705
25288, -1776, -96716
25292, -1776, -96726
25295, -1777, -96742
25300, -1777, -96758
25303, -1778, -96770
25307, -1778, -96782
25311, -1778, -96791
25315, -1779, -96801
25318, -1780, -96815
25321, -1780, -96830
25324, -1781, -96841
25328, -1782, -96852
25331, -1782, -96862
25334, -1783, -96872
25338, -1783, -96884
25341, -1784, -96901
25344, -1785, -96916
25348, -1785, -96933
25352, -1785, -96947
25357, -1786, -96958
25360, -1786, -96969
25364, -1786, -96982
25367, -1787, -96998
25371, -1787, -97011
25374, -1788, -97021
25377, -1788, -97033
25382, -1789, -97044
25387, -1789, -97056
25391, -1790, -97073
25394, -1791, -97091
25397, -1792, -97106
25401, -1792, -97118
25404, -1792, -97128
25408, -1793, -97137
25411, -1793, -97147
25414, -1794, -97158
25418, -1794, -97172
25421, -1795, -97189
25424, -1796, -97206
25427, -1796, -97219
25431, -1797, -97230
25434, -1797, -97240
25438, -1797, -97249
25441, -1798, -97258
25445, -1798, -97267
25449, -1798, -97280
25453, -1799, -97293
25457, -1800, -97312
25461, -1800, -97327
25464, -1801, -97342
25469, -1802, -97355
25473, -1802, -97365
25478, -1802, -97372
25481, -1802, -97383
25486, -1803, -97392
25489, -1803, -97404
25492, -1804, -97419
25496, -1805, -97437
25500, -1805, -97457
25503, -1806, -97470
25507, -1806, -97481
25510, -1807, -97491
25514, -1807, -97500
25518, -1807, -97506
25521, -1807, -97511
25524, -1807, -97516
25528, -1807, -97522
25531, -1807, -97527
25534, -1807, -97533
25538, -1807, -97541
25541, -1808, -97550
25544, -1808, -97563
25548, -1809, -97580
25552, -1810, -97602
25556, -1811, -97615
25560, -1811, -97626
25564, -1812, -97636
25568, -1812, -97644
25573, -1812, -97649
25576, -1812, -97655
25581, -1813, -97659
25584, -1813, -97664
25588, -1813, -97669
25592, -1813, -97674
25596, -1813, -97680
25600, -1813, -97686
25603, -1813, -97695
25607, -1814, -97707
25612, -1814, -97718
25615, -1815, -97733
25619, -1816, -97746
25623, -1816, -97765
25627, -1817, -97779
25632, -1817, -97787
25635, -1817, -97793
25638, -1817, -97798
25642, -1817, -97802
25645, -1817, -97806
25648, -1817, -97808
25651, -1817, -97811
25655, -1817, -97813
25658, -1817, -97816
25662, -1818, -97817
25665, -1818, -97819
25668, -1818, -97820
25671, -1818, -97822
25674, -1818, -97824
25679, -1818, -97825
25683, -1818, -97827
25688, -1818, -97829
25691, -1818, -97831
25695, -1818, -97834
25700, -1818, -97836
25703, -1818, -97840
25707, -1819, -97844
25711, -1819, -97849
25714, -1820, -97856
25718, -1820, -97862
25722, -1820, -97870
25726, -1821, -97878
25730, -1821, -97887
25733, -1821, -97898
25738, -1822, -97911
25743, -1822, -97920
25746, -1822, -97927
25749, -1823, -97935
25752, -1823, -97944
25756, -1823, -97952
25759, -1823, -97959
25762, -1823, -97966
25766, -1824, -97975
25770, -1824, -97983
25774, -1824, -97989
25777, -1824, -97995
25781, -1824, -97997
25786, -1824, -97998
25790, -1825, -98000
25794, -1825, -98001
25797, -1825, -98002
25801, -1824, -98002
25804, -1824, -98003
25808, -1824, -98003
25811, -1824, -98003
25815, -1824, -98004
25818, -1824, -98004
25822, -1825, -98004
25825, -1825, -98004
25829, -1825, -98004
25832, -1825, -98005
25836, -1824, -98005
25840, -1824, -98005
25843, -1824, -98005
25847, -1824, -98005
25852, -1824, -98005
25855, -1824, -98005
25858, -1824, -98005
25861, -1824, -98005
25865, -1824, -98005
25868, -1824, -98005
25871, -1825, -98005
25874, -1824, -98005
25878, -1824, -98005
25882, -1824, -98006
25886, -1824, -98006
25889, -1824, -98006
25893, -1824, -98006
25897, -1824, -98006
25901, -1824, -98006
25904, -1824, -98006
25908, -1824, -98006
25912, -1824, -98006
25916, -1824, -98006
25919, -1824, -98006
25923, -1824, -98006
25927, -1824, -98006
25930, -1824, -98006
25934, -1824, -98006
25937, -1824, -98007
25942, -1824, -98007
25946, -1824, -98008
25949, -1824, -98008
25953, -1824, -98008
25957, -1824, -98008
25960, -1824, -98009
25964, -1824, -98009
25967, -1824, -98009
25970, -1824, -98009
25974, -1825, -98010
25977, -1825, -98010
25980, -1825, -98010
25983, -1825, -98010
25987, -1825, -98010
25990, -1824, -98011
25993, -1825, -98011
25997, -1824, -98011
26001, -1824, -98011
26005, -1824, -98012
26008, -1825, -98012
26012, -1825, -98012
26015, -1825, -98013
26020, -1825, -98013
26023, -1825, -98013
26028, -1825, -98013
26032, -1825, -98014
26036, -1825, -98014
26039, -1824, -98014
26043, -1824, -98014
26047, -1825, -98014
26052, -1825, -98014
26055, -1825, -98015
26060, -1825, -98015
26064, -1825, -98015
26067, -1825, -98015
26071, -1825, -98015
26075, -1825, -98016
26078, -1825, -98016
26081, -1825, -98016
26085, -1825, -98017
26088, -1825, -98017
26091, -1825, -98017
26095, -1824, -98017
26099, -1824, -98017
26102, -1824, -98018
26106, -1825, -98018
26110, -1825, -98018
26113, -1825, -98018
26116, -1825, -98018
26120, -1825, -98019
26123, -1825, -98019
26127, -1825, -98020
26131, -1825, -98021
26135, -1825, -98022
26139, -1825, -98023
26142, -1825, -98023
26147, -1825, -98024
26151, -1825, -98025
26155, -1825, -98026
26160, -1825, -98026
26164, -1825, -98027
26168, -1825, -98028
26172, -1825, -98029
26176, -1825, -98029
26179, -1825, -98030
26182, -1825, -98031
26186, -1825, -98032
26189, -1825, -98032
26192, -1826, -98033
28206, -1826, -98051
28210, -1826, -98051
28213, -1826, -98037
28217, -1825, -98007
28220, -1824, -97959
28224, -1821, -97891
28227, -1817, -97818
28231, -1813, -97729
28235, -1808, -97631
28238, -1803, -97527
28242, -1798, -97414
28246, -1793, -97296
28250, -1787, -97187
28253, -1781, -97080
28256, -1776, -96968
28259, -1770, -96850
28263, -1764, -96725
28266, -1759, -96601
28269, -1753, -96479
28273, -1747, -96352
28276, -1740, -96222
28280, -1735, -96089
28283, -1729, -95968
28287, -1722, -95841
28290, -1716, -95718
28293, -1710, -95593
28297, -1703, -95472
28300, -1697, -95353
28303, -1691, -95227
28307, -1684, -95103
28310, -1678, -94947
28315, -1671, -94830
28318, -1664, -94713
28321, -1657, -94599
28324, -1650, -94488
28328, -1643, -94379
28331, -1638, -94269
28334, -1632, -94171
28337, -1626, -94068
28341, -1621, -93965
28344, -1615, -93855
28347, -1609, -93740
28351, -1602, -93633
28354, -1595, -93526
28357, -1589, -93422
28361, -1583, -93314
28364, -1576, -93204
28368, -1569, -93079
28372, -1562, -92970
28375, -1554, -92853
28379, -1546, -92743
28382, -1539, -92639
28385, -1532, -92529
28389, -1524, -92422
28392, -1517, -92316
28395, -1510, -92202
28399, -1503, -92074
28403, -1495, -91948
28407, -1488, -91831
28410, -1480, -91723
28413, -1472, -91620
28416, -1465, -91518
28420, -1458, -91405
28423, -1452, -91296
28427, -1445, -91192
28430, -1439, -91091
28433, -1432, -90961
28437, -1425, -90853
28441, -1418, -90736
28445, -1412, -90628
28448, -1405, -90519
28452, -1398, -90382
28456, -1391, -90286
28459, -1385, -90194
28463, -1380, -90095
28466, -1374, -90006
28469, -1369, -89910
28473, -1364, -89823
28476, -1359, -89741
28479, -1354, -89652
28483, -1350, -89546
28487, -1345, -89466
28491, -1341, -89385
28494, -1336, -89308
28498, -1332, -89229
28501, -1327, -89161
28504, -1323, -89089
28507, -1320, -89023
28510, -1316, -88954
28514, -1313, -88885
28517, -1310, -88813
28521, -1306, -88746
28524, -1303, -88678
28527, -1300, -88612
28531, -1296, -88547
28535, -1293, -88481
28538, -1290, -88425
28541, -1288, -88352
28546, -1284, -88294
28549, -1282, -88224
28553, -1279, -88163
28557, -1276, -88110
28561, -1273, -88052
28564, -1270, -87987
28568, -1268, -87940
28572, -1265, -87873
28576, -1262, -87825
28580, -1261, -87765
28584, -1259, -87712
28588, -1256, -87656
28592, -1254, -87605
28596, -1252, -87555
28599, -1249, -87514
28603, -1247, -87478
28606, -1245, -87438
28609, -1243, -87393
28613, -1242, -87355
28616, -1240, -87321
28619, -1239, -87288
28622, -1238, -87249
28626, -1237, -87213
28629, -1235, -87180
28632, -1233, -87153
28635, -1232, -87124
28639, -1230, -87091
28642, -1229, -87055
28645, -1228, -87024
28648, -1227, -86997
28651, -1226, -86973
28654, -1225, -86950
28657, -1224, -86923
28660, -1223, -86892
28664, -1222, -86862
28667, -1221, -86837
28670, -1220, -86815
28673, -1219, -86794
28676, -1218, -86772
28679, -1218, -86749
28682, -1217, -86722
28685, -1215, -86694
28689, -1214, -86671
28692, -1214, -86651
28695, -1212, -86634
28698, -1212, -86619
28701, -1211, -86602
28704, -1211, -86584
28708, -1210, -86560
28711, -1209, -86532
28714, -1208, -86505
28718, -1207, -86481
28722, -1206, -86462
28725, -1205, -86446
28728, -1205, -86432
28732, -1205, -86418
28735, -1205, -86404
28739, -1204, -86389
28742, -1204, -86371
28746, -1202, -86349
28749, -1201, -86324
28753, -1201, -86305
28756, -1200, -86289
28760, -1199, -86276
28763, -1199, -86262
28768, -1199, -86251
28772, -1199, -86240
28775, -1199, -86229
28778, -1198, -86211
28783, -1198, -86194
28787, -1197, -86176
28790, -1195, -86153
28794, -1194, -86134
28798, -1193, -86117
28802, -1193, -86106
28806, -1192, -86097
28810, -1192, -86089
28813, -1192, -86083
28817, -1193, -86077
28820, -1193, -86072
28823, -1193, -86067
28827, -1192, -86061
28830, -1192, -86055
28833, -1192, -86049
28836, -1192, -86041
28840, -1191, -86031
28843, -1191, -86021
28846, -1191, -86008
28849, -1190, -85993
28853, -1189, -85976
28856, -1189, -85958
28860, -1188, -85937
28864, -1187, -85924
28868, -1186, -85914
28872, -1186, -85906
28875, -1185, -85900
28879, -1185, -85895
28883, -1185, -85892
28886, -1186, -85889
28890, -1186, -85887
28893, -1186, -85885
28898, -1186, -85883
28901, -1185, -85881
28905, -1186, -85878
28909, -1186, -85875
28913, -1186, -85873
28917, -1186, -85870
28921, -1186, -85866
28925, -1186, -85863
28928, -1185, -85857
28933, -1185, -85852
28936, -1184, -85847
28939, -1184, -85842
28943, -1184, -85836
28946, -1184, -85830
28949, -1184, -85825
28953, -1184, -85818
28956, -1183, -85810
28960, -1183, -85802
28963, -1182, -85795
28966, -1182, -85787
28970, -1182, -85779
28973, -1181, -85770
28977, -1181, -85760
28981, -1181, -85747
28985, -1180, -85738
28989, -1179, -85728
28993, -1180, -85722
28997, -1180, -85718
29001, -1180, -85715
29005, -1180, -85713
29008, -1180, -85711
29013, -1180, -85709
29017, -1180, -85708
29021, -1180, -85707
29025, -1180, -85707
29028, -1180, -85706
29032, -1180, -85706
29037, -1180, -85706
29041, -1180, -85706
29045, -1180, -85706
29048, -1180, -85706
29051, -1180, -85705
29055, -1180, -85705
29058, -1180, -85705
29061, -1180, -85705
29065, -1180, -85705
29068, -1180, -85705
29072, -1180, -85705
29075, -1180, -85705
29079, -1180, -85704
29083, -1180, -85704
29088, -1180, -85703
29091, -1180, -85702
29095, -1179, -85702
29098, -1179, -85701
29102, -1179, -85701
29106, -1179, -85701
29109, -1179, -85701
29114, -1179, -85700
29118, -1179, -85700
29122, -1179, -85699
29125, -1179, -85699
29128, -1180, -85699
29132, -1180, -85698
29137, -1180, -85697
29141, -1180, -85696
29145, -1180, -85696
29148, -1179, -85695
29153, -1179, -85694
29156, -1179, -85694
29160, -1179, -85694
29163, -1180, -85693
29166, -1180, -85693
29170, -1180, -85692
29173, -1180, -85691
29177, -1180, -85690
29181, -1180, -85689
29185, -1180, -85687
29189, -1180, -85686
29192, -1179, -85685
29196, -1179, -85684
29201, -1179, -85683
29205, -1179, -85681
29208, -1179, -85679
29212, -1179, -85677
29216, -1179, -85676
29220, -1179, -85674
29225, -1179, -85673
29228, -1179, -85671
29232, -1179, -85670
29235, -1179, -85668
29239, -1178, -85665
29243, -1178, -85663
29248, -1179, -85662
29251, -1179, -85660
29255, -1179, -85658
29258, -1179, -85657
29263, -1179, -85655
29267, -1178, -85653
29270, -1178, -85651
29273, -1178, -85649
29276, -1178, -85647
29280, -1178, -85645
29283, -1178, -85645
29286, -1178, -85645
29289, -1178, -85644
29293, -1178, -85644
29296, -1178, -85642
29301, -1178, -85641
29305, -1178, -85640
29308, -1177, -85638
31322, -1177, -85614
31326, -1177, -85618
31329, -1177, -85614
31333, -1176, -85606
31336, -1176, -85597
31340, -1176, -85586
31345, -1175, -85575
31348, -1175, -85557
31353, -1174, -85537
31357, -1173, -85516
31361, -1172, -85492
31364, -1170, -85466
31367, -1169, -85435
31371, -1167, -85402
31374, -1165, -85359
31378, -1163, -85306
31381, -1161, -85251
31384, -1158, -85187
31388, -1156, -85115
31391, -1152, -85028
31394, -1148, -84937
31398, -1144, -84839
31401, -1140, -84724
31405, -1135, -84607
31408, -1131, -84483
31411, -1126, -84351
31415, -1121, -84208
31418, -1116, -84070
31422, -1111, -83930
31425, -1105, -83777
31429, -1099, -83615
31432, -1094, -83422
31437, -1087, -83218
31441, -1081, -83063
31445, -1074, -82896
31448, -1067, -82689
31453, -1059, -82518
31456, -1052, -82305
31461, -1044, -82130
31465, -1037, -81913
31469, -1028, -81731
31473, -1020, -81560
31476, -1012, -81397
31480, -1004, -81196
31484, -997, -81037
31487, -990, -80883
31491, -984, -80716
31494, -977, -80562
31498, -970, -80369
31502, -962, -80201
31505, -954, -79972
31510, -945, -79801
31513, -936, -79626
31517, -927, -79444
31520, -918, -79245
31524, -909, -78991
31528, -899, -78747
31533, -888, -78524
31536, -878, -78280
31541, -867, -78070
31544, -856, -77854
31548, -845, -77640
31552, -836, -77426
31556, -827, -77180
31560, -818, -76968
31564, -809, -76777
31567, -801, -76581
31571, -792, -76403
31574, -785, -76220
31578, -778, -76052
31581, -771, -75895
31585, -765, -75734
31588, -759, -75570
31591, -752, -75410
31595, -746, -75245
31598, -740, -75098
31602, -735, -74939
31605, -729, -74744
31609, -724, -74597
31613, -719, -74453
31616, -713, -74314
31619, -709, -74160
31623, -704, -74009
31627, -699, -73872
31630, -694, -73692
31635, -690, -73557
31639, -685, -73396
31643, -680, -73269
31646, -676, -73125
31650, -671, -72984
31654, -667, -72833
31658, -662, -72704
31662, -658, -72542
31667, -655, -72407
31671, -651, -72290
31674, -647, -72182
31678, -644, -72073
31681, -640, -71965
31684, -638, -71856
31688, -635, -71723
31692, -632, -71619
31696, -629, -71526
31699, -627, -71424
31703, -624, -71324
31706, -621, -71241
31709, -619, -71147
31713, -616, -71055
31716, -614, -70973
31719, -612, -70873
31723, -609, -70767
31727, -608, -70687
31731, -605, -70598
31734, -603, -70480
31739, -600, -70400
31742, -598, -70324
31746, -596, -70222
31750, -594, -70146
31753, -593, -70070
31757, -591, -69997
31761, -590, -69915
31764, -588, -69821
31769, -587, -69738
31773, -585, -69663
31777, -583, -69562
31782, -582, -69496
31785, -580, -69436
31789, -578, -69382
31792, -577, -69321
31795, -576, -69254
31798, -574, -69189
31802, -573, -69138
31805, -572, -69092
31808, -571, -69042
31812, -570, -68992
31815, -569, -68915
31820, -568, -68855
31823, -567, -68803
31827, -566, -68762
31830, -566, -68717
31834, -565, -68678
31837, -564, -68629
31841, -564, -68575
31844, -562, -68519
31848, -560, -68458
31852, -560, -68410
31857, -559, -68378
31860, -558, -68348
31863, -558, -68313
31867, -558, -68274
31870, -557, -68225
31874, -556, -68179
31877, -554, -68140
31880, -553, -68106
31883, -553, -68078
31886, -552, -68054
31889, -552, -68031
31892, -553, -68010
31896, -553, -67989
31899, -552, -67966
31902, -552, -67941
31905, -551, -67912
31908, -550, -67879
31911, -549, -67838
31915, -548, -67804
31918, -547, -67776
31921, -547, -67752
31924, -546, -67732
31927, -546, -67714
31930, -546, -67699
31933, -546, -67686
31937, -546, -67673
31940, -546, -67660
31943, -545, -67645
31946, -545, -67629
31950, -545, -67611
31953, -544, -67591
31956, -543, -67568
31959, -543, -67542
31963, -542, -67514
31966, -542, -67486
31969, -541, -67463
31972, -540, -67443
31975, -540, -67428
31979, -540, -67414
31982, -540, -67402
31985, -540, -67393
31988, -540, -67385
31992, -540, -67377
31995, -540, -67370
31999, -540, -67361
32003, -539, -67351
32008, -539, -67344
32011, -539, -67337
32014, -539, -67329
32017, -539, -67319
32020, -538, -67309
32024, -538, -67297
32027, -537, -67283
32030, -537, -67267
32034, -537, -67251
32037, -537, -67233
32040, -536, -67213
32044, -536, -67194
32047, -535, -67175
32050, -535, -67157
32053, -534, -67143
32056, -534, -67132
32060, -534, -67122
32063, -534, -67114
32066, -534, -67108
32069, -534, -67103
32072, -534, -67099
32076, -534, -67095
32079, -534, -67092
32082, -533, -67090
32085, -533, -67087
32088, -533, -67085
32091, -533, -67083
32095, -533, -67081
32098, -534, -67079
32102, -534, -67077
32105, -534, -67075
32110, -534, -67073
32114, -533, -67070
32117, -533, -67068
32122, -533, -67065
32126, -533, -67062
32129, -533, -67059
32133, -533, -67056
32136, -533, -67053
32140, -533, -67049
32143, -533, -67045
32146, -533, -67039
32151, -533, -67033
32154, -533, -67027
32158, -532, -67020
32162, -533, -67012
32165, -532, -67003
32170, -532, -66994
32173, -532, -66985
32177, -532, -66975
32181, -531, -66964
32184, -531, -66954
32188, -531, -66943
32192, -531, -66932
32196, -530, -66922
32199, -530, -66913
32203, -529, -66905
32206, -529, -66894
32211, -529, -66886
32214, -529, -66876
32219, -528, -66869
32222, -528, -66862
32227, -528, -66856
32230, -528, -66851
32233, -528, -66846
32238, -528, -66841
32241, -528, -66838
32244, -527, -66834
34257, -527, -66811
34261, -527, -66817
34264, -527, -66807
34268, -527, -66788
34271, -526, -66762
34275, -526, -66735
34279, -524, -66700
34282, -523, -66652
34286, -521, -66584
34290, -518, -66498
34293, -514, -66397
34297, -509, -66267
34301, -504, -66134
34304, -499, -65951
34309, -494, -65798
34312, -488, -65641
34315, -483, -65494
34319, -477, -65339
34322, -471, -65183
34325, -466, -65025
34328, -460, -64873
34332, -455, -64717
34335, -450, -64559
34338, -445, -64405
34341, -439, -64251
34345, -433, -64096
34348, -428, -63942
34351, -422, -63790
34354, -416, -63633
34358, -410, -63472
34361, -404, -63308
34365, -397, -63150
34368, -391, -62993
34372, -384, -62833
34375, -378, -62679
34379, -370, -62517
34382, -364, -62315
34386, -356, -62163
34390, -349, -62016
34393, -342, -61881
34396, -336, -61747
34400, -329, -61615
34403, -324, -61482
34406, -317, -61339
34410, -311, -61200
34413, -304, -61069
34416, -297, -60943
34419, -290, -60809
34423, -283, -60675
34426, -277, -60547
34429, -271, -60420
34433, -264, -60288
34436, -257, -60164
34439, -251, -60025
34443, -244, -59872
34447, -237, -59744
34450, -230, -59624
34453, -224, -59474
34458, -217, -59349
34461, -211, -59227
34465, -205, -59103
34468, -198, -58948
34473, -191, -58811
34477, -184, -58693
34480, -178, -58541
34484, -170, -58391
34489, -163, -58263
34493, -156, -58146
34497, -150, -58037
34500, -144, -57894
34505, -138, -57761
34509, -132, -57630
34513, -125, -57501
34517, -118, -57392
34520, -111, -57248
34525, -104, -57094
34530, -98, -56988
34533, -92, -56883
34536, -86, -56783
34540, -81, -56680
34543, -76, -56586
34547, -71, -56484
34550, -66, -56393
34553, -62, -56303
34556, -58, -56182
34561, -54, -56084
34565, -50, -55993
34568, -45, -55899
34572, -41, -55772
34576, -37, -55683
34580, -32, -55595
34583, -28, -55515
34587, -25, -55427
34590, -21, -55350
34593, -18, -55258
34597, -15, -55180
34600, -11, -55076
34604, -9, -54996
34608, -5, -54917
34611, -2, -54843
34615, 0, -54765
34618, 3, -54691
34621, 6, -54598
34626, 8, -54515
34630, 11, -54448
34633, 14, -54377
34636, 17, -54305
34640, 19, -54245
34643, 21, -54174
34646, 24, -54105
34649, 26, -54044
34653, 29, -53979
34656, 31, -53908
34660, 33, -53848
34663, 35, -53787
34666, 37, -53717
34670, 38, -53654
34673, 40, -53583
34677, 43, -53515
34681, 45, -53458
34684, 47, -53394
34688, 49, -53320
34692, 51, -53262
34696, 52, -53213
34699, 54, -53139
34704, 56, -53064
34708, 58, -53016
34711, 60, -52969
34715, 61, -52917
34718, 63, -52856
34722, 64, -52791
34727, 65, -52750
34730, 67, -52706
34733, 68, -52647
34738, 70, -52599
34741, 71, -52556
34744, 73, -52520
34747, 74, -52486
34750, 75, -52449
34754, 75, -52411
34757, 76, -52368
34760, 77, -52325
34763, 78, -52287
34767, 79, -52255
34770, 80, -52213
34775, 81, -52180
34778, 82, -52140
34781, 83, -52097
34785, 84, -52049
34789, 85, -52019
34792, 86, -51993
34795, 86, -51968
34799, 87, -51942
34802, 88, -51901
34806, 89, -51866
34810, 90, -51826
34813, 91, -51791
34817, 92, -51764
34821, 93, -51740
34824, 93, -51718
34828, 93, -51693
34833, 94, -51664
34837, 94, -51640
34840, 95, -51607
34844, 97, -51574
34848, 98, -51543
34851, 98, -51519
34855, 99, -51501
34858, 100, -51484
34861, 100, -51469
34865, 100, -51457
34868, 101, -51445
34871, 101, -51431
34874, 101, -51412
34879, 102, -51395
34882, 102, -51377
34885, 103, -51357
34888, 104, -51335
34892, 104, -51310
34895, 105, -51288
34898, 106, -51270
34901, 106, -51255
34905, 106, -51243
34908, 106, -51233
34911, 106, -51224
34914, 106, -51216
34917, 106, -51209
34920, 106, -51202
34923, 107, -51196
34926, 107, -51190
34929, 107, -51183
34932, 107, -51176
34935, 108, -51167
34939, 108, -51157
34942, 108, -51147
34945, 108, -51136
34948, 109, -51123
34951, 109, -51111
34955, 109, -51097
34958, 110, -51082
34961, 111, -51066
34964, 111, -51048
34967, 111, -51032
34971, 112, -51019
34974, 112, -51008
34977, 112, -50999
34980, 112, -50992
34983, 112, -50985
34987, 113, -50980
34990, 113, -50975
34994, 113, -50972
34997, 113, -50969
35000, 113, -50966
35004, 113, -50963
35007, 113, -50961
35010, 113, -50958
35013, 113, -50957
35017, 113, -50954
35020, 113, -50951
35024, 113, -50948
35027, 113, -50944
35030, 113, -50940
35033, 113, -50936
35037, 113, -50931
35040, 113, -50926
35044, 114, -50920
35047, 115, -50914
35050, 115, -50908
35054, 115, -50902
35057, 115, -50893
35061, 115, -50886
35066, 115, -50877
35069, 116, -50868
35074, 116, -50858
35078, 116, -50851
35081, 116, -50843
35085, 116, -50835
35088, 117, -50828
35091, 117, -50820
35094, 117, -50813
35098, 118, -50805
35101, 118, -50797
35104, 118, -50789
35107, 118, -50782
35111, 118, -50775
35114, 119, -50767
35118, 119, -50760
35121, 120, -50754
35125, 120, -50750
35129, 120, -50747
35133, 119, -50744
35138, 119, -50742
35141, 119, -50740
35144, 119, -50739
35148, 119, -50738
35152, 119, -50737
35156, 119, -50737
35159, 119, -50737
35163, 119, -50736
35167, 119, -50736
35171, 119, -50735
35174, 119, -50735
35178, 120, -50735
35181, 120, -50735
35184, 120, -50735
35187, 120, -50735
35190, 120, -50735
35194, 120, -50735
35197, 120, -50734
35200, 120, -50734
35204, 120, -50734
35207, 120, -50734
35211, 119, -50734
35215, 119, -50734
35218, 119, -50734
35222, 120, -50734
35225, 120, -50734
35228, 120, -50734
35232, 120, -50734
35235, 120, -50734
35238, 120, -50734
35242, 120, -50734
35245, 120, -50734
35249, 120, -50734
35252, 120, -50734
35255, 120, -50734
35259, 120, -50734
35262, 120, -50734
35266, 121, -50734
37279, 120, -50719
37283, 120, -50726
37286, 120, -50718
37290, 121, -50683
37293, 123, -50625
37296, 127, -50539
37300, 131, -50428
37304, 138, -50303
37307, 144, -50164
37310, 150, -50010
37314, 157, -49856
37317, 164, -49694
37321, 171, -49523
37324, 178, -49355
37328, 186, -49179
37331, 193, -48997
37334, 199, -48801
37338, 206, -48630
37341, 213, -48455
37344, 220, -48264
37348, 227, -48098
37351, 235, -47934
37354, 241, -47767
37357, 248, -47604
37360, 254, -47441
37363, 260, -47272
37367, 267, -47043
37371, 274, -46839
37375, 281, -46647
37379, 289, -46464
37382, 298, -46273
37386, 305, -46095
37389, 313, -45936
37392, 320, -45779
37396, 327, -45609
37399, 334, -45442
37402, 341, -45260
37406, 348, -45101
37409, 355, -44946
37412, 362, -44774
37416, 369, -44582
37419, 377, -44411
37422, 384, -44248
37425, 392, -44039
37430, 400, -43846
37433, 408, -43662
37436, 416, -43410
37441, 424, -43162
37445, 434, -42921
37449, 443, -42693
37453, 452, -42501
37456, 462, -42273
37460, 470, -42053
37464, 478, -41856
37467, 486, -41646
37471, 494, -41385
37475, 501, -41165
37479, 509, -40957
37483, 516, -40761
37486, 524, -40512
37491, 531, -40291
37494, 538, -40095
37498, 544, -39904
37501, 551, -39724
37504, 557, -39534
37508, 562, -39347
37511, 568, -39173
37514, 573, -38990
37517, 578, -38806
37521, 582, -38573
37525, 587, -38380
37529, 592, -38202
37532, 596, -38006
37536, 601, -37822
37540, 606, -37624
37543, 610, -37462
37546, 614, -37282
37550, 619, -37127
37553, 623, -36959
37556, 626, -36761
37560, 631, -36574
37564, 634, -36398
37568, 638, -36190
37572, 642, -36005
37576, 645, -35844
37579, 649, -35686
37583, 653, -35541
37586, 656, -35380
37590, 659, -35201
37594, 662, -35076
37597, 665, -34954
37601, 668, -34838
37604, 670, -34732
37607, 673, -34625
37610, 676, -34514
37613, 678, -34413
37616, 680, -34312
37620, 683, -34205
37623, 684, -34108
37626, 686, -34021
37630, 689, -33917
37633, 691, -33830
37637, 692, -33755
37640, 695, -33642
37645, 697, -33567
37648, 698, -33503
37651, 700, -33441
37654, 702, -33350
37658, 704, -33283
37661, 706, -33206
37666, 707, -33136
37670, 710, -33054
37674, 712, -32980
37679, 713, -32929
37682, 715, -32881
37685, 717, -32810
37690, 719, -32759
37693, 720, -32715
37696, 721, -32663
37701, 722, -32622
37704, 724, -32570
37708, 725, -32520
37711, 726, -32479
37715, 728, -32441
37718, 729, -32401
37723, 730, -32371
37726, 731, -32338
37729, 732, -32299
37732, 733, -32262
37735, 734, -32231
37739, 734, -32204
37742, 736, -32180
37745, 736, -32157
37748, 737, -32126
37752, 738, -32100
37756, 739, -32070
37759, 740, -32035
37763, 741, -32008
37766, 743, -31980
37770, 743, -31957
37774, 744, -31933
37779, 744, -31915
37782, 744, -31894
37785, 745, -31867
37790, 745, -31838
37794, 747, -31807
37798, 748, -31779
37803, 749, -31763
37806, 749, -31745
37810, 750, -31733
37814, 750, -31719
37818, 751, -31705
37822, 751, -31691
37825, 752, -31675
37829, 752, -31653
37834, 753, -31636
37837, 753, -31616
37840, 755, -31597
37843, 755, -31579
37847, 756, -31564
37850, 757, -31551
37853, 757, -31537
37858, 757, -31528
37862, 758, -31521
37865, 758, -31516
37868, 757, -31509
37873, 757, -31504
37876, 757, -31498
37880, 758, -31493
37883, 758, -31484
37887, 758, -31474
37892, 759, -31465
37895, 759, -31455
37899, 759, -31442
37903, 760, -31425
37908, 761, -31409
37912, 761, -31394
37915, 762, -31375
37920, 762, -31358
37924, 763, -31345
37928, 763, -31335
37931, 764, -31329
37935, 764, -31323
37938, 764, -31318
37942, 764, -31314
37945, 763, -31311
37948, 763, -31308
37951, 764, -31306
37954, 764, -31304
37958, 764, -31302
37961, 764, -31300
37964, 765, -31299
37967, 765, -31298
37970, 765, -31296
37974, 765, -31295
37977, 764, -31293
37980, 765, -31291
37983, 765, -31290
37987, 765, -31288
37990, 765, -31285
37993, 765, -31283
37996, 765, -31280
38000, 765, -31277
38004, 765, -31274
38008, 766, -31270
38012, 765, -31267
38015, 765, -31262
38020, 765, -31257
38024, 766, -31252
38028, 766, -31248
38032, 767, -31243
38035, 767, -31238
38039, 767, -31233
38043, 768, -31228
38047, 768, -31224
38050, 768, -31220
38053, 768, -31216
38056, 769, -31212
38060, 768, -31209
38063, 768, -31205
38066, 768, -31202
38069, 768, -31198
38072, 768, -31195
38075, 769, -31191
38079, 769, -31187
38082, 769, -31183
38086, 770, -31179
38089, 770, -31176
38092, 770, -31172
38096, 771, -31169
40109, 771, -31150
40112, 770, -31155
40117, 771, -31133
40121, 773, -31070
40125, 777, -30970
40129, 784, -30864
40132, 792, -30751
40135, 802, -30616
40139, 810, -30480
40142, 819, -30335
40145, 827, -30183
40148, 835, -30031
40152, 843, -29880
40155, 851, -29726
40158, 860, -29563
40161, 868, -29404
40165, 876, -29218
40169, 885, -29049
40172, 893, -28878
40176, 902, -28711
40179, 912, -28552
40182, 921, -28345
40187, 930, -28134
40191, 940, -27969
40194, 950, -27806
40198, 960, -27640
40202, 969, -27451
40206, 979, -27304
40209, 988, -27156
40213, 998, -27014
40216, 1007, -26875
40219, 1016, -26674
40224, 1027, -26515
40227, 1037, -26347
40231, 1047, -26129
40236, 1058, -25925
40240, 1069, -25764
40244, 1080, -25618
40247, 1090, -25476
40250, 1101, -25318
40254, 1110, -25175
40257, 1119, -25036
40260, 1127, -24898
40263, 1135, -24761
40267, 1142, -24617
40270, 1150, -24470
40274, 1157, -24343
40277, 1164, -24210
40281, 1171, -24071
40284, 1178, -23902
40289, 1184, -23773
40292, 1191, -23652
40295, 1198, -23500
40300, 1205, -23343
40304, 1213, -23224
40307, 1219, -23113
40310, 1226, -23001
40314, 1231, -22888
40317, 1237, -22775
40321, 1242, -22667
40324, 1247, -22562
40327, 1251, -22459
40330, 1256, -22354
40334, 1261, -22250
40337, 1265, -22148
40340, 1270, -22054
40344, 1274, -21958
40347, 1278, -21867
40350, 1282, -21774
40353, 1285, -21686
40356, 1288, -21593
40360, 1292, -21490
40364, 1295, -21372
40368, 1299, -21289
40371, 1303, -21206
40375, 1307, -21127
40378, 1310, -21044
40381, 1313, -20961
40385, 1316, -20882
40388, 1318, -20804
40391, 1321, -20702
40396, 1323, -20611
40400, 1326, -20534
40403, 1330, -20439
40408, 1333, -20367
40411, 1336, -20269
40416, 1339, -20202
40419, 1341, -20115
40424, 1344, -20025
40428, 1347, -19958
40432, 1349, -19902
40435, 1351, -19836
40438, 1354, -19771
40442, 1355, -19702
40446, 1357, -19644
40450, 1360, -19589
40453, 1362, -19529
40456, 1364, -19477
40459, 1366, -19432
40463, 1367, -19392
40466, 1368, -19347
40469, 1369, -19297
40472, 1371, -19242
40476, 1372, -19198
40479, 1373, -19158
40482, 1374, -19111
40487, 1375, -19069
40490, 1376, -19021
40494, 1377, -18966
40498, 1379, -18918
40502, 1380, -18878
40507, 1381, -18843
40511, 1382, -18806
40514, 1384, -18754
40519, 1385, -18710
40522, 1386, -18677
40526, 1387, -18646
40530, 1389, -18615
40534, 1389, -18582
40539, 1390, -18558
40542, 1391, -18527
40546, 1393, -18492
40549, 1394, -18461
40552, 1395, -18435
40556, 1396, -18412
40559, 1397, -18393
40562, 1397, -18378
40566, 1397, -18363
40569, 1397, -18347
40572, 1397, -18331
40575, 1398, -18315
40579, 1398, -18299
40582, 1399, -18281
40585, 1400, -18260
40588, 1402, -18234
40592, 1402, -18212
40595, 1403, -18193
40598, 1404, -18177
40601, 1404, -18165
40604, 1404, -18154
40608, 1404, -18144
40611, 1404, -18135
40614, 1404, -18127
40617, 1405, -18120
40620, 1405, -18112
40623, 1405, -18103
40626, 1405, -18094
40630, 1406, -18083
40633, 1406, -18073
40636, 1406, -18062
40639, 1407, -18051
40642, 1407, -18039
40645, 1407, -18028
40648, 1408, -18015
40651, 1409, -18003
40654, 1409, -17989
40657, 1410, -17973
40661, 1411, -17956
40665, 1411, -17943
40670, 1412, -17935
40673, 1412, -17928
40676, 1412, -17923
40679, 1412, -17919
40682, 1412, -17915
40685, 1412, -17911
40689, 1412, -17908
40692, 1412, -17906
40695, 1412, -17904
40698, 1411, -17902
40701, 1412, -17899
40704, 1412, -17897
40707, 1411, -17894
40711, 1412, -17891
40714, 1412, -17888
40717, 1412, -17884
40720, 1412, -17879
40723, 1412, -17875
40726, 1413, -17870
40729, 1413, -17864
40732, 1413, -17859
40735, 1413, -17853
40739, 1414, -17847
40742, 1414, -17840
40745, 1414, -17834
40748, 1414, -17828
40751, 1415, -17822
40754, 1415, -17816
40757, 1416, -17809
40760, 1416, -17803
40763, 1416, -17797
40767, 1416, -17791
40770, 1416, -17786
40773, 1416, -17781
40776, 1417, -17775
40779, 1417, -17770
40782, 1417, -17765
40785, 1417, -17760
40788, 1418, -17756
40791, 1418, -17752
40794, 1418, -17748
40797, 1418, -17744
40801, 1418, -17740
40804, 1418, -17737
40807, 1418, -17734
40810, 1419, -17730
40813, 1419, -17727
40816, 1419, -17724
40819, 1419, -17722
40823, 1418, -17719
40826, 1418, -17717
40829, 1418, -17715
40832, 1418, -17713
40835, 1419, -17710
40838, 1419, -17707
40842, 1419, -17705
40845, 1419, -17703
40848, 1419, -17701
40851, 1419, -17699
40854, 1419, -17697
40857, 1419, -17695
40860, 1420, -17693
42874, 1420, -17684
42877, 1420, -17689
42882, 1420, -17676
42885, 1422, -17640
42888, 1424, -17581
42892, 1427, -17489
42897, 1433, -17379
42901, 1440, -17245
42904, 1448, -17090
42908, 1458, -16915
42912, 1468, -16734
42915, 1479, -16564
42919, 1489, -16342
42923, 1499, -16131
42926, 1509, -15943
42930, 1518, -15713
42934, 1529, -15468
42938, 1539, -15256
42942, 1548, -15048
42945, 1558, -14868
42948, 1568, -14649
42953, 1577, -14465
42956, 1585, -14285
42960, 1594, -14122
42963, 1601, -13942
42967, 1609, -13782
42970, 1616, -13624
42974, 1623, -13476
42977, 1630, -13333
42980, 1637, -13200
42983, 1643, -13067
42987, 1649, -12934
42990, 1655, -12814
42993, 1660, -12691
42996, 1665, -12575
42999, 1670, -12447
43003, 1674, -12334
43006, 1679, -12219
43010, 1684, -12094
43013, 1689, -11991
43017, 1694, -11893
43020, 1699, -11761
43024, 1703, -11662
43028, 1708, -11550
43032, 1713, -11452
43036, 1717, -11345
43039, 1722, -11233
43043, 1726, -11145
43047, 1730, -11043
43051, 1734, -10961
43055, 1738, -10886
43058, 1741, -10811
43062, 1745, -10730
43065, 1748, -10653
43069, 1751, -10587
43072, 1753, -10527
43075, 1756, -10461
43078, 1759, -10397
43082, 1762, -10329
43086, 1764, -10267
43089, 1767, -10211
43092, 1769, -10159
43095, 1772, -10089
43099, 1774, -10031
43103, 1776, -9959
43107, 1779, -9887
43112, 1781, -9829
43116, 1783, -9779
43119, 1785, -9715
43124, 1788, -9660
43128, 1790, -9612
43132, 1792, -9567
43135, 1794, -9515
43140, 1797, -9453
43144, 1798, -9413
43147, 1800, -9377
43151, 1801, -9333
43155, 1803, -9288
43159, 1804, -9245
43162, 1806, -9210
43166, 1808, -9173
43170, 1809, -9138
43174, 1810, -9101
43178, 1812, -9063
43181, 1814, -9031
43185, 1815, -9004
43188, 1816, -8981
43191, 1817, -8958
43195, 1818, -8936
43198, 1819, -8911
43201, 1820, -8884
43204, 1821, -8855
43207, 1822, -8819
43212, 1823, -8796
43215, 1823, -8778
43218, 1824, -8756
43222, 1824, -8739
43226, 1824, -8721
43229, 1825, -8702
43233, 1826, -8681
43236, 1827, -8650
43240, 1829, -8621
43244, 1830, -8602
43247, 1831, -8585
43251, 1832, -8570
43255, 1832, -8556
43259, 1832, -8546
43263, 1833, -8535
43266, 1833, -8519
43270, 1833, -8499
43275, 1834, -8484
43278, 1834, -8468
43281, 1835, -8450
43284, 1837, -8429
43288, 1838, -8404
43292, 1839, -8388
43295, 1839, -8376
43299, 1840, -8366
43302, 1839, -8357
43305, 1839, -8350
43309, 1839, -8343
43312, 1839, -8337
43315, 1840, -8332
43318, 1840, -8327
43323, 1840, -8322
43326, 1840, -8317
43330, 1841, -8311
43334, 1841, -8303
43337, 1841, -8292
43341, 1842, -8283
43345, 1842, -8272
43348, 1842, -8260
43352, 1843, -8247
43355, 1843, -8234
43358, 1844, -8221
43361, 1844, -8208
43364, 1845, -8195
43367, 1846, -8183
43370, 1846, -8173
43374, 1846, -8165
43377, 1846, -8158
43380, 1847, -8152
43383, 1847, -8147
43386, 1847, -8143
43389, 1847, -8140
43392, 1848, -8137
43395, 1847, -8134
43398, 1847, -8132
43402, 1847, -8130
43405, 1847, -8129
43408, 1847, -8128
43411, 1847, -8127
43414, 1847, -8125
43417, 1846, -8125
43420, 1846, -8124
43423, 1847, -8123
43426, 1847, -8122
43430, 1847, -8121
43433, 1847, -8119
43436, 1847, -8118
43440, 1847, -8117
43443, 1847, -8115
43447, 1847, -8112
43450, 1847, -8110
43453, 1848, -8107
43456, 1848, -8104
43460, 1848, -8099
43464, 1848, -8096
43467, 1848, -8092
43471, 1848, -8087
43475, 1849, -8083
43478, 1849, -8079
43482, 1849, -8076
43485, 1850, -8074
43488, 1849, -8071
43491, 1849, -8068
43494, 1849, -8065
43497, 1849, -8062
43501, 1849, -8058
43504, 1849, -8055
43507, 1850, -8051
43510, 1850, -8047
43513, 1850, -8044
43516, 1850, -8040
43519, 1851, -8035
43522, 1851, -8030
43526, 1851, -8025
43531, 1851, -8021
43534, 1851, -8018
43537, 1851, -8015
43540, 1851, -8011
43544, 1851, -8008
43547, 1852, -8005
43550, 1852, -8002
43553, 1852, -7999
43556, 1852, -7996
43559, 1852, -7993
43563, 1852, -7990
43566, 1852, -7987
43570, 1852, -7984
43574, 1852, -7982
43578, 1852, -7980
43582, 1852, -7977
43586, 1852, -7974
43590, 1853, -7972
