4255, 2078, -3, 2078
4263, 2079, -3, 2080
4272, 2078, -5, 2078
4280, 2078, -20, 2078
4288, 2078, -34, 2078
4297, 2078, -68, 2076
4305, 2076, -107, 2074
4313, 2075, -151, 2072
4321, 2074, -230, 2070
4329, 2072, -288, 2069
4338, 2069, -374, 2064
4346, 2067, -456, 2062
4354, 2065, -534, 2061
4362, 2062, -636, 2056
4370, 2059, -715, 2056
4379, 2057, -826, 2050
4387, 2054, -919, 2050
4395, 2051, -1013, 2047
4403, 2049, -1125, 2044
4411, 2046, -1215, 2041
4419, 2043, -1341, 2036
4428, 2041, -1442, 2037
4436, 2038, -1556, 2032
4444, 2035, -1679, 2030
4452, 2032, -1779, 2026
4460, 2029, -1917, 2023
4469, 2026, -2021, 2021
4477, 2023, -2154, 2016
4485, 2020, -2279, 2014
4493, 2016, -2393, 2010
4501, 2014, -2538, 2009
4510, 2011, -2650, 2009
4518, 2008, -2797, 2002
4526, 2006, -2926, 2001
4534, 2003, -3049, 1998
4542, 2000, -3195, 1994
4550, 1997, -3304, 1993
4559, 1994, -3448, 1987
4567, 1991, -3562, 1986
4575, 1988, -3684, 1983
4583, 1986, -3817, 1981
4591, 1983, -3924, 1979
4600, 1980, -4058, 1975
4608, 1978, -4164, 1974
4616, 1975, -4284, 1967
4624, 1972, -4403, 1966
4632, 1969, -4505, 1964
4640, 1966, -4634, 1961
4649, 1963, -4733, 1959
4657, 1960, -4851, 1954
4665, 1958, -4961, 1953
4673, 1955, -5057, 1949
4681, 1952, -5178, 1946
4690, 1949, -5269, 1945
4698, 1946, -5382, 1939
4706, 1943, -5482, 1938
4714, 1940, -5576, 1935
4722, 1937, -5686, 1932
4731, 1934, -5774, 1930
4739, 1932, -5882, 1925
4747, 1929, -5971, 1925
4755, 1926, -6065, 1921
4764, 1923, -6163, 1918
4772, 1921, -6247, 1916
4780, 1918, -6351, 1910
4789, 1915, -6430, 1910
4797, 1912, -6528, 1906
4805, 1909, -6615, 1905
4813, 1906, -6694, 1900
4822, 1903, -6793, 1898
4830, 1901, -6865, 1898
4838, 1898, -6963, 1890
4846, 1895, -7046, 1890
4855, 1892, -7129, 1886
4863, 1889, -7223, 1884
4872, 1886, -7299, 1880
4880, 1883, -7393, 1877
4889, 1880, -7465, 1876
4897, 1877, -7556, 1872
4905, 1875, -7635, 1870
4914, 1872, -7709, 1866
4922, 1869, -7799, 1863
4931, 1866, -7868, 1863
4939, 1863, -7957, 1856
4947, 1852, -8029, 1856
4955, 1854, -8108, 1852
4964, 1851, -8188, 1850
4972, 1848, -8254, 1847
4980, 1845, -8344, 1843
4989, 1838, -8411, 1843
4997, 1839, -8490, 1835
5005, 1830, -8563, 1836
5014, 1833, -8631, 1831
5022, 1830, -8711, 1829
5030, 1827, -8773, 1826
5039, 1823, -8854, 1822
5047, 1820, -8917, 1821
5055, 1817, -8989, 1816
5064, 1814, -9070, 1814
5072, 1812, -9135, 1813
5081, 1809, -9214, 1806
5089, 1799, -9275, 1808
5097, 1802, -9353, 1802
5106, 1799, -9419, 1799
5114, 1796, -9483, 1796
5122, 1793, -9559, 1793
5131, 1783, -9615, 1793
5139, 1787, -9691, 1787
5147, 1784, -9748, 1786
5155, 1781, -9814, 1783
5164, 1778, -9887, 1780
5172, 1775, -9944, 1776
5180, 1772, -10019, 1772
5189, 1761, -10077, 1772
5197, 1765, -10149, 1767
5205, 1762, -10213, 1766
5214, 1759, -10272, 1762
5222, 1756, -10343, 1758
5230, 1752, -10397, 1756
5238, 1749, -10469, 1751
5247, 1739, -10526, 1752
5255, 1742, -10589, 1746
5264, 1734, -10658, 1747
5272, 1737, -10713, 1742
5280, 1735, -10781, 1738
5288, 1731, -10832, 1737
5297, 1728, -10901, 1731
5305, 1717, -10959, 1731
5314, 1721, -11013, 1728
5322, 1718, -11083, 1725
5330, 1715, -11135, 1723
5339, 1713, -11207, 1718
5347, 1710, -11262, 1717
5355, 1706, -11323, 1712
5363, 1703, -11388, 1710
5372, 1700, -11441, 1709
5380, 1696, -11511, 1703
5388, 1693, -11564, 1701
5397, 1690, -11628, 1697
5405, 1681, -11690, 1697
5413, 1683, -11735, 1694
5421, 1681, -11787, 1691
5430, 1678, -11842, 1690
5438, 1677, -11878, 1689
5447, 1675, -11913, 1688
5455, 1672, -11964, 1682
5463, 1665, -12006, 1683
5472, 1663, -12033, 1683
5480, 1667, -12052, 1681
5488, 1665, -12070, 1680
5497, 1665, -12097, 1679
5505, 1663, -12137, 1676
5513, 1656, -12167, 1676
5521, 1655, -12186, 1676
5530, 1659, -12198, 1675
5538, 1653, -12206, 1676
5546, 1654, -12212, 1677
5555, 1658, -12217, 1675
5563, 1658, -12225, 1674
5571, 1653, -12238, 1674
5579, 1657, -12255, 1673
5588, 1656, -12276, 1672
5596, 1655, -12300, 1670
5605, 1654, -12321, 1669
5613, 1647, -12334, 1670
5621, 1652, -12343, 1668
5630, 1646, -12348, 1669
7648, 1651, -12358, 1668
7657, 1645, -12357, 1668
7665, 1645, -12362, 1668
7673, 1650, -12397, 1664
7681, 1648, -12428, 1663
7689, 1646, -12480, 1657
7698, 1643, -12534, 1656
7706, 1639, -12582, 1652
7714, 1636, -12647, 1650
7722, 1633, -12696, 1648
7731, 1630, -12763, 1643
7739, 1627, -12818, 1642
7747, 1624, -12873, 1637
7755, 1621, -12940, 1635
7764, 1618, -12991, 1633
7772, 1614, -13059, 1629
7780, 1611, -13114, 1627
7788, 1608, -13175, 1621
7797, 1599, -13242, 1621
7805, 1601, -13296, 1619
7813, 1598, -13363, 1613
7821, 1590, -13416, 1613
7830, 1592, -13483, 1606
7838, 1583, -13544, 1607
7846, 1585, -13600, 1603
7855, 1582, -13668, 1600
7863, 1578, -13720, 1598
7871, 1576, -13790, 1594
7880, 1573, -13847, 1592
7888, 1570, -13905, 1587
7896, 1566, -13973, 1585
7904, 1563, -14027, 1583
7913, 1559, -14099, 1577
7921, 1550, -14153, 1577
7929, 1552, -14222, 1571
7938, 1549, -14287, 1570
7947, 1545, -14346, 1567
7955, 1542, -14414, 1564
7963, 1539, -14467, 1561
7972, 1535, -14540, 1557
7980, 1528, -14597, 1557
7988, 1530, -14659, 1553
7997, 1527, -14730, 1551
8006, 1523, -14790, 1546
8014, 1521, -14864, 1543
8022, 1517, -14918, 1541
8031, 1513, -14988, 1536
8039, 1510, -15048, 1535
8047, 1507, -15111, 1532
8056, 1504, -15182, 1530
8064, 1500, -15238, 1526
8072, 1497, -15315, 1521
8081, 1490, -15373, 1522
8089, 1491, -15441, 1516
8097, 1484, -15509, 1516
8106, 1485, -15570, 1511
8114, 1482, -15649, 1507
8123, 1475, -15705, 1507
8131, 1475, -15784, 1500
8140, 1470, -15849, 1499
8149, 1468, -15906, 1497
8157, 1465, -15975, 1493
8165, 1459, -16024, 1494
8174, 1460, -16069, 1491
8182, 1458, -16127, 1487
8191, 1456, -16185, 1486
8200, 1453, -16221, 1485
8208, 1451, -16250, 1483
8216, 1449, -16285, 1482
8225, 1448, -16334, 1480
8233, 1445, -16375, 1478
8241, 1442, -16399, 1479
8250, 1441, -16415, 1479
8259, 1442, -16427, 1478
8267, 1440, -16441, 1478
8276, 1442, -16462, 1476
8284, 1439, -16485, 1476
8293, 1440, -16512, 1472
8301, 1435, -16542, 1472
8309, 1437, -16564, 1471
8317, 1433, -16578, 1472
8326, 1432, -16585, 1472
8334, 1434, -16590, 1471
8342, 1432, -16593, 1471
8350, 1432, -16595, 1472
8359, 1432, -16597, 1472
8367, 1432, -16598, 1472
8375, 1432, -16599, 1472
8383, 1433, -16600, 1472
8392, 1434, -16601, 1471
8400, 1432, -16601, 1471
8408, 1432, -16602, 1471
8417, 1432, -16604, 1471
8425, 1432, -16605, 1472
8433, 1432, -16607, 1472
8441, 1434, -16610, 1471
8449, 1434, -16614, 1470
8458, 1432, -16620, 1471
8467, 1432, -16629, 1471
8475, 1433, -16637, 1470
8483, 1431, -16645, 1470
8491, 1433, -16651, 1469
8500, 1431, -16658, 1470
8508, 1432, -16666, 1468
8516, 1430, -16674, 1469
8524, 1431, -16682, 1467
8533, 1429, -16689, 1468
10551, 1429, -16698, 1469
10559, 1431, -16698, 1468
10568, 1429, -16706, 1468
10576, 1430, -16752, 1463
10584, 1428, -16791, 1461
10592, 1425, -16859, 1453
10601, 1421, -16926, 1455
10609, 1418, -16988, 1451
10617, 1415, -17069, 1448
10626, 1412, -17130, 1446
10634, 1410, -17212, 1441
10642, 1406, -17279, 1440
10650, 1403, -17352, 1435
10658, 1399, -17435, 1432
10667, 1395, -17501, 1431
10675, 1393, -17590, 1427
10683, 1390, -17660, 1426
10691, 1387, -17740, 1421
10700, 1383, -17820, 1419
10708, 1380, -17892, 1416
10716, 1378, -17983, 1413
10725, 1374, -18052, 1410
10733, 1371, -18142, 1405
10741, 1366, -18223, 1406
10749, 1365, -18299, 1401
10758, 1361, -18395, 1397
10766, 1357, -18469, 1397
10774, 1355, -18565, 1391
10782, 1350, -18643, 1392
10791, 1349, -18727, 1387
10799, 1347, -18823, 1384
10807, 1344, -18900, 1381
10815, 1341, -19000, 1378
10824, 1337, -19077, 1376
10832, 1333, -19173, 1369
10840, 1328, -19264, 1370
10849, 1328, -19347, 1368
10857, 1324, -19448, 1362
10865, 1321, -19523, 1361
10873, 1318, -19621, 1356
10882, 1315, -19703, 1355
10890, 1310, -19786, 1350
10898, 1308, -19880, 1349
10906, 1305, -19954, 1348
10915, 1302, -20049, 1341
10923, 1296, -20123, 1341
10931, 1295, -20206, 1335
10939, 1291, -20291, 1335
10947, 1289, -20361, 1332
10956, 1287, -20452, 1328
10964, 1284, -20522, 1326
10972, 1280, -20605, 1321
10980, 1275, -20682, 1321
10989, 1274, -20753, 1318
10997, 1271, -20837, 1313
11005, 1267, -20901, 1311
11014, 1265, -20985, 1307
11022, 1260, -21055, 1307
11030, 1259, -21123, 1302
11038, 1256, -21204, 1299
11047, 1253, -21262, 1298
11055, 1249, -21327, 1293
11063, 1246, -21394, 1292
11071, 1244, -21438, 1291
11080, 1242, -21482, 1290
11088, 1240, -21541, 1286
11096, 1237, -21589, 1285
11104, 1234, -21621, 1285
11113, 1235, -21648, 1284
11121, 1233, -21678, 1283
11129, 1232, -21718, 1280
11138, 1231, -21760, 1278
11146, 1226, -21784, 1279
11155, 1225, -21800, 1279
11163, 1227, -21811, 1278
11171, 1227, -21824, 1277
11180, 1226, -21841, 1276
11188, 1226, -21865, 1275
11196, 1224, -21894, 1272
11205, 1223, -21926, 1271
11213, 1219, -21947, 1271
11221, 1218, -21960, 1271
11229, 1217, -21968, 1271
11238, 1217, -21974, 1272
11246, 1217, -21977, 1273
11254, 1220, -21979, 1271
11263, 1217, -21981, 1272
11271, 1218, -21982, 1273
11279, 1221, -21984, 1271
11287, 1217, -21986, 1271
11296, 1217, -21989, 1271
11304, 1220, -21992, 1270
11313, 1216, -21997, 1270
11321, 1216, -22004, 1270
11330, 1219, -22011, 1269
11338, 1215, -22017, 1269
11347, 1215, -22023, 1269
11355, 1216, -22027, 1266
11364, 1214, -22031, 1269
11373, 1216, -22037, 1268
11381, 1214, -22041, 1269
11389, 1216, -22046, 1268
11397, 1214, -22052, 1268
11405, 1216, -22058, 1267
11414, 1214, -22064, 1268
11422, 1215, -22071, 1267
11430, 1212, -22076, 1267
11438, 1214, -22083, 1265
11447, 1211, -22088, 1266
11456, 1211, -22094, 1266
11464, 1213, -22100, 1265
13482, 1210, -22113, 1266
13491, 1213, -22112, 1265
13500, 1213, -22121, 1263
13508, 1211, -22164, 1259
13516, 1207, -22199, 1259
13525, 1207, -22257, 1251
13533, 1202, -22310, 1254
13541, 1202, -22365, 1247
13550, 1199, -22429, 1245
13558, 1196, -22479, 1244
13566, 1192, -22548, 1238
13574, 1186, -22602, 1238
13583, 1186, -22664, 1234
13591, 1184, -22725, 1231
13599, 1181, -22777, 1230
13608, 1178, -22847, 1225
13616, 1175, -22898, 1224
13624, 1172, -22959, 1218
13633, 1166, -23013, 1219
13641, 1165, -23068, 1213
13650, 1163, -23133, 1211
13658, 1159, -23182, 1208
13667, 1156, -23242, 1203
13675, 1149, -23290, 1203
13684, 1150, -23349, 1198
13692, 1147, -23406, 1197
13700, 1144, -23456, 1193
13709, 1141, -23516, 1188
13717, 1134, -23562, 1189
13725, 1135, -23622, 1183
13734, 1128, -23673, 1183
13742, 1129, -23725, 1178
13751, 1126, -23781, 1176
13759, 1123, -23826, 1174
13768, 1121, -23888, 1170
13776, 1118, -23933, 1169
13785, 1115, -23993, 1163
13794, 1112, -24038, 1162
13802, 1109, -24087, 1158
13810, 1105, -24142, 1156
13818, 1102, -24187, 1154
13827, 1099, -24242, 1149
13835, 1096, -24283, 1147
13844, 1093, -24335, 1142
13852, 1085, -24386, 1142
13861, 1087, -24434, 1136
13869, 1084, -24489, 1135
13878, 1081, -24533, 1134
13887, 1079, -24588, 1128
13895, 1071, -24631, 1128
13903, 1072, -24684, 1121
13912, 1069, -24734, 1120
13920, 1065, -24776, 1117
13928, 1063, -24830, 1114
13937, 1059, -24868, 1112
13945, 1056, -24922, 1106
13953, 1049, -24968, 1107
13961, 1051, -25011, 1104
13969, 1048, -25062, 1100
13978, 1045, -25100, 1097
13986, 1043, -25153, 1093
13994, 1035, -25197, 1094
14002, 1037, -25238, 1090
14011, 1034, -25283, 1087
14019, 1032, -25315, 1086
14027, 1030, -25345, 1085
14035, 1027, -25389, 1079
14044, 1021, -25426, 1079
14052, 1020, -25451, 1081
14060, 1022, -25475, 1079
14068, 1020, -25506, 1075
14077, 1019, -25539, 1073
14085, 1014, -25561, 1073
14094, 1012, -25576, 1074
14102, 1015, -25589, 1072
14111, 1014, -25605, 1071
14119, 1013, -25625, 1068
14127, 1012, -25652, 1066
14136, 1006, -25672, 1068
14144, 1005, -25684, 1068
14152, 1004, -25691, 1069
14160, 1009, -25696, 1066
14169, 1004, -25701, 1066
14177, 1004, -25708, 1066
14186, 1003, -25717, 1066
14194, 1007, -25727, 1064
14203, 1005, -25739, 1062
14211, 1001, -25756, 1065
14219, 1005, -25772, 1063
14228, 1004, -25789, 1061
14236, 1003, -25802, 1059
14244, 998, -25810, 1059
14253, 997, -25815, 1059
14261, 996, -25818, 1060
16279, 996, -25823, 1060
16288, 996, -25823, 1061
16296, 1000, -25828, 1059
16305, 1000, -25860, 1055
16313, 998, -25885, 1053
16322, 996, -25929, 1049
16330, 993, -25971, 1047
16338, 990, -26013, 1043
16347, 987, -26064, 1040
16355, 980, -26104, 1040
16364, 981, -26158, 1034
16372, 979, -26198, 1033
16380, 975, -26247, 1027
16389, 969, -26293, 1027
16397, 970, -26334, 1024
16405, 966, -26388, 1021
16414, 963, -26429, 1018
16422, 960, -26484, 1013
16431, 957, -26529, 1012
16439, 955, -26575, 1011
16448, 952, -26627, 1008
16456, 950, -26666, 1006
16464, 947, -26722, 999
16472, 941, -26763, 1001
16481, 941, -26814, 994
16489, 934, -26862, 994
16498, 935, -26906, 991
16506, 933, -26960, 987
16515, 930, -27001, 985
16523, 927, -27055, 981
16531, 924, -27096, 980
16540, 921, -27144, 976
16548, 919, -27192, 973
16557, 916, -27233, 970
16565, 913, -27287, 968
16574, 910, -27325, 966
16582, 907, -27378, 962
16590, 905, -27423, 961
16599, 902, -27470, 955
16607, 894, -27526, 955
16616, 896, -27568, 951
16624, 893, -27624, 947
16632, 890, -27667, 946
16641, 888, -27719, 941
16649, 885, -27769, 940
16657, 882, -27813, 936
16665, 879, -27869, 934
16674, 876, -27911, 933
16682, 874, -27965, 929
16690, 872, -28013, 928
16698, 869, -28060, 924
16707, 866, -28116, 920
16715, 862, -28159, 918
16723, 859, -28216, 914
16731, 856, -28262, 913
16740, 853, -28311, 909
16748, 851, -28365, 907
16756, 848, -28408, 904
16764, 845, -28467, 900
16772, 842, -28511, 899
16781, 840, -28565, 895
16789, 833, -28619, 895
16797, 834, -28667, 890
16805, 832, -28726, 888
16814, 829, -28770, 885
16822, 827, -28829, 882
16830, 824, -28879, 881
16838, 821, -28924, 877
16846, 818, -28982, 874
16855, 816, -29024, 872
16864, 810, -29062, 872
16872, 811, -29115, 866
16881, 805, -29157, 868
16889, 808, -29184, 867
16898, 806, -29212, 865
16906, 804, -29250, 861
16914, 803, -29287, 860
16922, 796, -29311, 861
16931, 800, -29328, 860
16939, 799, -29345, 859
16947, 798, -29367, 857
16955, 797, -29399, 856
16964, 796, -29432, 854
16972, 790, -29452, 854
16980, 789, -29466, 854
16989, 793, -29475, 853
16997, 788, -29482, 855
17005, 792, -29489, 852
17013, 787, -29499, 852
17022, 787, -29512, 853
17030, 791, -29524, 852
17038, 790, -29539, 850
17047, 790, -29558, 848
17055, 784, -29581, 848
17064, 788, -29596, 847
17072, 782, -29604, 849
17081, 786, -29609, 847
17089, 781, -29612, 847
17097, 781, -29614, 848
17106, 786, -29616, 847
17114, 781, -29617, 848
17123, 781, -29618, 848
17131, 781, -29618, 848
17139, 786, -29619, 846
17148, 781, -29619, 848
17156, 781, -29619, 848
17165, 786, -29619, 846
17173, 781, -29620, 849
17181, 786, -29620, 847
17190, 781, -29621, 847
17198, 781, -29623, 847
17207, 781, -29625, 848
17215, 785, -29627, 845
17223, 780, -29628, 847
19242, 780, -29644, 847
19250, 785, -29644, 846
19258, 784, -29654, 844
19267, 783, -29700, 840
19276, 783, -29738, 838
19284, 780, -29794, 833
19292, 772, -29844, 833
19301, 774, -29899, 830
19309, 772, -29965, 827
19318, 769, -30015, 824
19326, 766, -30085, 819
19334, 759, -30137, 821
19343, 760, -30202, 813
19351, 753, -30262, 815
19360, 755, -30319, 811
19368, 753, -30392, 807
19377, 750, -30448, 805
19385, 747, -30517, 801
19393, 744, -30573, 800
19401, 741, -30637, 796
19410, 739, -30710, 795
19418, 736, -30766, 792
19426, 734, -30841, 788
19434, 731, -30902, 786
19443, 728, -30972, 783
19451, 725, -31039, 780
19459, 722, -31100, 777
19467, 720, -31181, 775
19476, 718, -31241, 774
19484, 715, -31316, 768
19492, 713, -31382, 767
19500, 710, -31451, 763
19509, 707, -31529, 761
19517, 704, -31589, 760
19525, 702, -31677, 755
19533, 694, -31745, 755
19542, 697, -31818, 749
19550, 689, -31903, 750
19558, 692, -31971, 747
19567, 689, -32058, 742
19575, 686, -32124, 740
19583, 683, -32212, 735
19591, 676, -32292, 736
19600, 678, -32364, 732
19608, 675, -32460, 729
19616, 673, -32532, 726
19624, 671, -32628, 723
19633, 663, -32709, 723
19641, 665, -32793, 718
19649, 663, -32890, 717
19658, 661, -32973, 714
19667, 658, -33078, 710
19675, 655, -33158, 709
19683, 652, -33260, 703
19692, 649, -33347, 702
19700, 646, -33439, 698
19708, 643, -33547, 697
19717, 640, -33632, 693
19725, 638, -33746, 689
19733, 631, -33835, 689
19742, 633, -33938, 684
19750, 630, -34049, 683
19758, 628, -34140, 681
19766, 625, -34264, 677
19775, 623, -34362, 675
19784, 620, -34486, 671
19792, 617, -34598, 670
19801, 615, -34713, 667
19809, 612, -34844, 664
19818, 609, -34948, 661
19826, 607, -35086, 658
19835, 604, -35193, 657
19843, 602, -35297, 653
19852, 599, -35426, 650
19860, 591, -35513, 650
19868, 595, -35590, 648
19876, 593, -35691, 645
19885, 586, -35791, 645
19893, 590, -35855, 644
19902, 589, -35909, 643
19910, 587, -35981, 641
19918, 586, -36074, 638
19926, 580, -36140, 639
19935, 579, -36182, 639
19943, 583, -36214, 638
19951, 581, -36252, 635
19960, 576, -36307, 635
19968, 580, -36375, 633
19977, 578, -36434, 632
19985, 572, -36468, 632
19993, 576, -36491, 631
20001, 571, -36508, 633
20010, 575, -36521, 631
20018, 570, -36536, 631
20027, 575, -36558, 630
20035, 574, -36584, 629
20043, 569, -36621, 629
20052, 573, -36662, 627
20060, 572, -36705, 626
20069, 566, -36743, 626
20077, 566, -36765, 627
20085, 570, -36778, 626
20093, 565, -36786, 626
20101, 565, -36792, 626
20110, 570, -36796, 625
20118, 564, -36798, 625
20126, 564, -36800, 625
20134, 564, -36801, 625
20143, 564, -36802, 625
20151, 564, -36802, 625
20160, 564, -36803, 626
20168, 564, -36803, 626
20176, 564, -36804, 626
20185, 569, -36804, 625
20193, 564, -36806, 626
20201, 564, -36806, 626
20209, 569, -36807, 625
20218, 564, -36808, 625
20226, 569, -36810, 624
20234, 564, -36812, 625
20243, 563, -36816, 625
22261, 564, -36838, 626
22269, 568, -36838, 624
22277, 568, -36853, 623
22286, 568, -36935, 619
22294, 566, -37005, 617
22303, 564, -37110, 612
22311, 555, -37208, 612
22319, 558, -37304, 608
22328, 555, -37420, 605
22336, 553, -37509, 603
22344, 550, -37630, 598
22353, 541, -37724, 599
22361, 544, -37827, 594
22369, 542, -37939, 592
22378, 539, -38028, 590
22386, 538, -38143, 586
22394, 535, -38231, 584
22403, 532, -38344, 579
22412, 523, -38439, 579
22420, 526, -38530, 576
22428, 524, -38636, 574
22437, 521, -38722, 571
22445, 519, -38830, 567
22454, 516, -38915, 565
22462, 513, -39019, 559
22471, 504, -39113, 560
22480, 507, -39198, 557
22488, 505, -39296, 554
22496, 503, -39371, 552
22504, 501, -39470, 548
22513, 498, -39550, 547
22521, 495, -39635, 542
22529, 493, -39728, 541
22538, 490, -39804, 539
22546, 487, -39899, 534
22554, 479, -39972, 536
22563, 482, -40066, 528
22571, 474, -40144, 528
22580, 477, -40221, 524
22588, 475, -40312, 521
22596, 472, -40379, 520
22604, 469, -40468, 516
22613, 467, -40541, 514
22621, 464, -40618, 510
22629, 461, -40700, 509
22637, 459, -40768, 506
22645, 456, -40856, 502
22654, 453, -40924, 501
22662, 452, -41007, 497
22670, 449, -41083, 496
22679, 446, -41152, 491
22687, 437, -41234, 491
22695, 441, -41301, 489
22704, 439, -41387, 483
22712, 429, -41454, 483
22721, 434, -41532, 478
22729, 432, -41606, 477
22738, 429, -41671, 474
22746, 426, -41755, 472
22755, 423, -41820, 468
22763, 421, -41897, 464
22771, 411, -41964, 464
22780, 416, -42032, 461
22788, 413, -42110, 457
22796, 411, -42169, 456
22804, 409, -42247, 452
22813, 406, -42312, 450
22821, 403, -42381, 446
22829, 400, -42453, 445
22838, 399, -42512, 442
22846, 396, -42594, 438
22854, 393, -42654, 437
22863, 390, -42725, 431
22871, 381, -42789, 432
22880, 379, -42838, 433
22888, 383, -42895, 426
22896, 374, -42954, 426
22905, 373, -42992, 426
22913, 379, -43022, 425
22921, 376, -43061, 421
22929, 375, -43117, 419
22938, 367, -43154, 420
22946, 373, -43181, 419
22954, 372, -43208, 417
22962, 370, -43250, 414
22971, 369, -43289, 412
22979, 361, -43312, 414
22987, 367, -43328, 413
22996, 366, -43346, 412
23004, 358, -43375, 413
23013, 365, -43411, 409
23021, 364, -43448, 408
23029, 362, -43473, 406
23037, 354, -43489, 407
23046, 353, -43500, 407
23054, 359, -43507, 406
23063, 352, -43513, 406
23071, 352, -43520, 407
23079, 352, -43525, 407
23088, 359, -43528, 406
23096, 359, -43535, 405
23104, 358, -43550, 404
23113, 357, -43572, 402
23121, 356, -43602, 400
23130, 348, -43622, 401
23138, 347, -43634, 401
25156, 354, -43655, 400
25165, 346, -43654, 402
25173, 354, -43664, 400
25181, 353, -43707, 395
25189, 344, -43741, 395
25198, 349, -43796, 391
25206, 348, -43855, 389
25214, 345, -43912, 386
25222, 342, -43982, 382
25231, 333, -44035, 382
25239, 337, -44105, 376
25247, 327, -44166, 376
25255, 332, -44227, 372
25263, 330, -44296, 370
25272, 327, -44348, 369
25280, 325, -44422, 364
25288, 314, -44480, 364
25296, 320, -44544, 358
25305, 318, -44611, 357
25313, 315, -44668, 354
25321, 312, -44739, 351
25330, 302, -44793, 351
25338, 307, -44862, 344
25346, 297, -44925, 345
25354, 302, -44983, 340
25363, 299, -45054, 338
25371, 296, -45106, 336
25379, 294, -45178, 333
25388, 292, -45237, 332
25396, 290, -45300, 328
25404, 288, -45367, 327
25413, 285, -45422, 323
25421, 283, -45495, 320
25429, 280, -45549, 318
25437, 277, -45615, 313
25446, 267, -45680, 313
25454, 272, -45737, 309
25462, 270, -45806, 307
25470, 267, -45858, 305
25479, 264, -45930, 300
25487, 262, -45993, 299
25495, 259, -46053, 297
25503, 257, -46122, 295
25512, 255, -46177, 291
25520, 252, -46252, 287
25528, 242, -46310, 287
25536, 247, -46372, 282
25544, 244, -46442, 280
25553, 241, -46499, 278
25561, 239, -46571, 276
25569, 238, -46624, 275
25577, 235, -46692, 269
25585, 233, -46758, 268
25594, 231, -46816, 267
25602, 228, -46889, 262
25610, 225, -46944, 261
25618, 222, -47017, 255
25626, 213, -47080, 255
25635, 218, -47140, 252
25643, 215, -47214, 249
25651, 205, -47271, 249
25659, 210, -47344, 243
25667, 209, -47402, 242
25676, 206, -47467, 240
25684, 204, -47541, 237
25692, 201, -47598, 236
25700, 199, -47674, 231
25708, 189, -47735, 231
25717, 194, -47803, 226
25725, 192, -47871, 224
25733, 189, -47928, 222
25741, 187, -48009, 219
25749, 184, -48070, 217
25758, 182, -48143, 213
25766, 180, -48209, 212
25774, 177, -48272, 208
25782, 175, -48352, 206
25790, 172, -48409, 204
25799, 170, -48476, 201
25807, 167, -48547, 199
25815, 158, -48595, 200
25824, 164, -48645, 196
25832, 162, -48705, 193
25840, 153, -48750, 195
25848, 160, -48784, 193
25857, 158, -48826, 190
25865, 156, -48885, 188
25874, 155, -48926, 186
25882, 145, -48953, 187
25890, 152, -48977, 186
25899, 152, -49008, 185
25907, 150, -49057, 180
25915, 141, -49102, 181
25924, 140, -49128, 181
25932, 139, -49145, 181
25940, 139, -49156, 182
25949, 147, -49163, 181
25957, 147, -49172, 180
25965, 146, -49191, 179
25974, 146, -49220, 178
25982, 144, -49260, 176
25990, 143, -49288, 174
25998, 134, -49305, 176
26007, 141, -49317, 175
26015, 133, -49325, 176
26024, 141, -49331, 174
26032, 133, -49337, 176
26040, 133, -49343, 176
26048, 133, -49348, 176
26056, 141, -49353, 174
26065, 133, -49360, 174
26073, 133, -49372, 175
26081, 141, -49382, 172
26090, 131, -49394, 174
26098, 140, -49409, 171
26106, 131, -49422, 171
26114, 130, -49439, 171
28133, 130, -49469, 172
28141, 138, -49468, 170
28149, 129, -49475, 170
28157, 136, -49526, 165
28166, 135, -49571, 164
28174, 132, -49642, 159
28183, 122, -49708, 159
28191, 128, -49777, 156
28200, 126, -49861, 153
28208, 123, -49925, 151
28216, 121, -50014, 147
28225, 118, -50089, 145
28233, 116, -50170, 143
28242, 114, -50250, 140
28250, 111, -50324, 138
28258, 109, -50418, 135
28267, 107, -50488, 133
28276, 104, -50583, 127
28284, 94, -50658, 128
28292, 99, -50741, 123
28301, 96, -50837, 122
28309, 93, -50912, 119
28318, 91, -51012, 117
28326, 90, -51087, 116
28334, 87, -51183, 110
28343, 77, -51267, 110
28351, 82, -51351, 105
28360, 80, -51452, 103
28368, 78, -51533, 102
28377, 75, -51640, 100
28386, 73, -51722, 97
28394, 70, -51828, 92
28403, 68, -51918, 91
28411, 66, -52007, 89
28420, 64, -52115, 86
28428, 61, -52194, 84
28436, 59, -52302, 81
28445, 56, -52389, 79
28453, 53, -52481, 74
28462, 44, -52576, 74
28471, 49, -52664, 69
28479, 46, -52760, 67
28487, 43, -52834, 65
28495, 41, -52928, 61
28504, 30, -53006, 62
28512, 37, -53090, 56
28521, 34, -53185, 54
28529, 32, -53258, 53
28538, 30, -53352, 49
28546, 28, -53423, 48
28554, 25, -53509, 42
28563, 14, -53588, 42
28571, 19, -53662, 38
28580, 18, -53745, 36
28588, 15, -53809, 33
28596, 12, -53899, 30
28605, 2, -53966, 31
28613, 8, -54042, 24
28621, 6, -54119, 23
28630, 3, -54184, 20
28638, 1, -54263, 17
28646, -10, -54324, 17
28655, -4, -54405, 12
28663, -6, -54474, 11
28672, -9, -54540, 7
28681, -11, -54618, 6
28689, -13, -54680, 3
28698, -18, -54754, 4095
28706, -17, -54807, 0
28714, 0, -54882, 4089
28723, -2, -54949, 4089
28732, -5, -55010, 4085
28740, -7, -55079, 4084
28749, -10, -55135, 4080
28757, -13, -55209, 4076
28765, -15, -55264, 4076
28774, -18, -55328, 4072
28782, -21, -55393, 4070
28791, -23, -55449, 4067
28799, -26, -55516, 4064
28808, -28, -55565, 4063
28816, -31, -55635, 4058
28825, -34, -55690, 4058
28833, -36, -55752, 4054
28842, -39, -55809, 4052
28850, -41, -55854, 4050
28859, -44, -55921, 4046
28867, -46, -55968, 4047
28876, -48, -56011, 4043
28884, -50, -56061, 4040
28893, -52, -56095, 4040
28901, -54, -56125, 4038
28909, -56, -56175, 4035
28918, -58, -56219, 4034
28926, -60, -56248, 4033
28935, -61, -56273, 4035
28943, -62, -56303, 4030
28951, -63, -56338, 4029
28960, -65, -56360, 4027
28968, -66, -56374, 4028
28976, -67, -56385, 4029
28985, -68, -56402, 4027
28993, -69, -56430, 4024
29001, -69, -56465, 4023
29010, -71, -56492, 4022
29018, -72, -56508, 4021
29026, -73, -56518, 4022
29035, -74, -56526, 4021
29043, -74, -56533, 4022
29051, -74, -56541, 4022
29060, -74, -56553, 4020
29068, -75, -56568, 4018
29076, -76, -56585, 4017
29084, -77, -56602, 4017
29092, -78, -56616, 4018
29101, -78, -56624, 4016
29109, -79, -56629, 4017
29117, -79, -56633, 4015
29126, -79, -56635, 4016
29134, -80, -56636, 4016
29142, -80, -56638, 4016
29151, -80, -56639, 4016
29159, -79, -56640, 4017
29167, -79, -56641, 4017
29175, -79, -56643, 4016
29184, -79, -56646, 4017
29192, -79, -56650, 4016
29201, -79, -56656, 4015
29209, -80, -56663, 4014
29217, -80, -56672, 4014
29225, -81, -56684, 4012
29234, -82, -56696, 4014
29242, -82, -56709, 4012
29251, -83, -56720, 4012
29259, -83, -56731, 4011
29267, -84, -56740, 4011
29276, -84, -56748, 4012
29284, -84, -56754, 4010
29292, -85, -56759, 4011
31310, -85, -56767, 4010
31319, -85, -56766, 4012
31327, -85, -56770, 4008
31335, -86, -56796, 4007
31344, -87, -56816, 4007
31352, -87, -56820, 4008
31360, -88, -56814, 4009
31369, -88, -56797, 4009
31378, -87, -56756, 4012
31386, -85, -56720, 4014
31394, -83, -56669, 4019
31403, -81, -56627, 4020
31411, -78, -56576, 4024
31419, -75, -56519, 4025
31428, -72, -56471, 4028
31436, -70, -56410, 4033
31445, -67, -56363, 4035
31453, -64, -56301, 4039
31462, -61, -56245, 4038
31470, -58, -56188, 4042
31479, -56, -56127, 4044
31488, -53, -56078, 4048
31496, -51, -56010, 4050
31504, -49, -55957, 4051
31512, -46, -55896, 4057
31521, -43, -55841, 4057
31529, -40, -55783, 4062
31538, -38, -55716, 4063
31546, -35, -55664, 4064
31554, -33, -55594, 4069
31563, -30, -55537, 4070
31572, -27, -55466, 4076
31580, -24, -55404, 4078
31589, -21, -55346, 4079
31597, -18, -55271, 4083
31606, -15, -55212, 4085
31614, -12, -55137, 4091
31623, -10, -55077, 4090
31632, -7, -55004, 4094
31640, -43, -54933, 0
31649, -1, -54869, 4
31657, 0, -54795, 5
31666, -25, -54728, 10
31675, -22, -54644, 12
31684, -19, -54579, 15
31693, -18, -54498, 17
31701, -15, -54428, 18
31710, -12, -54354, 24
31718, -10, -54274, 26
31727, -8, -54203, 28
31735, -5, -54117, 32
31744, -2, -54050, 32
31752, 0, -53964, 38
31761, 2, -53889, 39
31769, 5, -53811, 43
31778, 7, -53722, 44
31786, 10, -53652, 47
31795, 13, -53558, 53
31803, 23, -53482, 52
31812, 18, -53392, 57
31820, 20, -53308, 57
31828, 22, -53231, 60
31836, 25, -53133, 65
31845, 28, -53054, 66
31853, 29, -52954, 70
31862, 32, -52871, 70
31870, 35, -52780, 75
31879, 38, -52677, 79
31887, 39, -52591, 80
31896, 43, -52480, 84
31904, 45, -52392, 86
31913, 48, -52281, 90
31921, 51, -52189, 91
31930, 53, -52093, 92
31938, 55, -51983, 98
31947, 58, -51890, 100
31955, 60, -51778, 102
31964, 63, -51691, 105
31972, 66, -51587, 110
31980, 68, -51491, 111
31989, 71, -51399, 114
31997, 74, -51291, 115
32006, 76, -51209, 118
32014, 79, -51103, 124
32023, 81, -51016, 125
32031, 84, -50921, 128
32040, 86, -50830, 129
32048, 89, -50756, 132
32056, 91, -50663, 135
32065, 94, -50591, 137
32073, 96, -50531, 139
32081, 97, -50456, 141
32089, 100, -50385, 143
32098, 101, -50337, 143
32106, 103, -50290, 145
32114, 104, -50229, 146
32123, 105, -50168, 150
32131, 115, -50128, 149
32140, 108, -50096, 150
32148, 109, -50065, 151
32156, 110, -50024, 154
32164, 111, -49971, 154
32173, 113, -49935, 156
32181, 122, -49912, 155
32189, 115, -49894, 157
32197, 123, -49878, 156
32206, 116, -49860, 157
32214, 116, -49840, 159
32222, 117, -49811, 159
32231, 118, -49777, 160
32239, 118, -49741, 162
32247, 128, -49719, 161
32256, 119, -49705, 162
32264, 120, -49696, 162
32272, 120, -49689, 162
32281, 120, -49683, 162
32289, 121, -49675, 163
32297, 130, -49665, 162
34315, 121, -49613, 164
34324, 122, -49613, 164
34332, 122, -49620, 164
34340, 131, -49642, 162
34348, 122, -49658, 163
34357, 122, -49657, 164
34365, 122, -49644, 164
34373, 122, -49610, 166
34382, 124, -49545, 170
34390, 126, -49488, 172
34399, 128, -49407, 177
34407, 131, -49340, 177
34415, 133, -49266, 182
34423, 136, -49185, 183
34431, 139, -49116, 186
34440, 141, -49030, 190
34448, 143, -48962, 191
34456, 146, -48880, 195
34465, 148, -48805, 197
34473, 151, -48734, 200
34482, 154, -48647, 204
34490, 157, -48578, 204
34499, 159, -48493, 211
34507, 169, -48425, 209
34515, 164, -48349, 215
34524, 167, -48266, 217
34532, 170, -48199, 221
34541, 172, -48116, 223
34549, 175, -48051, 225
34558, 178, -47972, 229
34566, 180, -47902, 230
34574, 183, -47832, 234
34582, 185, -47753, 237
34591, 188, -47692, 238
34599, 190, -47612, 243
34607, 193, -47545, 244
34616, 196, -47472, 248
34624, 198, -47399, 251
34632, 201, -47335, 254
34641, 203, -47256, 257
34649, 206, -47195, 258
34657, 209, -47120, 263
34665, 212, -47051, 263
34674, 214, -46983, 267
34682, 216, -46906, 271
34691, 219, -46844, 272
34699, 222, -46763, 277
34708, 224, -46700, 277
34716, 227, -46626, 282
34725, 230, -46555, 286
34733, 233, -46491, 287
34741, 235, -46415, 291
34749, 238, -46354, 293
34758, 241, -46276, 296
34767, 243, -46210, 297
34775, 246, -46143, 301
34783, 248, -46070, 305
34791, 252, -46010, 308
34800, 254, -45933, 310
34808, 256, -45874, 310
34816, 259, -45800, 316
34825, 262, -45730, 317
34833, 264, -45668, 321
34841, 267, -45592, 325
34850, 270, -45533, 325
34858, 272, -45458, 331
34866, 275, -45394, 331
34875, 278, -45329, 337
34883, 281, -45255, 338
34891, 284, -45195, 341
34899, 286, -45121, 344
34908, 289, -45062, 346
34916, 291, -44992, 350
34924, 294, -44922, 350
34932, 296, -44862, 353
34941, 299, -44787, 357
34949, 301, -44726, 359
34957, 304, -44657, 364
34965, 307, -44592, 366
34974, 309, -44541, 367
34982, 312, -44475, 369
34990, 314, -44416, 371
34998, 316, -44374, 373
35007, 318, -44330, 375
35015, 320, -44271, 378
35024, 322, -44228, 378
35032, 323, -44196, 380
35040, 325, -44163, 381
35049, 327, -44123, 383
35058, 328, -44077, 385
35066, 329, -44045, 385
35075, 337, -44028, 384
35083, 331, -44014, 385
35091, 332, -44001, 386
35100, 332, -43981, 388
35108, 333, -43952, 389
35116, 334, -43915, 391
35125, 336, -43881, 392
35133, 337, -43860, 394
35141, 345, -43847, 392
35149, 339, -43838, 392
35157, 339, -43833, 392
35165, 339, -43828, 392
35174, 345, -43823, 391
35182, 339, -43819, 393
35190, 346, -43814, 392
35199, 339, -43808, 393
35207, 346, -43802, 391
35215, 339, -43795, 394
35223, 346, -43788, 393
35232, 340, -43780, 394
35240, 340, -43773, 396
35248, 340, -43764, 396
35257, 341, -43752, 398
35265, 342, -43736, 398
35273, 343, -43717, 398
35281, 343, -43701, 399
35289, 351, -43691, 398
35297, 344, -43686, 399
35306, 344, -43682, 399
35314, 344, -43680, 399
35322, 345, -43678, 400
35330, 353, -43678, 399
35338, 345, -43676, 400
35346, 353, -43675, 399
35355, 353, -43674, 398
35363, 345, -43672, 399
35371, 345, -43670, 400
35379, 353, -43667, 399
35388, 345, -43663, 399
35396, 353, -43659, 398
35404, 345, -43652, 400
35412, 345, -43645, 400
35420, 345, -43637, 402
35429, 354, -43630, 401
35437, 347, -43623, 402
37455, 347, -43586, 403
37464, 355, -43586, 402
37472, 348, -43589, 402
37480, 355, -43610, 401
37489, 355, -43626, 399
37497, 347, -43623, 402
37506, 347, -43610, 402
37514, 348, -43581, 406
37522, 349, -43530, 409
37530, 351, -43485, 410
37539, 354, -43411, 416
37547, 364, -43353, 415
37555, 360, -43286, 420
37564, 362, -43214, 421
37572, 364, -43148, 425
37581, 367, -43069, 429
37589, 370, -43008, 430
37598, 373, -42924, 435
37606, 376, -42856, 436
37615, 379, -42786, 440
37623, 381, -42706, 443
37631, 383, -42640, 444
37640, 386, -42561, 449
37648, 389, -42499, 450
37656, 392, -42422, 455
37664, 395, -42347, 457
37672, 398, -42281, 460
37681, 399, -42197, 462
37689, 402, -42129, 463
37697, 405, -42046, 469
37706, 407, -41977, 469
37714, 410, -41901, 475
37723, 413, -41819, 478
37731, 417, -41753, 479
37739, 420, -41664, 484
37747, 422, -41593, 484
37756, 424, -41516, 489
37764, 427, -41435, 489
37772, 429, -41362, 493
37780, 432, -41273, 496
37789, 435, -41202, 498
37798, 437, -41110, 503
37806, 440, -41034, 504
37814, 443, -40955, 508
37823, 446, -40865, 511
37831, 450, -40793, 514
37839, 453, -40700, 519
37848, 456, -40621, 520
37856, 459, -40535, 523
37864, 462, -40451, 525
37872, 464, -40373, 527
37880, 467, -40278, 531
37889, 468, -40202, 533
37897, 472, -40107, 540
37905, 481, -40022, 539
37913, 478, -39942, 542
37922, 481, -39843, 546
37930, 484, -39765, 548
37938, 486, -39663, 551
37947, 489, -39576, 553
37955, 492, -39486, 557
37963, 494, -39388, 560
37972, 496, -39303, 562
37980, 499, -39198, 565
37988, 502, -39113, 567
37996, 505, -39009, 572
38005, 508, -38913, 574
38013, 511, -38821, 577
38021, 514, -38710, 580
38030, 517, -38622, 582
38038, 520, -38512, 587
38046, 522, -38416, 587
38055, 525, -38332, 589
38063, 527, -38226, 593
38072, 530, -38143, 595
38080, 531, -38075, 595
38088, 533, -37993, 600
38097, 535, -37904, 600
38105, 537, -37844, 601
38113, 538, -37792, 601
38121, 540, -37730, 603
38130, 541, -37653, 607
38138, 543, -37588, 608
38147, 550, -37546, 607
38155, 545, -37513, 607
38164, 546, -37480, 609
38172, 547, -37439, 610
38180, 548, -37385, 612
38189, 549, -37324, 613
38197, 550, -37280, 614
38205, 551, -37253, 614
38213, 558, -37234, 613
38221, 552, -37219, 614
38230, 553, -37206, 616
38238, 559, -37190, 615
38247, 553, -37170, 615
38255, 554, -37150, 617
38264, 560, -37123, 616
38272, 555, -37096, 618
38280, 555, -37070, 618
38289, 556, -37035, 619
38297, 557, -36991, 620
38307, 558, -36964, 622
38315, 559, -36949, 622
38324, 565, -36939, 621
38332, 560, -36933, 621
38341, 560, -36930, 621
38349, 560, -36926, 622
38358, 566, -36924, 621
38367, 560, -36923, 621
38375, 560, -36921, 622
38383, 560, -36919, 623
38392, 566, -36917, 621
38400, 560, -36915, 621
38408, 560, -36912, 621
38417, 560, -36908, 623
38425, 566, -36902, 622
38434, 560, -36896, 622
38442, 561, -36888, 622
38450, 561, -36880, 622
38459, 561, -36871, 622
38467, 561, -36866, 622
38475, 561, -36860, 623
38484, 561, -36855, 624
38492, 567, -36848, 623
38500, 562, -36840, 624
38509, 562, -36830, 625
38518, 568, -36820, 623
38526, 562, -36810, 624
38535, 563, -36797, 624
40553, 563, -36771, 625
40561, 563, -36771, 625
40570, 568, -36778, 624
40578, 563, -36807, 624
40587, 568, -36829, 623
40595, 563, -36825, 624
40603, 563, -36808, 625
40612, 563, -36755, 627
40620, 564, -36659, 630
40628, 566, -36575, 633
40637, 569, -36447, 638
40645, 577, -36342, 637
40653, 575, -36219, 643
40661, 578, -36085, 645
40669, 581, -35971, 647
40678, 583, -35819, 651
40686, 586, -35702, 652
40694, 588, -35563, 659
40703, 597, -35433, 658
40711, 594, -35313, 661
40719, 597, -35169, 665
40727, 600, -35059, 667
40735, 602, -34921, 672
40744, 605, -34804, 673
40752, 608, -34686, 676
40760, 611, -34556, 680
40768, 614, -34452, 682
40777, 617, -34321, 686
40785, 620, -34216, 686
40793, 623, -34103, 691
40801, 625, -33986, 694
40810, 628, -33887, 696
40818, 631, -33766, 698
40826, 632, -33671, 700
40835, 635, -33560, 706
40843, 638, -33459, 708
40851, 641, -33363, 710
40859, 644, -33253, 715
40868, 648, -33165, 716
40876, 651, -33056, 721
40884, 653, -32968, 722
40892, 656, -32874, 725
40901, 659, -32773, 729
40909, 662, -32691, 730
40917, 665, -32587, 736
40925, 673, -32507, 735
40934, 671, -32415, 741
40942, 674, -32322, 743
40950, 676, -32245, 745
40958, 678, -32148, 749
40966, 681, -32071, 750
40975, 684, -31982, 756
40983, 687, -31903, 758
40991, 690, -31825, 760
41000, 693, -31732, 763
41008, 696, -31663, 765
41016, 699, -31572, 770
41025, 706, -31499, 769
41033, 704, -31424, 775
41041, 707, -31340, 778
41050, 710, -31269, 781
41058, 713, -31187, 784
41067, 716, -31123, 786
41075, 719, -31041, 790
41083, 722, -30969, 791
41092, 725, -30902, 796
41100, 728, -30820, 799
41108, 731, -30757, 802
41116, 734, -30680, 806
41125, 738, -30617, 807
41133, 739, -30555, 809
41141, 742, -30482, 812
41150, 744, -30431, 814
41158, 746, -30384, 815
41166, 748, -30322, 819
41174, 751, -30273, 820
41183, 752, -30235, 821
41191, 754, -30195, 823
41200, 756, -30146, 826
41208, 758, -30108, 827
41216, 760, -30083, 828
41225, 761, -30061, 828
41233, 762, -30034, 830
41242, 763, -29998, 831
41250, 765, -29957, 833
41259, 766, -29929, 833
41267, 767, -29912, 834
41275, 768, -29901, 834
41283, 768, -29891, 834
41292, 769, -29879, 836
41300, 769, -29865, 836
41308, 770, -29849, 837
41317, 771, -29830, 838
41325, 772, -29808, 839
41334, 773, -29784, 841
41342, 779, -29767, 840
41351, 774, -29757, 841
41360, 775, -29751, 841
41368, 780, -29747, 840
43387, 775, -29733, 842
43395, 781, -29733, 841
43403, 776, -29737, 841
43411, 780, -29753, 840
43420, 780, -29765, 838
43429, 775, -29763, 841
43437, 775, -29752, 841
43446, 776, -29718, 846
43454, 777, -29669, 846
43462, 779, -29627, 849
43470, 781, -29565, 855
43478, 784, -29513, 855
43487, 787, -29454, 860
43495, 790, -29393, 864
43503, 793, -29343, 865
43511, 796, -29273, 869
43520, 799, -29219, 869
43528, 802, -29154, 877
43537, 810, -29099, 876
43545, 809, -29041, 881
43554, 812, -28974, 882
43562, 815, -28923, 886
43570, 818, -28860, 890
43579, 821, -28809, 892
43587, 824, -28749, 897
43595, 827, -28691, 899
43603, 830, -28641, 901
43612, 833, -28579, 905
43620, 836, -28531, 907
43628, 839, -28470, 912
43636, 842, -28416, 912
43644, 845, -28367, 917
43653, 848, -28306, 920
43661, 851, -28257, 922
43669, 854, -28196, 926
43677, 857, -28146, 928
43686, 860, -28095, 931
43694, 863, -28036, 934
43702, 866, -27988, 937
43710, 869, -27927, 941
43719, 871, -27879, 941
43727, 875, -27826, 947
43735, 877, -27770, 948
43743, 880, -27721, 950
43752, 883, -27661, 957
43760, 887, -27617, 958
43768, 890, -27561, 962
43777, 892, -27510, 962
43785, 896, -27457, 968
43794, 898, -27402, 969
43802, 901, -27359, 973
43810, 905, -27303, 978
43819, 908, -27257, 978
43827, 912, -27205, 982
43835, 915, -27154, 984
43843, 918, -27110, 989
43852, 920, -27051, 991
43861, 924, -27006, 994
43869, 927, -26948, 999
43878, 930, -26898, 999
43886, 933, -26850, 1004
43895, 936, -26794, 1006
43903, 939, -26747, 1009
43911, 942, -26688, 1013
43920, 945, -26642, 1015
43928, 948, -26587, 1020
43937, 951, -26537, 1020
43946, 954, -26489, 1025
43954, 957, -26431, 1029
43963, 960, -26390, 1029
43972, 964, -26351, 1032
43980, 966, -26305, 1034
43989, 968, -26272, 1035
43997, 970, -26243, 1036
44006, 972, -26211, 1040
44014, 974, -26171, 1042
44022, 976, -26142, 1042
44031, 977, -26124, 1042
44039, 978, -26110, 1043
44047, 979, -26096, 1043
44056, 980, -26075, 1047
44065, 981, -26047, 1049
44073, 983, -26023, 1051
44082, 988, -26009, 1049
44090, 986, -25999, 1049
44098, 990, -25993, 1048
44107, 986, -25987, 1049
44115, 986, -25981, 1050
44123, 986, -25972, 1050
44132, 986, -25961, 1052
44140, 987, -25948, 1052
44148, 988, -25933, 1053
44156, 989, -25917, 1055
44164, 990, -25900, 1055
44173, 991, -25883, 1056
44181, 992, -25872, 1056
44189, 992, -25865, 1056
44197, 993, -25861, 1057
44206, 993, -25861, 1057
44214, 993, -25861, 1057
44222, 997, -25861, 1056
44230, 994, -25861, 1058
44239, 997, -25861, 1056
44247, 993, -25861, 1056
44255, 997, -25861, 1055
44263, 993, -25861, 1057
44272, 993, -25861, 1057
44280, 993, -25861, 1057
44288, 993, -25861, 1057
44296, 994, -25861, 1057
44305, 994, -25860, 1057
44313, 994, -25859, 1057
44321, 994, -25858, 1058
44330, 994, -25857, 1058
44338, 998, -25856, 1057
44346, 998, -25855, 1056
44355, 994, -25853, 1057
44363, 994, -25851, 1058
44371, 994, -25849, 1058
44380, 994, -25847, 1058
44388, 998, -25845, 1057
44397, 995, -25843, 1059
44405, 995, -25840, 1059
44414, 999, -25838, 1058
44422, 995, -25836, 1058
44430, 995, -25834, 1058
44439, 995, -25832, 1059
44447, 995, -25829, 1059
44455, 999, -25827, 1058
44464, 995, -25825, 1059
44472, 996, -25822, 1060
46491, 1000, -25813, 1059
46499, 996, -25813, 1061
46507, 1000, -25815, 1059
46515, 1000, -25825, 1058
46524, 996, -25832, 1060
46532, 1000, -25832, 1059
46540, 996, -25826, 1060
46549, 997, -25807, 1064
46557, 998, -25762, 1066
46566, 1000, -25724, 1067
46574, 1003, -25670, 1073
46583, 1005, -25626, 1074
46591, 1010, -25580, 1080
46599, 1013, -25528, 1082
46608, 1016, -25480, 1084
46616, 1020, -25423, 1090
46624, 1023, -25379, 1090
46633, 1026, -25327, 1095
46641, 1029, -25280, 1096
46649, 1032, -25231, 1100
46657, 1034, -25174, 1103
46666, 1037, -25129, 1105
46674, 1040, -25075, 1109
46683, 1043, -25032, 1111
46691, 1046, -24980, 1116
46699, 1049, -24924, 1117
46708, 1052, -24878, 1121
46716, 1055, -24825, 1124
46724, 1058, -24783, 1126
46732, 1062, -24727, 1131
46741, 1066, -24675, 1133
46749, 1069, -24627, 1136
46757, 1072, -24573, 1139
46765, 1075, -24532, 1141
46774, 1078, -24472, 1147
46782, 1081, -24423, 1147
46790, 1084, -24371, 1153
46799, 1087, -24318, 1154
46807, 1090, -24275, 1157
46815, 1094, -24214, 1162
46823, 1101, -24165, 1161
46832, 1100, -24110, 1169
46840, 1103, -24058, 1169
46848, 1106, -24011, 1173
46857, 1109, -23949, 1175
46865, 1112, -23901, 1177
46873, 1115, -23841, 1183
46881, 1119, -23792, 1184
46889, 1122, -23741, 1189
46898, 1126, -23678, 1192
46906, 1129, -23628, 1192
46914, 1132, -23566, 1198
46922, 1135, -23519, 1199
46931, 1137, -23462, 1203
46939, 1141, -23402, 1205
46947, 1144, -23350, 1208
46956, 1147, -23287, 1213
46964, 1150, -23239, 1214
46972, 1153, -23174, 1219
46980, 1156, -23115, 1220
46989, 1161, -23061, 1224
46997, 1164, -22996, 1228
47005, 1167, -22943, 1229
47013, 1170, -22877, 1235
47022, 1177, -22818, 1234
47030, 1175, -22773, 1236
47038, 1179, -22716, 1241
47047, 1181, -22664, 1242
47055, 1183, -22626, 1243
47063, 1185, -22584, 1246
47071, 1188, -22532, 1248
47080, 1189, -22495, 1249
47088, 1191, -22471, 1249
47097, 1192, -22446, 1251
47105, 1194, -22415, 1255
47114, 1197, -22371, 1257
47122, 1198, -22333, 1257
47130, 1200, -22309, 1257
47139, 1201, -22294, 1257
47147, 1204, -22282, 1256
47155, 1202, -22273, 1258
47163, 1205, -22264, 1257
47172, 1202, -22253, 1259
47180, 1203, -22238, 1261
47188, 1204, -22220, 1262
47197, 1205, -22197, 1262
47205, 1206, -22172, 1264
47213, 1210, -22153, 1263
47222, 1208, -22140, 1265
47231, 1211, -22134, 1264
47239, 1209, -22129, 1265
47247, 1212, -22127, 1264
47255, 1209, -22125, 1264
47264, 1212, -22124, 1263
47272, 1209, -22122, 1264
47280, 1208, -22122, 1264
47289, 1211, -22121, 1263
47297, 1208, -22120, 1263
47305, 1208, -22119, 1264
47314, 1208, -22117, 1264
47323, 1208, -22115, 1264
47331, 1208, -22112, 1264
47339, 1209, -22106, 1267
47347, 1212, -22100, 1264
47356, 1209, -22094, 1265
47364, 1210, -22088, 1266
47372, 1210, -22082, 1266
47381, 1210, -22075, 1266
47390, 1213, -22068, 1265
49408, 1211, -22037, 1268
49416, 1211, -22037, 1268
49425, 1214, -22041, 1266
49433, 1211, -22056, 1267
49441, 1212, -22066, 1267
49450, 1212, -22065, 1268
49458, 1215, -22056, 1267
49466, 1214, -22032, 1271
49474, 1215, -21983, 1273
49483, 1217, -21940, 1277
49491, 1219, -21868, 1280
49499, 1222, -21806, 1282
49509, 1225, -21729, 1287
49517, 1230, -21655, 1289
49526, 1233, -21587, 1294
49534, 1236, -21509, 1296
49542, 1240, -21445, 1299
49551, 1244, -21361, 1302
49559, 1247, -21289, 1304
49568, 1249, -21213, 1308
49576, 1252, -21129, 1311
49585, 1256, -21059, 1314
49593, 1260, -20972, 1319
49602, 1263, -20900, 1321
49610, 1267, -20810, 1325
49619, 1270, -20734, 1327
49627, 1274, -20653, 1331
49636, 1277, -20558, 1334
49644, 1280, -20483, 1337
49653, 1284, -20385, 1341
49661, 1286, -20309, 1341
49670, 1291, -20219, 1348
49678, 1294, -20131, 1348
49686, 1297, -20046, 1352
49695, 1299, -19948, 1355
49703, 1304, -19867, 1358
49711, 1307, -19766, 1365
49720, 1313, -19684, 1364
49728, 1315, -19584, 1369
49737, 1318, -19486, 1371
49745, 1321, -19396, 1375
49754, 1324, -19286, 1377
49762, 1328, -19203, 1381
49771, 1332, -19092, 1386
49780, 1335, -19000, 1386
49788, 1338, -18902, 1392
49796, 1341, -18801, 1392
49805, 1345, -18719, 1396
49813, 1348, -18614, 1400
49821, 1351, -18532, 1403
49830, 1354, -18439, 1408
49838, 1359, -18352, 1410
49846, 1362, -18270, 1413
49854, 1366, -18173, 1416
49862, 1370, -18097, 1419
49871, 1373, -18001, 1423
49879, 1376, -17921, 1424
49887, 1380, -17838, 1429
49896, 1383, -17746, 1433
49904, 1386, -17675, 1434
49912, 1390, -17588, 1438
49920, 1393, -17514, 1440
49929, 1396, -17456, 1440
49937, 1398, -17389, 1444
49945, 1400, -17320, 1446
49954, 1403, -17275, 1447
49962, 1404, -17233, 1447
49970, 1407, -17184, 1452
49978, 1409, -17130, 1454
49987, 1410, -17091, 1454
49995, 1412, -17066, 1454
50003, 1413, -17045, 1455
50012, 1414, -17022, 1456
50020, 1415, -16992, 1457
50028, 1416, -16956, 1459
50036, 1417, -16916, 1460
50045, 1418, -16883, 1460
50053, 1420, -16863, 1462
50061, 1423, -16851, 1461
50069, 1423, -16842, 1460
50078, 1421, -16837, 1461
50086, 1422, -16832, 1462
50094, 1422, -16827, 1463
50102, 1422, -16821, 1463
50111, 1423, -16813, 1463
50120, 1423, -16804, 1463
50128, 1424, -16794, 1463
50136, 1424, -16783, 1464
50144, 1424, -16771, 1464
50152, 1424, -16758, 1465
50161, 1425, -16742, 1466
50169, 1426, -16726, 1466
50177, 1426, -16710, 1467
50186, 1427, -16696, 1468
50194, 1429, -16682, 1466
52213, 1428, -16654, 1468
52221, 1428, -16654, 1468
52230, 1428, -16660, 1468
52238, 1430, -16679, 1467
52247, 1430, -16690, 1466
52255, 1428, -16685, 1467
52264, 1428, -16674, 1469
52272, 1429, -16636, 1474
52281, 1431, -16582, 1475
52289, 1433, -16530, 1478
52298, 1437, -16450, 1482
52306, 1440, -16386, 1482
52315, 1443, -16307, 1489
52323, 1446, -16236, 1491
52331, 1450, -16167, 1496
52340, 1454, -16090, 1497
52348, 1457, -16028, 1501
52356, 1461, -15945, 1506
52364, 1464, -15880, 1507
52373, 1467, -15808, 1510
52381, 1471, -15730, 1514
52389, 1474, -15665, 1516
52398, 1477, -15583, 1520
52406, 1480, -15521, 1523
52415, 1484, -15444, 1527
52423, 1487, -15377, 1530
52431, 1490, -15313, 1532
52440, 1494, -15233, 1535
52448, 1497, -15171, 1538
52456, 1500, -15096, 1543
52465, 1508, -15035, 1542
52473, 1506, -14958, 1550
52482, 1510, -14886, 1551
52491, 1514, -14823, 1555
52499, 1517, -14746, 1557
52508, 1521, -14685, 1560
52517, 1524, -14607, 1566
52525, 1528, -14548, 1567
52533, 1531, -14480, 1572
52541, 1535, -14408, 1573
52550, 1538, -14348, 1576
52558, 1542, -14275, 1582
52566, 1546, -14216, 1582
52575, 1549, -14144, 1587
52583, 1553, -14080, 1589
52591, 1556, -14021, 1594
52599, 1559, -13947, 1597
52607, 1563, -13889, 1601
52616, 1567, -13815, 1603
52625, 1570, -13752, 1604
52633, 1573, -13681, 1609
52642, 1577, -13613, 1612
52650, 1580, -13555, 1614
52658, 1583, -13481, 1618
52666, 1587, -13424, 1620
52675, 1591, -13352, 1627
52683, 1594, -13291, 1627
52691, 1597, -13231, 1632
52700, 1602, -13158, 1635
52708, 1605, -13103, 1635
52716, 1608, -13039, 1641
52724, 1612, -12981, 1642
52733, 1614, -12940, 1643
52741, 1616, -12893, 1645
52749, 1620, -12835, 1651
52757, 1625, -12795, 1648
52765, 1623, -12768, 1650
52774, 1625, -12742, 1652
52782, 1626, -12711, 1653
52790, 1628, -12670, 1657
52799, 1629, -12637, 1657
52807, 1631, -12614, 1657
52815, 1632, -12599, 1657
52824, 1633, -12585, 1658
52832, 1638, -12569, 1657
52840, 1634, -12550, 1661
52848, 1635, -12533, 1662
52857, 1637, -12511, 1663
52865, 1643, -12485, 1662
52873, 1639, -12461, 1665
52881, 1645, -12446, 1664
52890, 1645, -12437, 1663
52898, 1640, -12431, 1663
52906, 1641, -12428, 1665
52914, 1641, -12425, 1665
52922, 1641, -12424, 1665
52931, 1641, -12423, 1665
52939, 1642, -12422, 1665
52948, 1646, -12421, 1664
