4346, 2077, -3, 2077
4354, 2076, -3, 2076
4363, 2076, -6, 2076
4371, 2076, -20, 2076
4380, 2076, -34, 2076
4389, 2075, -70, 2074
4397, 2075, -106, 2074
4405, 2074, -157, 2072
4414, 2073, -227, 2069
4422, 2071, -281, 2069
4430, 2069, -370, 2062
4438, 2067, -440, 2063
4447, 2064, -524, 2058
4455, 2061, -616, 2055
4463, 2058, -694, 2055
4472, 2056, -806, 2051
4480, 2053, -889, 2048
4488, 2050, -1012, 2045
4498, 2048, -1104, 2045
4506, 2045, -1208, 2039
4515, 2043, -1322, 2038
4523, 2040, -1415, 2035
4531, 2037, -1538, 2032
4540, 2035, -1637, 2031
4548, 2032, -1760, 2025
4557, 2029, -1877, 2026
4565, 2026, -1991, 2019
4574, 2023, -2124, 2018
4583, 2020, -2233, 2016
4591, 2018, -2378, 2011
4600, 2014, -2498, 2010
4609, 2012, -2644, 2005
4618, 2009, -2775, 2004
4627, 2005, -2920, 1997
4636, 2002, -3053, 1998
4645, 1999, -3179, 1994
4653, 1996, -3323, 1991
4662, 1993, -3433, 1989
4670, 1991, -3577, 1984
4678, 1988, -3690, 1983
4687, 1985, -3827, 1979
4696, 1982, -3951, 1977
4704, 1979, -4065, 1974
4713, 1976, -4197, 1970
4721, 1974, -4297, 1970
4730, 1971, -4442, 1965
4739, 1968, -4541, 1963
4747, 1964, -4661, 1956
4756, 1961, -4769, 1955
4764, 1958, -4869, 1953
4772, 1955, -5005, 1950
4782, 1952, -5097, 1948
4790, 1949, -5230, 1942
4799, 1947, -5324, 1942
4808, 1943, -5441, 1936
4816, 1941, -5542, 1938
4824, 1938, -5638, 1932
4833, 1935, -5751, 1929
4842, 1932, -5850, 1926
4851, 1929, -5967, 1921
4859, 1925, -6053, 1921
4868, 1922, -6155, 1916
4876, 1919, -6248, 1915
4884, 1916, -6334, 1910
4892, 1914, -6444, 1909
4902, 1911, -6534, 1907
4911, 1908, -6641, 1900
4920, 1905, -6728, 1900
4929, 1901, -6829, 1893
4937, 1898, -6917, 1893
4947, 1894, -7015, 1888
4956, 1892, -7110, 1888
4965, 1889, -7192, 1884
4973, 1886, -7286, 1880
4982, 1883, -7358, 1878
4990, 1881, -7456, 1875
4999, 1877, -7529, 1872
5007, 1874, -7615, 1866
5016, 1871, -7693, 1866
5024, 1868, -7766, 1864
5032, 1865, -7865, 1860
5042, 1862, -7933, 1857
5050, 1856, -8028, 1853
5059, 1853, -8102, 1851
5067, 1849, -8187, 1846
5076, 1842, -8264, 1846
5084, 1843, -8335, 1841
5093, 1840, -8417, 1839
5101, 1837, -8489, 1836
5110, 1835, -8579, 1833
5119, 1832, -8643, 1831
5128, 1828, -8725, 1824
5136, 1818, -8794, 1824
5145, 1821, -8862, 1821
5153, 1818, -8945, 1818
5162, 1815, -9008, 1816
5170, 1813, -9095, 1813
5179, 1810, -9165, 1810
5189, 1807, -9244, 1805
5197, 1803, -9307, 1802
5205, 1800, -9383, 1800
5215, 1797, -9452, 1798
5223, 1794, -9513, 1796
5232, 1791, -9593, 1792
5240, 1789, -9659, 1789
5249, 1784, -9740, 1782
5259, 1774, -9800, 1782
5267, 1777, -9871, 1776
5275, 1767, -9936, 1777
5284, 1770, -9995, 1772
5292, 1767, -10075, 1769
5301, 1764, -10132, 1768
5310, 1762, -10206, 1764
5318, 1759, -10261, 1762
5326, 1755, -10333, 1757
5335, 1745, -10406, 1758
5345, 1749, -10469, 1751
5353, 1745, -10539, 1750
5362, 1742, -10593, 1747
5370, 1739, -10666, 1742
5379, 1736, -10721, 1740
5387, 1731, -10794, 1735
5397, 1722, -10850, 1735
5406, 1725, -10911, 1731
5414, 1722, -10977, 1729
5422, 1719, -11038, 1725
5432, 1716, -11108, 1722
5440, 1713, -11170, 1720
5450, 1710, -11242, 1715
5458, 1706, -11295, 1713
5467, 1702, -11357, 1708
5475, 1693, -11421, 1708
5483, 1695, -11477, 1703
5492, 1692, -11551, 1701
5501, 1689, -11601, 1699
5510, 1687, -11672, 1694
5518, 1683, -11725, 1693
5527, 1680, -11774, 1691
5535, 1677, -11836, 1687
5544, 1675, -11878, 1686
5552, 1667, -11915, 1686
5561, 1670, -11965, 1682
5570, 1667, -12019, 1678
5580, 1660, -12047, 1680
5589, 1659, -12067, 1680
5597, 1658, -12086, 1680
5605, 1663, -12109, 1677
5614, 1661, -12140, 1674
5622, 1655, -12173, 1675
5630, 1654, -12192, 1675
5638, 1657, -12205, 1673
5647, 1652, -12212, 1674
5655, 1657, -12221, 1673
5665, 1651, -12230, 1673
5673, 1656, -12244, 1672
5681, 1650, -12263, 1672
5690, 1655, -12285, 1670
5699, 1654, -12312, 1668
5708, 1652, -12334, 1666
5717, 1645, -12347, 1667
5725, 1644, -12355, 1667
5735, 1648, -12360, 1666
5744, 1643, -12362, 1666
7762, 1643, -12369, 1667
7770, 1643, -12369, 1667
7778, 1648, -12373, 1666
7787, 1647, -12403, 1663
7795, 1646, -12432, 1661
7803, 1644, -12486, 1656
7812, 1637, -12535, 1656
7820, 1638, -12582, 1651
7828, 1635, -12646, 1647
7836, 1632, -12694, 1646
7845, 1628, -12766, 1641
7854, 1621, -12823, 1641
7863, 1622, -12886, 1635
7872, 1619, -12948, 1634
7881, 1615, -13009, 1630
7890, 1612, -13076, 1628
7898, 1609, -13130, 1625
7907, 1606, -13211, 1621
7917, 1602, -13265, 1619
7925, 1599, -13331, 1613
7934, 1591, -13383, 1613
7942, 1592, -13443, 1608
7950, 1588, -13516, 1605
7960, 1585, -13572, 1604
7968, 1582, -13641, 1599
7977, 1578, -13694, 1596
7986, 1575, -13773, 1592
7995, 1572, -13828, 1591
8003, 1567, -13893, 1586
8012, 1560, -13950, 1586
8020, 1562, -14012, 1581
8029, 1559, -14093, 1576
8037, 1554, -14158, 1574
8045, 1551, -14238, 1569
8054, 1546, -14301, 1567
8062, 1542, -14370, 1562
8070, 1534, -14441, 1562
8080, 1535, -14506, 1559
8088, 1533, -14582, 1557
8097, 1530, -14638, 1552
8105, 1527, -14716, 1547
8114, 1523, -14780, 1546
8123, 1519, -14849, 1539
8131, 1511, -14912, 1541
8140, 1512, -14971, 1537
8148, 1509, -15049, 1533
8156, 1506, -15108, 1531
8165, 1503, -15186, 1525
8174, 1495, -15245, 1525
8182, 1495, -15316, 1519
8191, 1487, -15385, 1519
8199, 1488, -15448, 1514
8208, 1485, -15529, 1512
8216, 1482, -15588, 1509
8225, 1478, -15663, 1503
8233, 1472, -15724, 1503
8241, 1472, -15792, 1500
8250, 1468, -15868, 1496
8258, 1465, -15921, 1494
8266, 1462, -15983, 1491
8275, 1460, -16049, 1489
8283, 1454, -16100, 1489
8292, 1454, -16149, 1485
8301, 1452, -16206, 1484
8309, 1450, -16249, 1481
8318, 1446, -16278, 1483
8326, 1447, -16307, 1479
8335, 1443, -16343, 1479
8344, 1443, -16389, 1477
8352, 1442, -16432, 1475
8360, 1439, -16458, 1476
8369, 1440, -16475, 1475
8377, 1437, -16487, 1475
8385, 1439, -16497, 1474
8394, 1438, -16510, 1472
8403, 1437, -16528, 1471
8411, 1436, -16554, 1470
8420, 1434, -16585, 1468
8429, 1432, -16621, 1467
8438, 1429, -16641, 1468
8447, 1429, -16654, 1468
8457, 1430, -16660, 1467
8465, 1428, -16664, 1468
8474, 1430, -16667, 1467
8482, 1428, -16669, 1468
8491, 1430, -16671, 1467
8499, 1428, -16671, 1469
8507, 1430, -16673, 1468
8515, 1429, -16673, 1469
8525, 1431, -16674, 1468
8535, 1429, -16675, 1468
8544, 1431, -16677, 1467
8553, 1428, -16679, 1467
8561, 1428, -16680, 1468
8570, 1430, -16682, 1467
8578, 1428, -16685, 1467
8586, 1428, -16689, 1468
8594, 1428, -16693, 1468
8603, 1430, -16697, 1467
8611, 1428, -16701, 1468
8619, 1428, -16707, 1468
8627, 1430, -16712, 1466
8636, 1428, -16717, 1466
8644, 1429, -16724, 1465
8653, 1427, -16730, 1465
8662, 1428, -16736, 1464
8671, 1425, -16741, 1464
8680, 1425, -16746, 1466
8689, 1427, -16749, 1464
8697, 1425, -16753, 1465
8705, 1427, -16756, 1463
8714, 1425, -16759, 1464
8722, 1426, -16762, 1462
10740, 1424, -16763, 1464
10749, 1424, -16763, 1464
10757, 1426, -16770, 1462
10766, 1425, -16819, 1458
10774, 1423, -16863, 1456
10782, 1420, -16932, 1451
10791, 1415, -16994, 1452
10799, 1414, -17066, 1445
10808, 1411, -17150, 1444
10816, 1407, -17212, 1440
10825, 1404, -17301, 1436
10833, 1399, -17369, 1437
10841, 1397, -17458, 1430
10850, 1393, -17535, 1430
10859, 1391, -17614, 1425
10868, 1388, -17709, 1422
10877, 1385, -17780, 1420
10885, 1381, -17874, 1414
10894, 1376, -17946, 1415
10902, 1375, -18033, 1409
10910, 1372, -18117, 1407
10918, 1368, -18197, 1405
10927, 1365, -18300, 1401
10936, 1362, -18374, 1398
10945, 1359, -18479, 1394
10954, 1355, -18559, 1392
10963, 1351, -18664, 1386
10971, 1347, -18749, 1384
10980, 1344, -18841, 1381
10989, 1341, -18941, 1378
10997, 1336, -19018, 1375
11005, 1334, -19125, 1372
11014, 1331, -19205, 1370
11022, 1328, -19318, 1365
11032, 1324, -19404, 1363
11040, 1321, -19512, 1360
11050, 1317, -19604, 1356
11058, 1312, -19687, 1356
11067, 1311, -19797, 1350
11076, 1308, -19874, 1349
11085, 1305, -19972, 1344
11093, 1302, -20047, 1343
11102, 1297, -20138, 1336
11110, 1292, -20222, 1337
11118, 1291, -20298, 1332
11127, 1288, -20389, 1329
11135, 1285, -20457, 1326
11143, 1281, -20544, 1322
11151, 1278, -20617, 1321
11159, 1275, -20691, 1317
11168, 1272, -20778, 1314
11176, 1268, -20845, 1312
11185, 1265, -20942, 1307
11194, 1262, -21009, 1306
11202, 1259, -21092, 1301
11211, 1256, -21166, 1299
11220, 1251, -21237, 1296
11228, 1249, -21316, 1293
11237, 1246, -21368, 1292
11245, 1243, -21428, 1289
11254, 1241, -21499, 1286
11263, 1236, -21543, 1286
11272, 1236, -21585, 1284
11281, 1234, -21632, 1281
11290, 1231, -21686, 1277
11299, 1227, -21718, 1280
11307, 1226, -21737, 1280
11316, 1228, -21754, 1278
11324, 1227, -21777, 1277
11333, 1227, -21810, 1276
11341, 1226, -21851, 1274
11350, 1224, -21881, 1273
11358, 1223, -21900, 1272
11367, 1219, -21912, 1273
11375, 1221, -21922, 1272
11385, 1218, -21931, 1273
11394, 1221, -21944, 1270
11403, 1217, -21958, 1270
11412, 1219, -21976, 1268
11421, 1215, -21993, 1268
11429, 1216, -22012, 1266
11437, 1215, -22031, 1265
11446, 1211, -22051, 1266
11454, 1211, -22062, 1266
11463, 1213, -22069, 1264
11472, 1210, -22073, 1266
13491, 1213, -22081, 1265
13499, 1210, -22081, 1265
13507, 1212, -22088, 1263
13516, 1211, -22130, 1260
13524, 1210, -22166, 1258
13532, 1208, -22222, 1254
13540, 1205, -22278, 1252
13549, 1202, -22331, 1249
13557, 1199, -22397, 1245
13565, 1196, -22447, 1243
13573, 1192, -22513, 1239
13582, 1189, -22570, 1238
13590, 1186, -22636, 1234
13599, 1184, -22698, 1231
13607, 1181, -22750, 1228
13616, 1178, -22819, 1224
13624, 1175, -22878, 1223
13634, 1171, -22946, 1218
13643, 1169, -23000, 1217
13652, 1164, -23065, 1210
13661, 1158, -23122, 1210
13669, 1158, -23173, 1207
13678, 1155, -23233, 1203
13686, 1152, -23282, 1201
13695, 1149, -23350, 1197
13704, 1146, -23407, 1194
13713, 1142, -23467, 1189
13722, 1135, -23517, 1189
13730, 1135, -23571, 1184
13739, 1132, -23632, 1182
13747, 1129, -23685, 1180
13757, 1126, -23746, 1174
13766, 1119, -23789, 1174
13774, 1120, -23849, 1167
13782, 1112, -23897, 1169
13791, 1114, -23947, 1163
13799, 1112, -24000, 1162
13808, 1107, -24044, 1158
13816, 1105, -24104, 1156
13824, 1102, -24149, 1153
13833, 1099, -24203, 1149
13841, 1096, -24248, 1147
13850, 1093, -24294, 1143
13858, 1086, -24351, 1143
13866, 1088, -24394, 1140
13874, 1085, -24448, 1134
13883, 1082, -24490, 1133
13891, 1079, -24539, 1128
13899, 1076, -24589, 1127
13908, 1072, -24641, 1126
13917, 1069, -24697, 1120
13926, 1066, -24738, 1118
13934, 1063, -24793, 1113
13943, 1056, -24834, 1113
13951, 1057, -24884, 1108
13959, 1054, -24934, 1107
13968, 1052, -24975, 1105
13976, 1049, -25033, 1101
13985, 1046, -25073, 1098
13994, 1043, -25134, 1093
14003, 1036, -25178, 1093
14011, 1037, -25221, 1089
14020, 1033, -25270, 1086
14029, 1031, -25303, 1084
14037, 1028, -25348, 1081
14046, 1025, -25393, 1079
14054, 1023, -25423, 1078
14062, 1021, -25453, 1076
14071, 1019, -25492, 1072
14079, 1013, -25524, 1072
14088, 1012, -25543, 1072
14097, 1014, -25559, 1070
14106, 1008, -25578, 1072
14114, 1012, -25602, 1068
14123, 1011, -25631, 1066
14131, 1005, -25653, 1066
14141, 1004, -25665, 1066
14150, 1003, -25674, 1066
14159, 1007, -25681, 1064
14167, 1002, -25691, 1064
14176, 1001, -25705, 1064
14184, 1005, -25720, 1063
14193, 1004, -25737, 1062
14202, 1003, -25758, 1059
14211, 998, -25773, 1060
14219, 998, -25783, 1061
14228, 1001, -25789, 1059
14237, 996, -25793, 1060
14246, 1000, -25795, 1059
14254, 996, -25796, 1060
14264, 1000, -25798, 1058
14273, 996, -25799, 1060
14282, 996, -25800, 1060
14290, 1000, -25801, 1059
14298, 996, -25802, 1059
14307, 996, -25805, 1059
14315, 996, -25807, 1059
14324, 996, -25810, 1059
14332, 999, -25812, 1058
14340, 995, -25816, 1058
14348, 995, -25821, 1058
14356, 999, -25825, 1057
14365, 998, -25827, 1056
14374, 994, -25832, 1056
14383, 997, -25838, 1055
14392, 992, -25844, 1055
14400, 992, -25850, 1055
14409, 992, -25856, 1056
14417, 995, -25861, 1053
14426, 991, -25865, 1053
14434, 991, -25870, 1053
14443, 990, -25876, 1053
14452, 990, -25882, 1053
14461, 993, -25889, 1052
16479, 989, -25904, 1052
16488, 989, -25903, 1052
16497, 989, -25908, 1052
16505, 992, -25943, 1048
16514, 991, -25973, 1047
16523, 989, -26019, 1041
16531, 986, -26061, 1039
16541, 983, -26111, 1035
16550, 980, -26166, 1033
16560, 976, -26215, 1028
16569, 969, -26262, 1028
16577, 970, -26301, 1023
16585, 966, -26354, 1020
16593, 963, -26396, 1019
16602, 960, -26449, 1012
16611, 953, -26496, 1012
16619, 954, -26542, 1008
16628, 951, -26594, 1007
16637, 948, -26643, 1004
16646, 946, -26702, 1001
16655, 943, -26743, 998
16664, 941, -26799, 995
16672, 938, -26842, 994
16681, 935, -26893, 988
16689, 932, -26942, 987
16698, 929, -26985, 985
16706, 926, -27036, 980
16714, 923, -27076, 979
16723, 921, -27130, 974
16731, 918, -27173, 972
16741, 914, -27226, 966
16749, 906, -27276, 967
16759, 908, -27321, 964
16767, 906, -27375, 962
16776, 903, -27417, 958
16784, 900, -27473, 953
16793, 893, -27516, 953
16801, 894, -27567, 946
16809, 886, -27617, 947
16818, 888, -27667, 944
16827, 886, -27722, 940
16835, 883, -27765, 939
16844, 880, -27822, 933
16852, 872, -27868, 933
16861, 874, -27931, 929
16871, 872, -27980, 927
16880, 869, -28035, 923
16889, 866, -28088, 920
16897, 862, -28135, 918
16906, 859, -28192, 913
16914, 856, -28235, 912
16922, 853, -28297, 909
16931, 850, -28349, 907
16941, 847, -28407, 901
16950, 844, -28463, 900
16959, 841, -28512, 896
16967, 838, -28572, 893
16976, 835, -28621, 891
16985, 832, -28682, 888
16993, 829, -28735, 886
17003, 826, -28794, 881
17011, 824, -28845, 880
17019, 821, -28894, 877
17028, 818, -28952, 874
17036, 815, -28993, 872
17044, 813, -29038, 869
17053, 810, -29095, 867
17061, 804, -29131, 867
17070, 807, -29167, 865
17079, 804, -29211, 861
17087, 798, -29249, 861
17096, 797, -29273, 861
17104, 800, -29292, 860
17112, 799, -29313, 859
17120, 798, -29345, 857
17129, 797, -29383, 854
17137, 790, -29407, 854
17145, 789, -29424, 855
17154, 789, -29437, 856
17162, 793, -29448, 853
17170, 792, -29466, 851
17180, 792, -29488, 850
17189, 786, -29519, 850
17197, 789, -29544, 847
17207, 783, -29558, 848
17215, 787, -29566, 847
17224, 782, -29571, 848
17233, 786, -29575, 847
17241, 781, -29578, 848
17249, 781, -29581, 849
17258, 786, -29584, 847
17266, 786, -29587, 846
17275, 781, -29595, 847
17283, 786, -29604, 846
17291, 785, -29615, 845
17300, 784, -29630, 844
17308, 779, -29648, 844
17316, 779, -29666, 844
17325, 779, -29679, 844
17334, 783, -29689, 842
17342, 783, -29699, 841
17350, 777, -29709, 841
19369, 776, -29725, 841
19377, 776, -29725, 841
19385, 780, -29731, 839
19394, 779, -29772, 835
19402, 773, -29801, 836
19410, 772, -29808, 838
19419, 772, -29800, 838
19428, 772, -29775, 840
19436, 774, -29724, 844
19445, 776, -29679, 846
19453, 778, -29618, 850
19462, 780, -29571, 852
19470, 783, -29509, 856
19478, 786, -29445, 858
19488, 789, -29383, 863
19496, 792, -29317, 864
19506, 795, -29254, 868
19515, 799, -29185, 874
19524, 802, -29131, 874
19532, 806, -29067, 878
19541, 809, -29015, 878
19549, 812, -28955, 885
19557, 815, -28888, 885
19567, 818, -28834, 890
19576, 821, -28770, 893
19584, 824, -28719, 894
19593, 827, -28653, 901
19601, 830, -28603, 901
19610, 834, -28537, 906
19619, 836, -28475, 907
19629, 840, -28416, 912
19638, 843, -28359, 915
19646, 846, -28311, 918
19654, 849, -28249, 922
19662, 852, -28199, 922
19671, 856, -28140, 928
19680, 859, -28087, 930
19688, 862, -28026, 933
19698, 864, -27967, 935
19707, 867, -27909, 938
19716, 870, -27851, 943
19725, 873, -27804, 944
19733, 876, -27740, 949
19742, 879, -27690, 950
19751, 883, -27633, 957
19759, 886, -27585, 957
19767, 889, -27536, 961
19776, 892, -27472, 964
19785, 896, -27418, 968
19795, 899, -27355, 971
19804, 902, -27312, 973
19813, 906, -27255, 979
19821, 909, -27210, 979
19829, 913, -27158, 983
19838, 915, -27108, 985
19846, 918, -27066, 988
19854, 921, -27010, 992
19862, 924, -26965, 992
19870, 927, -26909, 999
19879, 930, -26860, 1001
19887, 933, -26812, 1004
19896, 936, -26754, 1008
19905, 940, -26705, 1008
19914, 943, -26644, 1014
19923, 945, -26591, 1014
19932, 949, -26536, 1021
19941, 955, -26490, 1020
19949, 954, -26446, 1024
19958, 957, -26393, 1028
19966, 960, -26352, 1028
19976, 962, -26322, 1031
19984, 966, -26281, 1035
19993, 968, -26243, 1035
20001, 970, -26219, 1036
20009, 971, -26194, 1036
20018, 973, -26167, 1039
20027, 974, -26129, 1042
20036, 976, -26101, 1042
20044, 977, -26083, 1043
20053, 978, -26074, 1043
20062, 979, -26065, 1044
20070, 980, -26052, 1046
20079, 981, -26036, 1047
20087, 982, -26015, 1048
20096, 983, -25989, 1049
20105, 984, -25971, 1049
20115, 985, -25961, 1049
20123, 985, -25955, 1049
20132, 986, -25951, 1049
20140, 986, -25947, 1050
20149, 986, -25943, 1050
20157, 986, -25938, 1051
20166, 987, -25931, 1051
20176, 987, -25923, 1052
20186, 992, -25914, 1051
20194, 988, -25907, 1053
20202, 989, -25900, 1053
20211, 989, -25891, 1053
20220, 989, -25883, 1053
20229, 990, -25875, 1055
20237, 994, -25866, 1054
20246, 991, -25858, 1055
20255, 991, -25850, 1056
20264, 992, -25844, 1057
20272, 993, -25838, 1058
22291, 997, -25827, 1056
22299, 993, -25827, 1056
22308, 997, -25829, 1055
22317, 996, -25846, 1054
22327, 992, -25854, 1055
22335, 992, -25850, 1056
22344, 992, -25840, 1056
22353, 993, -25806, 1062
22362, 995, -25776, 1063
22371, 998, -25731, 1068
22379, 1000, -25680, 1069
22388, 1003, -25636, 1072
22396, 1007, -25581, 1078
22404, 1011, -25541, 1079
22413, 1014, -25488, 1083
22421, 1017, -25438, 1084
22429, 1020, -25390, 1088
22437, 1023, -25335, 1092
22446, 1029, -25294, 1091
22454, 1028, -25230, 1098
22464, 1031, -25181, 1099
22472, 1035, -25123, 1105
22481, 1037, -25072, 1106
22490, 1041, -25028, 1110
22498, 1044, -24972, 1113
22507, 1048, -24926, 1116
22515, 1051, -24868, 1120
22524, 1054, -24823, 1122
22532, 1057, -24773, 1126
22540, 1061, -24715, 1128
22550, 1064, -24662, 1132
22559, 1067, -24604, 1136
22567, 1070, -24556, 1137
22576, 1074, -24500, 1142
22585, 1077, -24454, 1144
22593, 1080, -24396, 1148
22602, 1083, -24341, 1151
22611, 1087, -24291, 1155
22619, 1090, -24238, 1157
22627, 1094, -24191, 1160
22635, 1097, -24128, 1164
22644, 1100, -24079, 1165
22653, 1103, -24018, 1169
22662, 1106, -23968, 1172
22671, 1109, -23905, 1177
22680, 1112, -23847, 1179
22688, 1115, -23798, 1182
22697, 1120, -23739, 1185
22705, 1123, -23692, 1187
22713, 1126, -23629, 1194
22722, 1129, -23575, 1194
22730, 1132, -23523, 1198
22738, 1135, -23463, 1200
22746, 1138, -23415, 1202
22755, 1142, -23351, 1209
22763, 1145, -23300, 1209
22771, 1148, -23245, 1214
22779, 1151, -23184, 1215
22787, 1155, -23130, 1219
22796, 1159, -23061, 1223
22805, 1162, -23010, 1224
22813, 1165, -22948, 1230
22821, 1168, -22889, 1230
22829, 1171, -22839, 1233
22838, 1173, -22777, 1236
22846, 1176, -22731, 1236
22854, 1178, -22693, 1239
22862, 1181, -22644, 1241
22870, 1183, -22588, 1245
22879, 1188, -22551, 1244
22887, 1187, -22523, 1246
22895, 1188, -22495, 1248
22903, 1190, -22462, 1249
22911, 1191, -22422, 1252
22920, 1193, -22395, 1252
22928, 1198, -22377, 1251
22936, 1195, -22361, 1253
22945, 1197, -22346, 1253
22953, 1197, -22324, 1254
22961, 1198, -22299, 1256
22970, 1199, -22271, 1258
22978, 1201, -22241, 1259
22986, 1202, -22224, 1259
22995, 1206, -22214, 1258
23003, 1203, -22208, 1259
23011, 1206, -22203, 1258
23019, 1203, -22200, 1259
23028, 1203, -22198, 1259
23036, 1206, -22195, 1258
23044, 1203, -22192, 1260
23053, 1204, -22188, 1260
23061, 1204, -22183, 1260
23069, 1204, -22176, 1260
23077, 1205, -22168, 1261
23086, 1205, -22158, 1261
23094, 1205, -22148, 1262
23102, 1206, -22137, 1263
23110, 1207, -22126, 1264
23119, 1210, -22115, 1263
25137, 1208, -22089, 1263
25145, 1208, -22089, 1264
25154, 1211, -22094, 1263
25163, 1211, -22111, 1262
25172, 1208, -22120, 1263
25180, 1208, -22118, 1263
25188, 1207, -22108, 1263
25197, 1208, -22060, 1268
25207, 1210, -22009, 1272
25215, 1214, -21952, 1275
25224, 1217, -21881, 1278
25233, 1220, -21820, 1280
25242, 1223, -21741, 1284
25250, 1226, -21681, 1285
25258, 1231, -21604, 1294
25267, 1236, -21529, 1292
25275, 1237, -21458, 1297
25284, 1240, -21371, 1300
25293, 1245, -21294, 1302
25303, 1247, -21210, 1307
25311, 1251, -21134, 1310
25321, 1254, -21040, 1314
25330, 1259, -20958, 1317
25339, 1262, -20856, 1321
25349, 1266, -20777, 1323
25358, 1269, -20689, 1329
25367, 1274, -20607, 1330
25375, 1277, -20530, 1333
25384, 1280, -20439, 1337
25392, 1283, -20354, 1340
25401, 1286, -20255, 1344
25410, 1290, -20174, 1345
25419, 1294, -20062, 1352
25429, 1299, -19971, 1351
25438, 1302, -19855, 1359
25448, 1305, -19765, 1360
25456, 1309, -19676, 1365
25465, 1312, -19574, 1368
25473, 1317, -19491, 1369
25482, 1320, -19380, 1375
25490, 1323, -19289, 1377
25499, 1328, -19187, 1382
25507, 1331, -19096, 1382
25515, 1334, -19005, 1386
25524, 1337, -18893, 1388
25533, 1340, -18803, 1392
25542, 1343, -18697, 1397
25550, 1347, -18617, 1398
25559, 1350, -18511, 1403
25568, 1354, -18422, 1406
25576, 1358, -18334, 1409
25585, 1361, -18234, 1411
25593, 1365, -18157, 1416
25601, 1369, -18058, 1418
25609, 1371, -17970, 1420
25619, 1375, -17879, 1426
25627, 1379, -17795, 1429
25635, 1383, -17715, 1432
25644, 1386, -17624, 1435
25652, 1390, -17558, 1436
25661, 1393, -17484, 1439
25670, 1395, -17404, 1442
25678, 1398, -17351, 1443
25687, 1400, -17309, 1445
25695, 1403, -17257, 1447
25703, 1405, -17192, 1451
25712, 1409, -17141, 1449
25721, 1408, -17109, 1449
25731, 1409, -17084, 1450
25740, 1410, -17056, 1453
25749, 1411, -17024, 1454
25758, 1412, -16979, 1458
25767, 1416, -16944, 1457
25775, 1416, -16921, 1458
25784, 1417, -16909, 1458
25793, 1419, -16898, 1457
25802, 1417, -16890, 1457
25810, 1417, -16881, 1458
25818, 1417, -16869, 1459
25826, 1418, -16855, 1459
25835, 1418, -16839, 1461
25843, 1420, -16821, 1461
25851, 1421, -16804, 1463
25859, 1422, -16787, 1463
25868, 1423, -16771, 1463
25876, 1423, -16758, 1464
25884, 1424, -16745, 1464
25893, 1424, -16733, 1465
25902, 1425, -16722, 1465
25910, 1427, -16717, 1464
25919, 1425, -16714, 1465
25927, 1425, -16712, 1465
25936, 1427, -16711, 1464
25945, 1425, -16710, 1466
25954, 1427, -16710, 1464
25963, 1426, -16709, 1466
27986, 1428, -16705, 1465
27994, 1428, -16705, 1464
28002, 1425, -16711, 1465
28011, 1426, -16727, 1465
28020, 1427, -16738, 1464
28029, 1425, -16735, 1465
28037, 1426, -16723, 1466
28046, 1427, -16675, 1471
28055, 1428, -16609, 1473
28064, 1431, -16550, 1476
28072, 1434, -16467, 1481
28081, 1438, -16401, 1483
28090, 1442, -16318, 1487
28098, 1445, -16249, 1489
28107, 1448, -16164, 1493
28116, 1451, -16092, 1495
28124, 1455, -16024, 1500
28133, 1458, -15941, 1502
28141, 1462, -15874, 1506
28150, 1465, -15794, 1510
28158, 1469, -15728, 1512
28167, 1473, -15639, 1518
28176, 1476, -15572, 1518
28184, 1480, -15503, 1523
28193, 1483, -15422, 1526
28202, 1486, -15355, 1528
28210, 1489, -15277, 1533
28219, 1494, -15214, 1535
28228, 1497, -15136, 1542
28236, 1505, -15070, 1541
28244, 1504, -15006, 1546
28252, 1508, -14928, 1548
28261, 1511, -14864, 1550
28270, 1514, -14785, 1556
28278, 1517, -14726, 1556
28287, 1521, -14650, 1563
28295, 1524, -14582, 1564
28304, 1528, -14523, 1567
28312, 1531, -14448, 1570
28320, 1535, -14387, 1573
28329, 1538, -14304, 1578
28338, 1541, -14245, 1579
28346, 1546, -14175, 1585
28355, 1549, -14105, 1585
28363, 1553, -14045, 1590
28371, 1556, -13971, 1594
28380, 1559, -13908, 1595
28389, 1563, -13828, 1602
28398, 1567, -13760, 1602
28407, 1571, -13684, 1609
28416, 1574, -13617, 1610
28425, 1579, -13536, 1614
28435, 1582, -13472, 1616
28443, 1586, -13411, 1619
28452, 1589, -13335, 1623
28460, 1592, -13278, 1626
28468, 1596, -13207, 1631
28477, 1599, -13148, 1632
28485, 1603, -13088, 1637
28493, 1607, -13019, 1639
28502, 1609, -12971, 1640
28510, 1613, -12928, 1643
28518, 1615, -12871, 1645
28527, 1618, -12821, 1648
28535, 1620, -12788, 1648
28543, 1622, -12759, 1649
28552, 1624, -12726, 1651
28560, 1626, -12688, 1654
28568, 1627, -12652, 1654
28576, 1628, -12630, 1654
28585, 1629, -12615, 1655
28593, 1630, -12603, 1656
28602, 1631, -12589, 1656
28610, 1631, -12572, 1658
28619, 1632, -12547, 1658
28629, 1633, -12519, 1660
28637, 1634, -12492, 1662
28645, 1641, -12471, 1660
28653, 1637, -12458, 1662
28662, 1638, -12449, 1663
28671, 1643, -12444, 1662
