4325, 2077, 0, 2077
4334, 2078, 0, 2079
4342, 2078, -4, 2078
4350, 2077, -21, 2077
4359, 2078, -37, 2080
4367, 2077, -74, 2074
4375, 2076, -118, 2074
4383, 2075, -166, 2070
4392, 2073, -247, 2069
4400, 2071, -309, 2068
4408, 2068, -398, 2063
4417, 2066, -474, 2063
4425, 2064, -550, 2058
4433, 2061, -650, 2056
4441, 2059, -725, 2055
4449, 2056, -834, 2050
4458, 2054, -924, 2051
4466, 2051, -1027, 2045
4475, 2048, -1134, 2043
4483, 2046, -1230, 2041
4491, 2043, -1360, 2037
4499, 2040, -1458, 2036
4508, 2037, -1590, 2031
4516, 2035, -1709, 2030
4525, 2031, -1821, 2025
4533, 2028, -1959, 2021
4541, 2025, -2066, 2021
4549, 2022, -2210, 2017
4558, 2019, -2327, 2015
4566, 2016, -2460, 2008
4574, 2013, -2596, 2007
4583, 2010, -2710, 2005
4591, 2007, -2863, 2000
4599, 2004, -2975, 2000
4607, 2001, -3113, 1997
4615, 1999, -3239, 1996
4623, 1996, -3353, 1990
4632, 1994, -3494, 1987
4640, 1991, -3599, 1986
4648, 1988, -3738, 1981
4656, 1985, -3852, 1981
4665, 1982, -3968, 1977
4673, 1980, -4098, 1975
4681, 1977, -4206, 1971
4690, 1974, -4338, 1966
4698, 1971, -4444, 1967
4706, 1968, -4562, 1961
4714, 1965, -4681, 1960
4722, 1962, -4780, 1956
4731, 1959, -4909, 1953
4739, 1956, -5008, 1951
4747, 1953, -5125, 1946
4756, 1950, -5231, 1945
4764, 1947, -5328, 1942
4772, 1944, -5444, 1939
4780, 1941, -5534, 1936
4789, 1938, -5647, 1931
4797, 1936, -5740, 1932
4805, 1933, -5834, 1928
4813, 1930, -5940, 1926
4822, 1927, -6025, 1922
4830, 1925, -6130, 1918
4838, 1922, -6213, 1917
4847, 1919, -6313, 1913
4855, 1916, -6399, 1912
4863, 1913, -6483, 1908
4872, 1910, -6583, 1903
4880, 1907, -6658, 1903
4889, 1904, -6760, 1898
4897, 1901, -6841, 1897
4906, 1898, -6930, 1891
4914, 1895, -7026, 1890
4923, 1892, -7104, 1888
4931, 1890, -7201, 1885
4939, 1887, -7277, 1881
4948, 1884, -7371, 1877
4956, 1881, -7448, 1876
4964, 1878, -7527, 1872
4973, 1875, -7617, 1870
4981, 1872, -7686, 1868
4989, 1869, -7779, 1862
4998, 1866, -7850, 1862
5006, 1863, -7928, 1857
5014, 1861, -8012, 1856
5023, 1854, -8083, 1853
5031, 1851, -8170, 1849
5040, 1848, -8234, 1848
5048, 1845, -8319, 1843
5056, 1838, -8393, 1843
5065, 1840, -8463, 1838
5073, 1837, -8545, 1836
5081, 1834, -8611, 1834
5090, 1832, -8694, 1829
5098, 1828, -8759, 1827
5107, 1824, -8838, 1822
5115, 1815, -8908, 1822
5123, 1818, -8973, 1817
5132, 1815, -9057, 1814
5140, 1812, -9119, 1813
5148, 1809, -9198, 1806
5157, 1799, -9262, 1807
5165, 1802, -9332, 1803
5173, 1800, -9408, 1801
5182, 1797, -9466, 1798
5190, 1794, -9544, 1793
5198, 1784, -9603, 1793
5207, 1788, -9679, 1787
5215, 1784, -9744, 1786
5224, 1781, -9804, 1784
5232, 1778, -9879, 1779
5241, 1769, -9936, 1779
5249, 1772, -10009, 1773
5257, 1770, -10068, 1772
5265, 1766, -10134, 1767
5273, 1763, -10204, 1765
5282, 1760, -10257, 1763
5290, 1756, -10333, 1759
5298, 1753, -10391, 1758
5307, 1750, -10462, 1751
5316, 1740, -10525, 1752
5324, 1743, -10587, 1747
5333, 1740, -10659, 1745
5341, 1737, -10715, 1744
5350, 1735, -10788, 1738
5358, 1725, -10841, 1738
5367, 1728, -10907, 1731
5375, 1718, -10967, 1731
5383, 1721, -11019, 1728
5392, 1718, -11091, 1724
5400, 1715, -11146, 1723
5408, 1712, -11218, 1716
5417, 1702, -11274, 1717
5425, 1705, -11335, 1711
5434, 1696, -11403, 1712
5442, 1699, -11460, 1707
5451, 1696, -11530, 1705
5459, 1693, -11580, 1701
5467, 1690, -11647, 1696
5476, 1681, -11708, 1697
5484, 1683, -11756, 1695
5493, 1680, -11814, 1688
5501, 1672, -11864, 1690
5509, 1676, -11900, 1689
5518, 1674, -11938, 1686
5526, 1671, -11989, 1682
5535, 1665, -12028, 1683
5543, 1668, -12053, 1682
5552, 1666, -12073, 1681
5560, 1665, -12102, 1677
5569, 1663, -12145, 1673
5578, 1655, -12179, 1675
5586, 1654, -12199, 1676
5594, 1653, -12212, 1676
5602, 1658, -12221, 1675
5611, 1653, -12228, 1677
5619, 1658, -12235, 1675
5627, 1658, -12244, 1673
5636, 1652, -12262, 1673
5644, 1656, -12285, 1671
5652, 1655, -12305, 1668
5661, 1647, -12328, 1668
5669, 1652, -12343, 1666
5677, 1645, -12352, 1669
7695, 1650, -12371, 1668
7704, 1645, -12371, 1669
7712, 1651, -12375, 1668
7720, 1650, -12412, 1662
7728, 1642, -12445, 1662
7737, 1645, -12499, 1656
7745, 1642, -12554, 1655
7753, 1638, -12603, 1652
7762, 1636, -12667, 1650
7770, 1633, -12717, 1648
7778, 1630, -12784, 1640
7786, 1622, -12838, 1641
7794, 1623, -12895, 1638
7803, 1620, -12961, 1635
7811, 1617, -13013, 1633
7819, 1613, -13081, 1626
7827, 1606, -13133, 1628
7836, 1607, -13198, 1621
7844, 1598, -13263, 1621
7852, 1600, -13318, 1618
7861, 1598, -13387, 1614
7869, 1595, -13439, 1613
7878, 1592, -13509, 1606
7886, 1588, -13569, 1604
7894, 1584, -13626, 1602
7903, 1581, -13694, 1598
7911, 1577, -13750, 1597
7920, 1574, -13822, 1591
7928, 1565, -13876, 1591
7937, 1567, -13945, 1584
7945, 1559, -14006, 1584
7954, 1561, -14066, 1582
7962, 1558, -14137, 1577
7971, 1554, -14189, 1575
7979, 1551, -14265, 1571
7987, 1543, -14321, 1572
7996, 1545, -14385, 1565
8004, 1542, -14449, 1562
8013, 1538, -14507, 1559
8021, 1535, -14582, 1557
8030, 1531, -14637, 1554
8038, 1528, -14707, 1549
8046, 1520, -14769, 1549
8055, 1521, -14833, 1545
8064, 1518, -14902, 1542
8072, 1515, -14959, 1538
8081, 1511, -15036, 1535
8089, 1508, -15092, 1532
8098, 1505, -15165, 1528
8106, 1497, -15224, 1528
8115, 1498, -15292, 1522
8124, 1495, -15369, 1520
8132, 1491, -15427, 1519
8141, 1488, -15506, 1514
8149, 1485, -15566, 1513
8157, 1482, -15640, 1507
8166, 1478, -15703, 1506
8174, 1475, -15765, 1502
8182, 1472, -15842, 1499
8191, 1468, -15900, 1498
8199, 1465, -15967, 1492
8208, 1459, -16029, 1492
8216, 1457, -16071, 1492
8224, 1458, -16115, 1488
8232, 1454, -16173, 1484
8241, 1450, -16221, 1485
8249, 1451, -16251, 1484
8257, 1449, -16276, 1483
8266, 1448, -16308, 1482
8274, 1447, -16353, 1479
8283, 1445, -16396, 1478
8291, 1443, -16421, 1476
8299, 1440, -16438, 1478
8308, 1441, -16451, 1477
8316, 1441, -16465, 1476
8324, 1438, -16484, 1476
8333, 1440, -16506, 1473
8341, 1437, -16529, 1474
8349, 1438, -16556, 1472
8357, 1434, -16584, 1472
8366, 1436, -16600, 1471
8374, 1433, -16610, 1471
8382, 1432, -16616, 1471
8390, 1432, -16620, 1471
8399, 1432, -16623, 1471
8407, 1432, -16626, 1471
8415, 1432, -16627, 1471
8424, 1433, -16629, 1470
8432, 1431, -16630, 1471
8440, 1431, -16631, 1471
8449, 1431, -16633, 1471
8457, 1431, -16634, 1471
8465, 1433, -16637, 1470
8474, 1431, -16640, 1471
8482, 1433, -16645, 1470
8490, 1431, -16650, 1470
8499, 1431, -16655, 1470
8507, 1433, -16660, 1469
8515, 1432, -16667, 1468
8523, 1430, -16677, 1468
8532, 1429, -16688, 1468
8541, 1431, -16697, 1467
8549, 1428, -16704, 1467
10567, 1428, -16717, 1468
10575, 1428, -16717, 1468
10584, 1430, -16725, 1465
10592, 1428, -16772, 1461
10600, 1427, -16812, 1460
10608, 1424, -16878, 1454
10617, 1418, -16946, 1454
10625, 1418, -17007, 1451
10634, 1415, -17092, 1448
10642, 1412, -17155, 1446
10650, 1409, -17239, 1440
10659, 1405, -17307, 1439
10667, 1402, -17381, 1435
10675, 1399, -17463, 1431
10683, 1395, -17528, 1430
10692, 1392, -17620, 1425
10700, 1387, -17688, 1425
10708, 1385, -17771, 1418
10716, 1381, -17853, 1419
10725, 1379, -17925, 1417
10733, 1377, -18015, 1411
10742, 1374, -18086, 1410
10750, 1371, -18179, 1404
10758, 1365, -18258, 1404
10767, 1363, -18341, 1399
10775, 1359, -18432, 1399
10783, 1357, -18508, 1395
10792, 1354, -18610, 1390
10801, 1351, -18689, 1389
10809, 1348, -18785, 1383
10817, 1342, -18873, 1383
10826, 1341, -18961, 1378
10835, 1337, -19058, 1376
10843, 1334, -19134, 1374
10851, 1332, -19237, 1369
10859, 1329, -19318, 1368
10868, 1324, -19413, 1362
10876, 1320, -19505, 1362
10884, 1319, -19585, 1359
10893, 1316, -19685, 1354
10901, 1313, -19764, 1353
10910, 1309, -19864, 1347
10918, 1304, -19945, 1348
10927, 1302, -20031, 1342
10935, 1299, -20119, 1341
10944, 1296, -20192, 1339
10952, 1293, -20286, 1334
10960, 1290, -20359, 1332
10969, 1287, -20448, 1326
10978, 1281, -20527, 1326
10986, 1280, -20601, 1323
10994, 1277, -20687, 1319
11002, 1274, -20752, 1318
11010, 1271, -20839, 1313
11019, 1268, -20908, 1312
11027, 1264, -20988, 1306
11036, 1260, -21064, 1306
11044, 1259, -21129, 1303
11053, 1256, -21215, 1299
11061, 1253, -21275, 1298
11069, 1250, -21340, 1294
11078, 1247, -21411, 1291
11087, 1241, -21458, 1291
11095, 1242, -21504, 1289
11103, 1239, -21563, 1284
11112, 1235, -21612, 1285
11120, 1233, -21642, 1285
11128, 1234, -21669, 1284
11137, 1233, -21700, 1282
11145, 1232, -21741, 1279
11154, 1230, -21781, 1278
11162, 1226, -21805, 1278
11170, 1225, -21821, 1278
11179, 1224, -21834, 1278
11187, 1226, -21849, 1277
11195, 1226, -21867, 1275
11203, 1225, -21890, 1274
11211, 1224, -21920, 1271
11220, 1219, -21951, 1271
11228, 1221, -21971, 1270
11237, 1217, -21983, 1270
11246, 1216, -21990, 1270
11254, 1216, -21994, 1273
11263, 1219, -21998, 1271
11271, 1217, -21999, 1271
11279, 1220, -22001, 1270
11288, 1217, -22003, 1270
11296, 1219, -22006, 1269
11305, 1216, -22011, 1270
11313, 1215, -22016, 1270
11322, 1218, -22022, 1268
11330, 1215, -22027, 1270
11339, 1218, -22033, 1268
11348, 1214, -22041, 1268
11356, 1214, -22049, 1268
11364, 1214, -22057, 1268
11373, 1215, -22064, 1267
11381, 1212, -22070, 1267
13400, 1212, -22083, 1267
13408, 1212, -22082, 1267
13417, 1214, -22090, 1266
13425, 1213, -22134, 1261
13433, 1212, -22171, 1260
13441, 1209, -22226, 1255
13449, 1207, -22281, 1254
13458, 1204, -22333, 1252
13466, 1201, -22400, 1246
13474, 1194, -22454, 1246
13483, 1195, -22520, 1241
13491, 1191, -22576, 1239
13499, 1188, -22635, 1235
13508, 1185, -22698, 1232
13516, 1182, -22748, 1231
13524, 1180, -22815, 1228
13532, 1177, -22867, 1227
13541, 1174, -22925, 1220
13549, 1168, -22982, 1220
13557, 1169, -23031, 1217
13565, 1165, -23096, 1213
13573, 1162, -23145, 1211
13582, 1159, -23204, 1206
13590, 1156, -23255, 1205
13598, 1153, -23304, 1201
13607, 1150, -23367, 1199
13615, 1147, -23415, 1197
13623, 1144, -23474, 1191
13631, 1136, -23522, 1191
13640, 1138, -23573, 1187
13648, 1135, -23632, 1185
13656, 1132, -23678, 1182
13664, 1129, -23736, 1178
13673, 1126, -23781, 1177
13681, 1123, -23835, 1171
13689, 1115, -23887, 1171
13697, 1117, -23933, 1167
13705, 1115, -23989, 1164
13714, 1112, -24032, 1163
13722, 1109, -24086, 1157
13730, 1101, -24134, 1157
13738, 1103, -24181, 1155
13747, 1100, -24235, 1150
13755, 1097, -24275, 1148
13763, 1094, -24331, 1143
13772, 1091, -24378, 1142
13781, 1088, -24432, 1139
13789, 1085, -24483, 1137
13798, 1082, -24528, 1133
13806, 1080, -24582, 1130
13814, 1077, -24621, 1129
13823, 1073, -24676, 1123
13831, 1066, -24722, 1123
13839, 1067, -24767, 1118
13847, 1064, -24819, 1116
13856, 1061, -24860, 1114
13864, 1059, -24917, 1109
13873, 1051, -24960, 1109
13881, 1053, -25011, 1103
13890, 1050, -25056, 1102
13898, 1047, -25098, 1098
13907, 1044, -25153, 1095
13915, 1041, -25193, 1094
13923, 1038, -25243, 1088
13931, 1030, -25283, 1088
13940, 1032, -25316, 1087
13948, 1029, -25360, 1082
13957, 1023, -25399, 1082
13965, 1022, -25425, 1082
13973, 1024, -25453, 1080
13982, 1022, -25492, 1076
13990, 1017, -25525, 1076
13999, 1019, -25545, 1075
14007, 1018, -25562, 1073
14015, 1016, -25582, 1072
14023, 1015, -25612, 1069
14032, 1013, -25638, 1068
14040, 1007, -25654, 1068
14048, 1006, -25664, 1068
14057, 1005, -25672, 1068
14065, 1009, -25680, 1067
14073, 1004, -25690, 1067
14081, 1009, -25705, 1065
14090, 1008, -25723, 1063
14098, 1002, -25748, 1063
14107, 1005, -25769, 1062
14115, 1000, -25782, 1062
14124, 1003, -25791, 1061
14132, 998, -25795, 1061
14141, 998, -25799, 1062
14149, 998, -25801, 1062
14157, 1002, -25803, 1061
14166, 998, -25804, 1061
14174, 998, -25805, 1063
14182, 1002, -25806, 1061
14191, 998, -25807, 1062
14199, 1002, -25808, 1060
14207, 1002, -25811, 1059
14215, 997, -25815, 1060
14223, 1001, -25820, 1059
14231, 996, -25824, 1059
14240, 1000, -25830, 1058
14248, 996, -25834, 1059
14256, 995, -25839, 1059
16274, 999, -25849, 1057
16282, 995, -25849, 1058
16291, 999, -25855, 1057
16299, 997, -25885, 1053
16307, 996, -25910, 1051
16315, 994, -25954, 1047
16323, 991, -25998, 1045
16331, 988, -26036, 1042
16340, 985, -26086, 1039
16348, 983, -26124, 1037
16356, 979, -26174, 1031
16365, 973, -26221, 1032
16373, 974, -26264, 1028
16381, 971, -26314, 1026
16389, 968, -26352, 1025
16397, 966, -26405, 1020
16406, 963, -26447, 1018
16414, 960, -26495, 1014
16422, 957, -26545, 1012
16431, 954, -26586, 1009
16439, 951, -26639, 1006
16447, 949, -26678, 1005
16455, 946, -26729, 1000
16464, 943, -26777, 998
16472, 941, -26819, 996
16480, 938, -26872, 991
16488, 931, -26911, 991
16496, 932, -26963, 986
16505, 929, -27010, 984
16513, 926, -27056, 982
16522, 924, -27106, 978
16530, 921, -27145, 976
16539, 918, -27200, 973
16547, 916, -27240, 971
16555, 912, -27290, 965
16564, 905, -27333, 966
16572, 907, -27374, 962
16580, 904, -27431, 959
16589, 901, -27476, 956
16598, 898, -27535, 951
16607, 890, -27578, 951
16615, 892, -27630, 947
16623, 890, -27679, 945
16632, 887, -27722, 943
16640, 885, -27779, 940
16648, 882, -27821, 937
16656, 879, -27878, 932
16665, 872, -27924, 933
16673, 873, -27971, 927
16681, 871, -28027, 926
16690, 868, -28070, 923
16698, 865, -28130, 919
16707, 857, -28174, 919
16715, 859, -28227, 915
16724, 856, -28279, 912
16732, 853, -28326, 909
16741, 851, -28386, 906
16749, 848, -28432, 905
16758, 845, -28490, 898
16766, 842, -28537, 897
16774, 839, -28591, 894
16783, 836, -28647, 893
16791, 833, -28693, 890
16799, 831, -28753, 886
16808, 828, -28799, 883
16817, 825, -28861, 879
16825, 818, -28912, 879
16833, 819, -28956, 876
16841, 817, -29012, 874
16850, 815, -29054, 872
16859, 813, -29090, 869
16867, 810, -29144, 866
16876, 804, -29186, 866
16884, 806, -29213, 865
16893, 804, -29241, 863
16901, 803, -29277, 861
16909, 801, -29316, 859
16918, 795, -29341, 860
16926, 799, -29358, 858
16934, 798, -29373, 857
16943, 797, -29395, 856
16952, 796, -29428, 854
16960, 789, -29464, 854
16969, 793, -29485, 853
16977, 792, -29498, 852
16986, 787, -29507, 853
16994, 787, -29515, 853
17002, 786, -29522, 853
17011, 791, -29530, 852
17020, 786, -29540, 852
17028, 791, -29554, 850
17037, 790, -29571, 848
17046, 788, -29595, 846
17054, 782, -29617, 847
17063, 781, -29630, 847
17072, 785, -29638, 845
17080, 780, -29642, 847
17089, 780, -29645, 847
17098, 785, -29647, 846
17106, 780, -29647, 846
17114, 780, -29648, 847
17123, 785, -29649, 845
17131, 780, -29650, 846
17140, 780, -29650, 846
17148, 780, -29650, 846
17156, 784, -29651, 845
17165, 779, -29651, 846
19183, 779, -29653, 846
19192, 779, -29653, 846
19201, 784, -29663, 844
19209, 783, -29706, 841
19217, 783, -29742, 839
19225, 780, -29796, 833
19234, 773, -29846, 834
19242, 775, -29902, 829
19251, 772, -29968, 828
19260, 769, -30020, 825
19268, 767, -30091, 822
19277, 764, -30146, 819
19285, 761, -30214, 814
19294, 754, -30271, 815
19302, 755, -30327, 809
19310, 753, -30399, 808
19319, 750, -30455, 804
19327, 747, -30528, 801
19336, 744, -30584, 799
19344, 741, -30654, 795
19353, 734, -30721, 795
19361, 736, -30779, 791
19369, 733, -30855, 788
19378, 731, -30916, 786
19386, 728, -30993, 782
19394, 725, -31054, 781
19403, 722, -31120, 776
19411, 719, -31198, 774
19420, 718, -31262, 772
19428, 715, -31342, 769
19437, 712, -31405, 768
19445, 710, -31485, 763
19454, 707, -31553, 761
19462, 705, -31620, 759
19470, 702, -31705, 755
19478, 699, -31771, 753
19487, 696, -31861, 749
19495, 693, -31932, 747
19504, 690, -32014, 743
19513, 683, -32092, 743
19521, 685, -32166, 739
19530, 682, -32261, 735
19538, 679, -32330, 734
19547, 676, -32427, 728
19555, 670, -32505, 729
19564, 671, -32592, 723
19572, 664, -32685, 724
19580, 666, -32761, 719
19589, 664, -32862, 717
19597, 661, -32943, 715
19606, 658, -33048, 708
19615, 650, -33133, 708
19623, 652, -33224, 706
19631, 650, -33324, 703
19640, 647, -33409, 701
19648, 645, -33522, 697
19657, 642, -33606, 696
19665, 639, -33714, 690
19673, 631, -33811, 690
19681, 634, -33903, 686
19690, 632, -34020, 684
19698, 629, -34107, 682
19706, 626, -34226, 677
19714, 624, -34325, 676
19722, 621, -34430, 674
19731, 618, -34552, 670
19739, 616, -34647, 668
19747, 613, -34779, 664
19755, 606, -34882, 664
19764, 608, -34997, 660
19772, 605, -35124, 658
19780, 603, -35217, 656
19788, 601, -35331, 651
19797, 593, -35447, 651
19805, 597, -35527, 650
19813, 595, -35611, 647
19821, 593, -35730, 646
19830, 591, -35810, 645
19838, 590, -35871, 642
19846, 588, -35946, 641
19855, 586, -36046, 638
19863, 584, -36117, 637
19871, 578, -36162, 639
19879, 582, -36201, 638
19888, 581, -36245, 636
19896, 580, -36308, 634
19904, 579, -36383, 631
19912, 573, -36433, 632
19921, 572, -36466, 632
19929, 571, -36486, 633
19937, 571, -36501, 633
19945, 576, -36514, 632
19953, 571, -36530, 632
19962, 576, -36555, 630
19970, 575, -36588, 628
19978, 573, -36635, 626
19986, 572, -36691, 625
19995, 565, -36729, 625
20003, 565, -36752, 626
20011, 564, -36767, 626
20019, 569, -36776, 625
20027, 564, -36782, 625
20036, 564, -36785, 625
20044, 564, -36788, 626
20052, 569, -36790, 625
20060, 564, -36792, 626
20069, 569, -36793, 625
20077, 564, -36794, 625
20085, 564, -36796, 625
20093, 564, -36798, 626
20102, 564, -36799, 628
20110, 570, -36801, 626
20118, 570, -36804, 625
20126, 565, -36811, 625
20134, 564, -36822, 625
20143, 569, -36833, 624
20151, 568, -36844, 623
20159, 563, -36860, 625
20167, 568, -36878, 624
20176, 563, -36892, 624
20184, 568, -36908, 621
20192, 562, -36925, 621
22210, 561, -36969, 621
22219, 566, -36968, 620
22228, 565, -36984, 619
22236, 564, -37064, 615
22245, 557, -37129, 616
22253, 561, -37238, 611
22262, 559, -37329, 609
22270, 556, -37428, 605
22278, 553, -37541, 603
22287, 550, -37631, 599
22295, 547, -37756, 597
22304, 539, -37847, 597
22312, 542, -37958, 591
22321, 539, -38058, 589
22329, 538, -38149, 586
22337, 535, -38263, 583
22346, 532, -38351, 581
22354, 529, -38461, 577
22362, 526, -38547, 576
22371, 523, -38642, 571
22379, 515, -38745, 571
22388, 518, -38832, 569
22396, 516, -38938, 564
22405, 507, -39019, 564
22413, 511, -39119, 557
22422, 502, -39207, 558
22430, 505, -39292, 553
22438, 503, -39389, 551
22447, 500, -39469, 548
22456, 498, -39570, 545
22464, 495, -39643, 544
22473, 492, -39742, 538
22481, 483, -39826, 538
22490, 486, -39910, 534
22499, 484, -40005, 533
22507, 481, -40082, 530
22516, 479, -40176, 525
22525, 470, -40251, 525
22533, 474, -40343, 520
22542, 471, -40420, 519
22551, 468, -40502, 514
22559, 466, -40585, 512
22567, 463, -40652, 511
22575, 460, -40743, 507
22584, 458, -40812, 506
22592, 455, -40894, 501
22600, 453, -40972, 500
22609, 451, -41047, 496
22617, 448, -41131, 493
22626, 445, -41195, 491
22634, 442, -41282, 488
22643, 440, -41349, 487
22651, 438, -41423, 482
22659, 435, -41501, 481
22668, 433, -41567, 479
22676, 430, -41650, 474
22685, 427, -41711, 472
22693, 425, -41795, 469
22702, 415, -41866, 469
22710, 419, -41937, 463
22719, 418, -42011, 462
22727, 415, -42074, 458
22735, 412, -42155, 456
22744, 409, -42220, 453
22752, 406, -42296, 449
22761, 403, -42367, 448
22770, 401, -42433, 445
22778, 399, -42508, 442
22787, 396, -42570, 440
22795, 394, -42650, 437
22803, 392, -42707, 436
22812, 389, -42773, 432
22820, 387, -42848, 430
22829, 384, -42902, 428
22838, 382, -42970, 424
22846, 379, -43023, 422
22855, 370, -43058, 422
22863, 375, -43102, 421
22871, 373, -43159, 418
22880, 365, -43202, 418
22888, 372, -43230, 417
22897, 370, -43256, 415
22906, 369, -43291, 414
22914, 367, -43337, 409
22923, 359, -43370, 411
22931, 358, -43391, 412
22940, 357, -43407, 412
22948, 363, -43420, 409
22957, 356, -43438, 409
22965, 356, -43460, 409
22973, 362, -43482, 407
22982, 360, -43510, 405
22990, 353, -43531, 406
22998, 352, -43542, 406
23007, 358, -43548, 405
23015, 351, -43553, 405
23024, 351, -43556, 406
23033, 358, -43558, 404
23041, 350, -43561, 404
23050, 350, -43566, 405
23058, 357, -43570, 403
23067, 349, -43576, 403
23075, 349, -43585, 404
23084, 356, -43593, 403
23093, 349, -43603, 403
23101, 355, -43617, 401
23110, 355, -43633, 400
23118, 355, -43658, 399
23127, 346, -43684, 399
25145, 353, -43724, 398
25153, 345, -43724, 399
25162, 351, -43732, 397
25171, 350, -43770, 393
25179, 349, -43804, 392
25188, 347, -43871, 386
25196, 337, -43926, 386
25205, 341, -43986, 381
25213, 339, -44051, 380
25221, 336, -44103, 378
25229, 334, -44178, 375
25238, 332, -44234, 373
25246, 329, -44301, 368
25254, 319, -44366, 368
25262, 324, -44423, 364
25271, 322, -44495, 362
25279, 319, -44549, 360
25287, 318, -44619, 356
25296, 307, -44682, 356
25304, 312, -44743, 350
25312, 310, -44809, 349
25321, 307, -44861, 346
25329, 304, -44935, 342
25337, 293, -44993, 342
25345, 299, -45056, 337
25354, 296, -45121, 336
25362, 294, -45177, 334
25370, 292, -45250, 330
25378, 290, -45304, 329
25387, 287, -45371, 323
25395, 284, -45435, 322
25403, 281, -45495, 319
25412, 279, -45563, 317
25420, 276, -45614, 315
25428, 274, -45689, 311
25437, 272, -45746, 310
25445, 270, -45807, 307
25453, 267, -45875, 305
25462, 265, -45933, 303
25470, 262, -46011, 299
25479, 260, -46067, 297
25487, 257, -46137, 292
25495, 247, -46198, 293
25503, 252, -46258, 288
25512, 250, -46330, 286
25520, 247, -46383, 282
25528, 244, -46457, 279
25537, 234, -46516, 279
25545, 239, -46580, 275
25553, 237, -46646, 272
25561, 235, -46703, 270
25570, 232, -46778, 266
25578, 229, -46834, 265
25586, 226, -46902, 261
25594, 224, -46969, 260
25603, 222, -47029, 258
25611, 220, -47103, 254
25619, 218, -47157, 253
25627, 215, -47231, 247
25636, 204, -47295, 247
25644, 210, -47357, 244
25652, 208, -47429, 240
25660, 197, -47487, 240
25669, 203, -47564, 234
25677, 192, -47624, 234
25685, 197, -47690, 230
25694, 188, -47764, 230
25702, 193, -47823, 226
25710, 191, -47900, 221
25719, 180, -47958, 222
25727, 186, -48035, 217
25735, 183, -48102, 215
25744, 181, -48166, 211
25752, 178, -48245, 208
25760, 167, -48305, 208
25768, 173, -48378, 204
25776, 170, -48439, 203
25785, 169, -48488, 202
25793, 167, -48559, 198
25801, 158, -48618, 198
25809, 163, -48659, 197
25818, 162, -48705, 194
25826, 160, -48769, 191
25834, 151, -48813, 192
25842, 157, -48847, 190
25851, 156, -48886, 188
25859, 154, -48939, 186
25868, 145, -48978, 186
25876, 144, -49004, 186
25884, 143, -49023, 186
25892, 151, -49042, 185
25901, 151, -49070, 184
25909, 150, -49117, 180
25917, 141, -49158, 180
25925, 147, -49182, 179
25934, 138, -49197, 179
25942, 137, -49209, 179
25950, 137, -49219, 180
25959, 145, -49230, 179
25967, 145, -49245, 178
25975, 144, -49272, 176
25983, 143, -49315, 173
25992, 134, -49346, 174
26000, 133, -49365, 174
26008, 141, -49377, 173
26016, 131, -49384, 174
26025, 140, -49390, 173
26033, 131, -49394, 174
26041, 140, -49397, 173
26049, 131, -49401, 174
26057, 140, -49406, 173
26066, 140, -49413, 172
26074, 139, -49425, 171
26082, 131, -49442, 172
26091, 138, -49461, 169
26099, 129, -49477, 169
28117, 129, -49522, 169
28125, 128, -49522, 169
28134, 135, -49531, 166
28142, 134, -49586, 165
28150, 133, -49631, 162
28158, 132, -49699, 158
28167, 121, -49765, 159
28175, 127, -49831, 154
28183, 124, -49913, 150
28191, 114, -49977, 150
28200, 119, -50065, 146
28208, 117, -50141, 145
28217, 115, -50217, 141
28225, 113, -50305, 139
28233, 110, -50374, 138
28241, 108, -50465, 131
28250, 97, -50535, 132
28258, 103, -50622, 128
28266, 93, -50703, 128
28275, 98, -50777, 123
28283, 96, -50878, 121
28291, 93, -50949, 118
28300, 91, -51046, 114
28308, 88, -51129, 113
28316, 86, -51211, 110
28324, 83, -51309, 109
28333, 81, -51387, 106
28341, 80, -51488, 102
28349, 68, -51569, 102
28357, 75, -51661, 96
28366, 72, -51755, 95
28374, 69, -51835, 94
28382, 67, -51939, 90
28390, 65, -52017, 89
28399, 63, -52121, 83
28407, 53, -52211, 84
28415, 58, -52298, 80
28424, 55, -52406, 78
28432, 53, -52483, 76
28441, 52, -52590, 72
28449, 49, -52671, 71
28457, 46, -52759, 67
28466, 44, -52851, 66
28474, 41, -52928, 63
28482, 40, -53025, 60
28491, 37, -53098, 58
28499, 35, -53189, 53
28507, 24, -53265, 53
28516, 30, -53344, 50
28524, 28, -53435, 47
28533, 25, -53504, 43
28541, 22, -53594, 40
28549, 12, -53664, 40
28558, 18, -53744, 35
28566, 6, -53822, 35
28575, 13, -53894, 30
28583, 11, -53978, 28
28592, 8, -54039, 26
28600, 6, -54125, 22
28608, -5, -54195, 22
28617, 1, -54263, 18
28625, -2, -54341, 15
28633, -3, -54402, 13
28641, -6, -54482, 9
28650, -16, -54540, 10
28658, -11, -54614, 3
28667, -21, -54685, 3
28675, -15, -54746, 0
28683, -21, -54821, 4092
28692, 0, -54880, 4090
28701, -3, -54955, 4086
28709, -5, -55011, 4087
28717, -8, -55074, 4082
28726, -10, -55142, 4082
28734, -12, -55200, 4079
28743, -15, -55271, 4074
28751, -18, -55321, 4073
28759, -20, -55388, 4069
28767, -23, -55448, 4069
28776, -26, -55504, 4065
28784, -28, -55567, 4063
28792, -30, -55615, 4060
28801, -33, -55686, 4058
28809, -35, -55741, 4056
28818, -38, -55801, 4051
28826, -40, -55855, 4051
28835, -43, -55905, 4048
28843, -46, -55969, 4043
28851, -48, -56014, 4044
28860, -50, -56053, 4041
28868, -53, -56103, 4038
28877, -55, -56139, 4038
28885, -56, -56170, 4038
28893, -58, -56210, 4034
28902, -60, -56256, 4032
28910, -61, -56287, 4033
28918, -62, -56309, 4032
28926, -63, -56331, 4032
28935, -65, -56356, 4026
28943, -66, -56390, 4026
28952, -67, -56411, 4025
28960, -69, -56425, 4026
28969, -70, -56439, 4025
28977, -70, -56459, 4025
28986, -71, -56484, 4024
28994, -71, -56515, 4021
29002, -72, -56541, 4021
29011, -73, -56556, 4020
29019, -75, -56566, 4019
29027, -75, -56574, 4020
29036, -76, -56579, 4019
29044, -76, -56585, 4020
29052, -76, -56591, 4019
29061, -76, -56599, 4019
29069, -77, -56611, 4017
29077, -78, -56627, 4015
29086, -79, -56645, 4015
29094, -80, -56660, 4014
29102, -81, -56668, 4012
29111, -82, -56672, 4014
29119, -82, -56675, 4014
29127, -82, -56677, 4012
29136, -82, -56678, 4014
29144, -82, -56680, 4014
29153, -82, -56680, 4014
29162, -82, -56681, 4014
29170, -81, -56682, 4015
29179, -82, -56683, 4013
29187, -82, -56684, 4013
29196, -82, -56686, 4015
29204, -82, -56687, 4014
29212, -82, -56689, 4013
29220, -82, -56693, 4014
29229, -82, -56697, 4013
29237, -82, -56704, 4012
29245, -82, -56711, 4014
29254, -82, -56720, 4013
29262, -83, -56729, 4012
29271, -83, -56738, 4011
29279, -84, -56747, 4010
29287, -84, -56754, 4011
29295, -84, -56760, 4012
29304, -85, -56766, 4010
29312, -85, -56772, 4010
29321, -85, -56776, 4010
29329, -85, -56780, 4011
29337, -85, -56783, 4011
29346, -85, -56786, 4010
29354, -85, -56789, 4009
29363, -85, -56791, 4011
29371, -85, -56794, 4010
29379, -86, -56797, 4009
31398, -86, -56799, 4008
31406, -86, -56798, 4008
31415, -87, -56802, 4008
31423, -88, -56830, 4005
31432, -89, -56847, 4005
31440, -89, -56846, 4007
31448, -89, -56840, 4006
31458, -89, -56821, 4010
31466, -88, -56785, 4011
31474, -86, -56748, 4014
31482, -84, -56695, 4017
31491, -81, -56653, 4019
31499, -79, -56597, 4023
31508, -76, -56548, 4024
31516, -73, -56492, 4028
31525, -71, -56430, 4030
31534, -68, -56380, 4032
31542, -65, -56317, 4037
31551, -62, -56265, 4040
31559, -59, -56201, 4043
31568, -57, -56146, 4043
31577, -53, -56092, 4048
31585, -51, -56026, 4049
31594, -49, -55971, 4050
31602, -46, -55906, 4056
31611, -44, -55857, 4057
31619, -41, -55793, 4061
31627, -38, -55730, 4063
31636, -35, -55674, 4066
31644, -32, -55607, 4069
31652, -30, -55556, 4071
31660, -27, -55486, 4074
31669, -24, -55427, 4076
31677, -22, -55362, 4080
31686, -19, -55294, 4081
31695, -17, -55231, 4084
31703, -14, -55155, 4087
31712, -11, -55097, 4090
31721, -8, -55018, 4095
31729, -5, -54953, 4095
31738, -41, -54883, 3
31747, 0, -54813, 3
31755, 2, -54750, 7
31763, -24, -54670, 11
31772, -21, -54607, 12
31781, -19, -54522, 17
31789, -16, -54452, 18
31798, -13, -54376, 23
31806, -11, -54300, 23
31815, -9, -54229, 28
31823, -6, -54144, 31
31832, -3, -54077, 32
31840, -1, -53991, 38
31849, 11, -53917, 37
31857, 5, -53840, 42
31865, 6, -53753, 44
31873, 9, -53680, 47
31882, 12, -53586, 51
31890, 22, -53515, 50
31899, 17, -53421, 56
31908, 19, -53335, 58
31916, 21, -53252, 59
31925, 24, -53154, 63
31933, 27, -53075, 66
31942, 29, -52974, 70
31950, 31, -52890, 71
31959, 35, -52789, 76
31967, 38, -52695, 78
31976, 40, -52605, 80
31984, 43, -52500, 82
31992, 45, -52415, 85
32001, 47, -52304, 89
32009, 50, -52214, 90
32018, 53, -52108, 95
32026, 55, -52000, 96
32035, 58, -51908, 100
32043, 60, -51797, 102
32052, 63, -51711, 105
32060, 66, -51605, 108
32068, 68, -51512, 110
32077, 71, -51417, 115
32085, 74, -51312, 117
32094, 76, -51227, 119
32102, 79, -51121, 122
32111, 81, -51037, 124
32119, 84, -50939, 128
32128, 86, -50848, 130
32136, 89, -50770, 132
32145, 92, -50674, 136
32154, 102, -50602, 135
32162, 96, -50544, 137
32171, 97, -50477, 141
32179, 99, -50406, 143
32187, 108, -50358, 142
32196, 102, -50317, 144
32204, 104, -50270, 147
32212, 105, -50208, 148
32220, 114, -50162, 147
32228, 107, -50131, 149
32237, 108, -50104, 151
32245, 109, -50071, 151
32253, 110, -50028, 153
32262, 112, -49979, 156
32270, 121, -49946, 155
32278, 114, -49926, 155
32286, 115, -49912, 156
32294, 115, -49897, 157
32303, 116, -49876, 158
32311, 117, -49850, 159
32320, 117, -49819, 159
32328, 118, -49786, 160
32336, 118, -49754, 161
32344, 119, -49732, 162
32353, 120, -49719, 163
32361, 129, -49710, 162
34379, 121, -49684, 163
34388, 121, -49683, 163
34397, 130, -49689, 162
34405, 130, -49712, 161
34414, 121, -49725, 162
34422, 129, -49723, 161
34430, 120, -49710, 163
34439, 121, -49672, 167
34447, 123, -49608, 168
34455, 124, -49550, 170
34464, 127, -49468, 174
34472, 129, -49399, 175
34481, 131, -49317, 181
34489, 134, -49237, 181
34498, 137, -49163, 185
34507, 140, -49074, 188
34515, 143, -49004, 190
34524, 144, -48915, 194
34532, 147, -48845, 195
34540, 150, -48766, 201
34549, 153, -48689, 201
34557, 156, -48619, 206
34565, 158, -48534, 208
34573, 161, -48469, 211
34582, 164, -48387, 214
34590, 166, -48315, 214
34598, 169, -48246, 219
34607, 171, -48165, 221
34615, 173, -48098, 223
34623, 176, -48015, 230
34632, 187, -47948, 229
34640, 182, -47872, 233
34649, 184, -47796, 235
34657, 187, -47731, 237
34666, 189, -47650, 242
34674, 192, -47585, 244
34682, 195, -47508, 248
34690, 197, -47442, 248
34699, 199, -47375, 252
34707, 202, -47297, 254
34715, 205, -47236, 259
34723, 208, -47158, 262
34731, 210, -47095, 262
34740, 213, -47025, 267
34748, 215, -46952, 268
34756, 218, -46892, 271
34764, 220, -46814, 275
34772, 223, -46752, 277
34780, 226, -46681, 280
34789, 229, -46611, 282
34797, 231, -46548, 285
34805, 234, -46471, 288
34813, 236, -46412, 291
34822, 239, -46336, 295
34830, 242, -46269, 296
34838, 244, -46206, 299
34846, 247, -46132, 302
34854, 249, -46073, 303
34862, 252, -45998, 309
34871, 254, -45934, 309
34879, 257, -45870, 314
34887, 260, -45796, 316
34896, 263, -45733, 319
34904, 266, -45658, 323
34912, 269, -45599, 324
34920, 271, -45525, 329
34929, 273, -45456, 329
34937, 276, -45393, 332
34946, 279, -45318, 336
34954, 281, -45257, 338
34962, 284, -45183, 342
34971, 286, -45120, 344
34979, 289, -45055, 347
34987, 292, -44978, 349
34996, 294, -44918, 350
35004, 297, -44844, 357
35012, 300, -44784, 357
35020, 303, -44714, 362
35029, 306, -44645, 364
35037, 308, -44594, 365
35045, 310, -44533, 368
35054, 312, -44469, 368
35062, 314, -44425, 371
35070, 315, -44381, 371
35078, 317, -44325, 375
35087, 319, -44283, 377
35095, 321, -44253, 378
35103, 322, -44217, 378
35111, 325, -44172, 382
35120, 326, -44124, 382
35128, 328, -44092, 385
35136, 336, -44071, 384
35145, 330, -44054, 384
35153, 331, -44039, 385
35161, 331, -44022, 386
35170, 332, -43995, 389
35178, 333, -43958, 390
35186, 341, -43926, 389
35194, 336, -43905, 391
35202, 343, -43892, 389
35211, 336, -43883, 390
35219, 337, -43878, 391
35228, 337, -43873, 392
35236, 344, -43868, 391
35244, 338, -43861, 392
35252, 345, -43854, 391
35261, 338, -43847, 392
35269, 338, -43841, 392
35278, 338, -43832, 392
35286, 339, -43819, 394
35294, 340, -43805, 395
35302, 340, -43789, 396
35311, 340, -43775, 396
35319, 341, -43761, 397
35328, 342, -43749, 398
35336, 349, -43741, 397
35345, 343, -43737, 397
35353, 350, -43734, 396
35361, 343, -43733, 397
35370, 342, -43731, 397
35378, 343, -43731, 398
35386, 343, -43730, 398
35394, 350, -43730, 397
35403, 350, -43729, 396
35411, 343, -43727, 397
35419, 349, -43726, 396
35427, 342, -43724, 398
35435, 343, -43721, 399
35444, 350, -43717, 397
35452, 343, -43712, 398
35460, 344, -43707, 398
35469, 344, -43700, 399
35477, 350, -43694, 397
35486, 344, -43688, 399
35494, 344, -43680, 399
35502, 344, -43672, 400
35511, 345, -43664, 401
35519, 353, -43657, 400
35527, 346, -43650, 401
37545, 354, -43625, 399
37554, 346, -43625, 401
37562, 346, -43630, 401
37570, 354, -43656, 399
37579, 345, -43676, 399
37587, 346, -43676, 400
37595, 346, -43660, 401
37604, 346, -43627, 404
37612, 347, -43574, 405
37620, 349, -43527, 407
37629, 352, -43453, 413
37637, 354, -43394, 414
37646, 357, -43326, 418
37654, 360, -43256, 420
37662, 363, -43191, 423
37671, 365, -43113, 427
37679, 368, -43052, 428
37687, 371, -42973, 434
37696, 374, -42904, 435
37704, 377, -42837, 438
37712, 380, -42758, 440
37721, 381, -42693, 442
37729, 384, -42612, 448
37737, 387, -42547, 448
37746, 390, -42471, 452
37754, 393, -42391, 455
37763, 396, -42322, 458
37771, 398, -42241, 461
37780, 400, -42172, 463
37788, 404, -42090, 468
37796, 406, -42022, 468
37804, 409, -41950, 473
37813, 412, -41868, 474
37821, 415, -41803, 477
37829, 417, -41718, 482
37837, 420, -41645, 483
37845, 422, -41569, 487
37853, 425, -41490, 490
37862, 428, -41420, 492
37870, 431, -41332, 495
37878, 434, -41263, 497
37886, 437, -41180, 502
37894, 439, -41099, 502
37902, 442, -41027, 506
37911, 445, -40938, 508
37919, 447, -40865, 510
37927, 450, -40778, 516
37935, 453, -40699, 516
37943, 456, -40620, 520
37951, 459, -40528, 523
37960, 462, -40457, 525
37968, 464, -40361, 530
37976, 467, -40282, 530
37984, 469, -40201, 535
37992, 472, -40106, 537
38001, 475, -40030, 538
38009, 477, -39932, 544
38017, 480, -39851, 544
38025, 483, -39763, 549
38033, 486, -39669, 551
38041, 489, -39586, 554
38050, 491, -39486, 556
38058, 494, -39403, 558
38066, 496, -39305, 563
38074, 499, -39213, 564
38082, 501, -39127, 567
38091, 504, -39020, 571
38099, 507, -38936, 573
38107, 510, -38831, 577
38115, 513, -38735, 578
38123, 516, -38645, 582
38131, 518, -38532, 584
38140, 521, -38449, 585
38148, 523, -38356, 589
38156, 526, -38253, 590
38164, 528, -38182, 592
38172, 530, -38108, 596
38181, 532, -38012, 597
38189, 534, -37939, 600
38197, 541, -37886, 598
38205, 537, -37832, 601
38213, 538, -37765, 603
38222, 540, -37688, 605
38230, 541, -37638, 605
38238, 543, -37604, 606
38246, 544, -37566, 607
38254, 545, -37520, 608
38263, 546, -37462, 610
38271, 547, -37398, 612
38279, 549, -37355, 613
38287, 556, -37329, 612
38295, 550, -37311, 612
38304, 551, -37296, 612
38312, 551, -37281, 613
38320, 551, -37260, 614
38328, 552, -37234, 614
38337, 553, -37203, 617
38345, 554, -37166, 617
38353, 554, -37127, 617
38361, 555, -37089, 619
38369, 557, -37055, 620
38377, 563, -37034, 619
38386, 557, -37022, 619
38394, 558, -37015, 619
38402, 558, -37010, 619
38410, 558, -37006, 620
38418, 564, -37004, 619
38427, 558, -37002, 619
38435, 558, -37000, 619
38443, 558, -36999, 620
38451, 558, -36996, 620
38460, 564, -36993, 618
38468, 558, -36989, 618
38477, 558, -36984, 621
38485, 558, -36978, 621
38493, 558, -36969, 621
38502, 565, -36960, 619
38510, 559, -36950, 620
38518, 559, -36940, 620
38526, 559, -36929, 621
38535, 559, -36916, 621
38543, 559, -36904, 622
38551, 560, -36891, 623
38559, 561, -36878, 623
38568, 561, -36869, 623
38576, 561, -36861, 623
38585, 567, -36855, 622
38593, 561, -36847, 623
38601, 561, -36835, 623
38610, 562, -36823, 624
40628, 568, -36797, 623
40636, 562, -36796, 624
40644, 568, -36803, 623
40653, 562, -36831, 623
40661, 568, -36853, 622
40669, 562, -36851, 623
40677, 562, -36835, 624
40685, 563, -36792, 628
40694, 564, -36694, 632
40702, 566, -36612, 632
40710, 569, -36490, 636
40718, 572, -36379, 638
40727, 575, -36262, 642
40735, 577, -36123, 645
40743, 580, -36009, 646
40751, 583, -35861, 651
40760, 586, -35740, 653
40768, 588, -35607, 657
40776, 591, -35469, 658
40784, 594, -35355, 661
40793, 596, -35209, 663
40801, 598, -35096, 665
40809, 601, -34961, 671
40817, 604, -34840, 672
40825, 607, -34726, 675
40834, 610, -34590, 679
40842, 613, -34486, 681
40850, 616, -34359, 685
40859, 619, -34249, 685
40867, 622, -34137, 690
40875, 625, -34016, 695
40883, 628, -33918, 695
40892, 630, -33796, 698
40900, 633, -33695, 702
40909, 636, -33583, 706
40917, 638, -33479, 707
40925, 641, -33383, 709
40934, 644, -33271, 713
40942, 647, -33183, 716
40950, 650, -33076, 720
40958, 652, -32983, 720
40967, 655, -32890, 724
40975, 658, -32788, 728
40983, 661, -32707, 730
40992, 664, -32600, 735
41000, 667, -32518, 737
41009, 671, -32421, 742
41017, 678, -32329, 741
41026, 676, -32248, 746
41034, 678, -32152, 748
41042, 681, -32076, 751
41050, 684, -31983, 756
41059, 687, -31906, 758
41067, 690, -31824, 761
41075, 693, -31739, 763
41084, 696, -31670, 766
41092, 699, -31579, 770
41100, 702, -31507, 770
41109, 705, -31427, 776
41117, 708, -31348, 779
41125, 711, -31279, 781
41133, 714, -31196, 784
41142, 717, -31134, 786
41150, 720, -31053, 792
41158, 726, -30982, 790
41166, 725, -30916, 795
41174, 728, -30836, 799
41183, 731, -30772, 800
41191, 733, -30696, 804
41199, 736, -30634, 806
41207, 739, -30573, 807
41216, 740, -30499, 812
41224, 743, -30445, 813
41233, 745, -30395, 815
41241, 748, -30332, 819
41250, 750, -30284, 820
41258, 757, -30248, 819
41266, 754, -30211, 822
41274, 755, -30167, 824
41283, 757, -30125, 826
41291, 758, -30098, 826
41300, 760, -30077, 828
41309, 761, -30051, 829
41317, 762, -30020, 830
41325, 764, -29980, 834
41334, 770, -29948, 833
41342, 771, -29929, 832
41350, 767, -29917, 832
41358, 767, -29909, 833
41367, 772, -29901, 832
41375, 767, -29892, 833
41383, 768, -29882, 836
41391, 773, -29869, 835
41400, 769, -29854, 838
41408, 775, -29838, 837
41416, 771, -29821, 837
41425, 772, -29805, 840
41433, 773, -29786, 840
41441, 773, -29774, 840
41449, 774, -29765, 840
41458, 775, -29761, 840
41466, 775, -29758, 842
41474, 780, -29756, 841
41483, 775, -29754, 841
41491, 780, -29753, 840
41499, 776, -29753, 841
41508, 775, -29752, 841
41516, 775, -29751, 841
41524, 776, -29749, 842
41532, 781, -29747, 840
41540, 775, -29745, 840
41549, 776, -29741, 842
41557, 776, -29738, 842
41565, 780, -29734, 840
41574, 776, -29730, 842
41582, 776, -29726, 842
41590, 776, -29722, 842
41598, 781, -29716, 840
41606, 776, -29712, 843
41615, 781, -29706, 842
41623, 777, -29702, 844
41631, 777, -29698, 844
41639, 783, -29692, 843
41648, 778, -29687, 844
41656, 778, -29680, 844
41664, 778, -29674, 844
41673, 778, -29668, 844
41681, 779, -29664, 845
43699, 779, -29655, 845
43707, 779, -29656, 845
43716, 783, -29658, 844
43724, 783, -29675, 842
43732, 778, -29690, 843
43740, 778, -29691, 844
43749, 778, -29679, 845
43757, 779, -29652, 849
43766, 780, -29603, 852
43774, 782, -29561, 853
43783, 785, -29498, 858
43791, 788, -29445, 859
43799, 791, -29387, 864
43808, 794, -29325, 866
43816, 797, -29270, 868
43824, 800, -29203, 873
43833, 804, -29151, 874
43841, 807, -29087, 880
43850, 810, -29029, 881
43858, 813, -28973, 886
43866, 816, -28911, 887
43875, 819, -28860, 889
43883, 822, -28795, 895
43891, 825, -28742, 896
43899, 828, -28686, 900
43908, 831, -28629, 902
43916, 834, -28581, 905
43924, 837, -28517, 908
43932, 840, -28468, 910
43940, 843, -28411, 915
43949, 845, -28357, 916
43957, 848, -28307, 919
43965, 851, -28244, 922
43973, 854, -28197, 925
43981, 857, -28139, 929
43990, 860, -28089, 930
43998, 863, -28039, 935
44006, 866, -27978, 937
44014, 869, -27931, 940
44022, 872, -27873, 944
44031, 875, -27825, 944
44039, 878, -27771, 950
44047, 881, -27714, 953
44056, 884, -27666, 954
44064, 886, -27609, 958
44072, 890, -27564, 960
44080, 893, -27507, 966
44089, 895, -27455, 966
44097, 899, -27410, 970
44105, 902, -27355, 974
44113, 905, -27311, 975
44122, 908, -27256, 980
44130, 912, -27208, 981
44138, 914, -27160, 983
44146, 917, -27108, 988
44155, 920, -27065, 989
44163, 923, -27007, 996
44171, 930, -26960, 995
44179, 929, -26909, 1001
44188, 932, -26860, 1002
44196, 935, -26816, 1005
44204, 938, -26756, 1008
44212, 941, -26710, 1010
44221, 944, -26657, 1016
44229, 947, -26610, 1017
44237, 950, -26566, 1020
44245, 953, -26508, 1023
44253, 956, -26466, 1024
44262, 958, -26422, 1027
44270, 961, -26374, 1031
44278, 964, -26343, 1032
44287, 966, -26313, 1034
44295, 969, -26274, 1037
44303, 971, -26232, 1039
44311, 977, -26205, 1038
44320, 974, -26185, 1039
44328, 975, -26165, 1041
44336, 977, -26140, 1043
44344, 978, -26113, 1046
44352, 983, -26091, 1045
44361, 981, -26078, 1046
44369, 985, -26068, 1044
44377, 982, -26061, 1047
44385, 982, -26054, 1047
44394, 983, -26043, 1047
44402, 983, -26028, 1049
44410, 985, -26010, 1050
44419, 985, -25986, 1051
44428, 987, -25963, 1053
44436, 988, -25948, 1054
44444, 992, -25938, 1051
44452, 989, -25932, 1053
44461, 993, -25929, 1052
44469, 989, -25926, 1052
44477, 989, -25924, 1052
44485, 989, -25923, 1053
44494, 993, -25922, 1052
44502, 989, -25920, 1053
44510, 989, -25918, 1053
44519, 989, -25915, 1053
44527, 989, -25910, 1053
44536, 990, -25904, 1054
44545, 994, -25897, 1053
44553, 990, -25891, 1055
44561, 991, -25885, 1055
44569, 991, -25879, 1055
44578, 992, -25871, 1057
44586, 996, -25866, 1056
44594, 992, -25863, 1056
44602, 993, -25859, 1058
44610, 997, -25855, 1056
44619, 993, -25851, 1058
44627, 994, -25846, 1060
44635, 999, -25842, 1059
44644, 999, -25837, 1058
44652, 996, -25831, 1060
44660, 1000, -25824, 1059
44668, 996, -25818, 1059
44677, 996, -25814, 1060
44685, 996, -25810, 1060
44693, 997, -25809, 1062
44701, 1001, -25807, 1059
44709, 997, -25806, 1061
44718, 1001, -25805, 1060
44726, 997, -25805, 1060
44734, 997, -25805, 1060
44742, 997, -25805, 1060
44751, 1000, -25804, 1059
44759, 996, -25804, 1060
44767, 996, -25804, 1060
44775, 996, -25805, 1060
44783, 996, -25805, 1060
44792, 997, -25806, 1061
44800, 997, -25806, 1061
44808, 997, -25806, 1061
44816, 1001, -25806, 1060
44825, 997, -25806, 1061
44833, 1001, -25807, 1060
44841, 997, -25807, 1060
44849, 997, -25808, 1061
44857, 997, -25809, 1061
44866, 997, -25809, 1061
44874, 997, -25809, 1061
44882, 998, -25810, 1062
44891, 1002, -25810, 1060
44899, 998, -25811, 1061
44907, 1001, -25811, 1060
44916, 997, -25813, 1061
44924, 1001, -25814, 1060
44932, 997, -25815, 1061
44940, 997, -25817, 1061
44948, 997, -25818, 1061
44957, 998, -25819, 1062
44965, 1001, -25821, 1059
44973, 997, -25824, 1059
44981, 997, -25827, 1059
44989, 996, -25831, 1059
44998, 996, -25835, 1059
45006, 999, -25838, 1058
45014, 995, -25841, 1058
47033, 995, -25850, 1060
47041, 999, -25850, 1059
47049, 999, -25852, 1058
47058, 998, -25878, 1053
47066, 993, -25897, 1053
47074, 992, -25902, 1055
47083, 991, -25898, 1055
47091, 992, -25879, 1059
47099, 993, -25846, 1062
47107, 996, -25817, 1064
47116, 998, -25766, 1069
47124, 1001, -25722, 1069
47132, 1004, -25673, 1073
47141, 1007, -25622, 1075
47149, 1010, -25582, 1078
47157, 1013, -25525, 1083
47165, 1016, -25481, 1084
47174, 1019, -25429, 1089
47182, 1023, -25378, 1091
47190, 1026, -25335, 1094
47198, 1029, -25279, 1098
47207, 1032, -25232, 1100
47215, 1035, -25175, 1105
47224, 1043, -25127, 1104
47232, 1041, -25081, 1108
47240, 1043, -25028, 1111
47248, 1046, -24983, 1114
47257, 1049, -24925, 1120
47265, 1052, -24879, 1121
47273, 1056, -24828, 1125
47282, 1060, -24779, 1126
47290, 1063, -24732, 1130
47298, 1066, -24673, 1133
47307, 1069, -24627, 1136
47315, 1071, -24572, 1139
47323, 1075, -24526, 1142
47332, 1078, -24474, 1147
47340, 1081, -24416, 1148
47348, 1084, -24370, 1150
47357, 1087, -24313, 1156
47365, 1090, -24268, 1157
47374, 1094, -24212, 1162
47382, 1097, -24156, 1164
47390, 1101, -24109, 1168
47398, 1104, -24053, 1169
47406, 1107, -24008, 1172
47415, 1110, -23947, 1178
47423, 1113, -23895, 1178
47431, 1115, -23844, 1182
47440, 1120, -23787, 1185
47448, 1123, -23740, 1188
47456, 1126, -23676, 1192
47464, 1129, -23624, 1193
47472, 1132, -23570, 1198
47481, 1135, -23513, 1199
47489, 1137, -23464, 1202
47497, 1141, -23399, 1207
47505, 1145, -23349, 1209
47513, 1148, -23293, 1214
47521, 1151, -23234, 1215
47530, 1154, -23181, 1218
47538, 1158, -23114, 1222
47546, 1161, -23063, 1224
47554, 1164, -23001, 1229
47563, 1171, -22942, 1228
47571, 1170, -22890, 1233
47579, 1172, -22827, 1235
47587, 1175, -22780, 1236
47595, 1178, -22739, 1240
47604, 1181, -22682, 1242
47612, 1183, -22631, 1243
47620, 1184, -22595, 1243
47628, 1186, -22560, 1246
47636, 1188, -22519, 1250
47645, 1190, -22476, 1251
47653, 1192, -22449, 1252
47661, 1194, -22428, 1253
47670, 1197, -22405, 1254
47678, 1197, -22379, 1254
47686, 1198, -22349, 1256
47694, 1200, -22312, 1259
47703, 1201, -22284, 1259
47711, 1202, -22270, 1259
47720, 1206, -22261, 1258
47728, 1203, -22255, 1259
47737, 1203, -22250, 1259
47746, 1203, -22244, 1259
47754, 1206, -22237, 1258
47763, 1204, -22227, 1261
47771, 1204, -22217, 1262
47779, 1205, -22205, 1262
47788, 1206, -22190, 1262
47796, 1207, -22173, 1263
47805, 1207, -22155, 1264
47813, 1208, -22138, 1265
47822, 1208, -22121, 1265
47830, 1209, -22106, 1265
47838, 1209, -22095, 1265
47847, 1210, -22089, 1267
47855, 1213, -22086, 1266
47864, 1210, -22084, 1266
47872, 1211, -22082, 1266
47880, 1211, -22081, 1266
47889, 1213, -22080, 1265
47897, 1211, -22080, 1267
47906, 1211, -22080, 1267
47914, 1214, -22080, 1265
47923, 1211, -22080, 1266
47931, 1211, -22080, 1267
47939, 1214, -22080, 1265
47947, 1210, -22079, 1266
47955, 1213, -22079, 1265
47964, 1210, -22079, 1266
47972, 1210, -22078, 1267
47980, 1213, -22078, 1265
47988, 1210, -22078, 1266
47996, 1211, -22078, 1266
48005, 1213, -22077, 1264
48013, 1210, -22077, 1266
48021, 1210, -22076, 1266
48029, 1213, -22076, 1265
48037, 1210, -22075, 1267
48045, 1213, -22074, 1265
48054, 1210, -22073, 1265
48062, 1210, -22072, 1266
48070, 1210, -22072, 1266
48078, 1210, -22070, 1266
48086, 1211, -22068, 1268
48095, 1214, -22066, 1267
48103, 1214, -22064, 1265
48111, 1211, -22061, 1267
48119, 1214, -22059, 1266
48127, 1211, -22055, 1267
48136, 1211, -22052, 1267
48144, 1211, -22050, 1267
48152, 1212, -22047, 1269
50170, 1215, -22026, 1268
50178, 1214, -22026, 1269
50187, 1216, -22030, 1267
50195, 1215, -22045, 1266
50203, 1212, -22056, 1268
50211, 1215, -22055, 1267
50220, 1212, -22046, 1267
50228, 1212, -22024, 1271
50236, 1215, -21975, 1276
50244, 1217, -21931, 1277
50253, 1220, -21861, 1282
50261, 1223, -21799, 1283
50269, 1227, -21736, 1287
50277, 1231, -21659, 1291
50286, 1234, -21595, 1292
50294, 1237, -21517, 1297
50302, 1240, -21453, 1299
50310, 1244, -21377, 1301
50319, 1246, -21300, 1305
50327, 1249, -21234, 1307
50335, 1252, -21146, 1312
50343, 1256, -21076, 1314
50352, 1260, -20994, 1318
50360, 1263, -20917, 1320
50368, 1266, -20843, 1324
50377, 1269, -20754, 1327
50385, 1273, -20686, 1329
50393, 1277, -20592, 1335
50401, 1281, -20516, 1334
50410, 1283, -20435, 1340
50418, 1286, -20342, 1342
50426, 1290, -20268, 1344
50434, 1292, -20170, 1349
50442, 1296, -20090, 1350
50451, 1299, -20001, 1355
50459, 1303, -19909, 1357
50467, 1306, -19827, 1360
50475, 1309, -19726, 1367
50484, 1315, -19645, 1365
50492, 1317, -19544, 1371
50500, 1321, -19455, 1370
50508, 1322, -19361, 1375
50517, 1325, -19259, 1379
50525, 1329, -19179, 1382
50533, 1332, -19072, 1386
50541, 1336, -18985, 1388
50550, 1339, -18893, 1392
50558, 1342, -18791, 1395
50566, 1346, -18710, 1397
50574, 1349, -18602, 1401
50583, 1352, -18520, 1403
50591, 1357, -18428, 1409
50599, 1360, -18337, 1410
50607, 1363, -18256, 1414
50616, 1366, -18160, 1418
50624, 1371, -18085, 1419
50632, 1374, -17990, 1425
50641, 1379, -17910, 1424
50649, 1381, -17831, 1429
50657, 1383, -17739, 1432
50665, 1386, -17671, 1434
50673, 1390, -17593, 1436
50682, 1392, -17513, 1438
50690, 1395, -17456, 1441
50698, 1397, -17398, 1445
50706, 1400, -17328, 1447
50715, 1403, -17276, 1447
50723, 1405, -17238, 1447
50731, 1407, -17198, 1449
50739, 1408, -17152, 1452
50748, 1410, -17103, 1455
50756, 1413, -17069, 1454
50764, 1412, -17048, 1454
50773, 1414, -17031, 1455
50781, 1414, -17013, 1456
50790, 1415, -16987, 1456
50798, 1415, -16957, 1458
50807, 1417, -16921, 1462
50815, 1418, -16883, 1462
50824, 1421, -16860, 1461
50832, 1422, -16847, 1462
50840, 1422, -16838, 1462
50849, 1422, -16831, 1462
50858, 1424, -16827, 1461
50866, 1422, -16824, 1462
50875, 1422, -16821, 1462
50883, 1423, -16818, 1463
50891, 1423, -16813, 1463
50900, 1423, -16807, 1463
50909, 1423, -16801, 1463
50917, 1424, -16794, 1463
50925, 1424, -16786, 1464
50934, 1424, -16777, 1464
50942, 1424, -16767, 1465
50951, 1425, -16757, 1465
50959, 1425, -16745, 1466
50968, 1428, -16733, 1465
52986, 1426, -16710, 1466
52995, 1426, -16710, 1466
53004, 1426, -16715, 1466
53013, 1426, -16734, 1466
53021, 1427, -16744, 1467
53030, 1429, -16739, 1466
53039, 1427, -16728, 1466
53047, 1428, -16683, 1471
53056, 1429, -16627, 1472
53065, 1431, -16569, 1478
53073, 1434, -16489, 1482
53082, 1439, -16427, 1482
53090, 1442, -16348, 1489
53098, 1446, -16279, 1489
53107, 1449, -16206, 1494
53115, 1452, -16128, 1497
53123, 1456, -16064, 1499
53132, 1459, -15979, 1504
53140, 1463, -15914, 1506
53149, 1466, -15838, 1511
53157, 1469, -15767, 1511
53165, 1473, -15698, 1516
53173, 1476, -15621, 1519
53182, 1479, -15562, 1520
53190, 1482, -15481, 1527
53198, 1489, -15414, 1526
53207, 1488, -15347, 1532
53215, 1492, -15271, 1533
53223, 1495, -15209, 1536
53232, 1498, -15132, 1542
53240, 1502, -15074, 1543
53248, 1505, -15001, 1547
53257, 1509, -14931, 1548
53265, 1512, -14867, 1553
53273, 1515, -14793, 1556
53282, 1518, -14734, 1559
53290, 1523, -14658, 1564
53298, 1526, -14596, 1564
53307, 1529, -14530, 1570
53315, 1532, -14455, 1571
53324, 1536, -14394, 1575
53332, 1540, -14320, 1580
53340, 1543, -14262, 1581
53349, 1547, -14185, 1585
53358, 1550, -14119, 1586
53366, 1554, -14056, 1592
53374, 1557, -13983, 1593
53383, 1561, -13924, 1599
53391, 1564, -13849, 1602
53400, 1568, -13793, 1603
53408, 1571, -13725, 1607
53416, 1576, -13656, 1609
53424, 1579, -13598, 1614
53432, 1582, -13524, 1617
53441, 1586, -13464, 1618
53450, 1589, -13388, 1624
53458, 1592, -13328, 1626
53467, 1596, -13262, 1631
53475, 1599, -13190, 1631
53484, 1603, -13132, 1635
53492, 1606, -13062, 1640
53501, 1609, -13008, 1640
53509, 1612, -12962, 1642
53517, 1615, -12903, 1646
53526, 1618, -12852, 1647
53534, 1620, -12818, 1648
53543, 1622, -12788, 1649
53551, 1624, -12749, 1652
53559, 1626, -12702, 1655
53568, 1632, -12671, 1654
53576, 1628, -12650, 1654
53584, 1630, -12635, 1657
53593, 1636, -12619, 1656
53601, 1631, -12601, 1657
53610, 1632, -12579, 1658
53618, 1633, -12552, 1660
53626, 1634, -12524, 1662
53635, 1635, -12504, 1662
53643, 1638, -12492, 1663
53652, 1643, -12484, 1662
53660, 1639, -12479, 1663
53668, 1639, -12476, 1663
53677, 1644, -12473, 1662
53685, 1639, -12470, 1663
53694, 1644, -12467, 1662
53702, 1639, -12464, 1662
53711, 1639, -12460, 1664
53719, 1644, -12455, 1663
53727, 1640, -12450, 1665
53736, 1640, -12443, 1665
53744, 1646, -12437, 1663
53753, 1641, -12429, 1666
53761, 1642, -12422, 1666
53770, 1646, -12413, 1664
53778, 1642, -12406, 1666
53787, 1642, -12399, 1667
53795, 1643, -12391, 1667
53803, 1643, -12383, 1667
53812, 1648, -12375, 1666
53821, 1643, -12370, 1666
53829, 1643, -12362, 1668
53838, 1644, -12354, 1668
53846, 1644, -12347, 1668
53854, 1644, -12340, 1669
53863, 1651, -12335, 1668
53871, 1645, -12329, 1669
