4637, 2077, 7
4641, 2077, 7
4644, 2076, 2
4647, 2076, -15
4651, 2075, -49
4655, 2074, -92
4658, 2072, -145
4661, 2070, -209
4664, 2066, -288
4668, 2063, -382
4671, 2059, -483
4674, 2055, -593
4677, 2050, -713
4680, 2046, -837
4683, 2042, -971
4686, 2038, -1105
4690, 2034, -1253
4693, 2030, -1400
4696, 2026, -1549
4699, 2022, -1702
4702, 2019, -1850
4705, 2015, -2003
4708, 2012, -2153
4711, 2008, -2306
4714, 2005, -2458
4718, 2001, -2607
4721, 1998, -2761
4724, 1995, -2900
4727, 1991, -3050
4730, 1988, -3191
4733, 1986, -3337
4736, 1983, -3470
4739, 1980, -3600
4743, 1977, -3731
4746, 1974, -3848
4749, 1972, -3966
4752, 1969, -4084
4755, 1967, -4190
4758, 1965, -4305
4761, 1962, -4431
4765, 1959, -4535
4768, 1957, -4651
4772, 1954, -4762
4776, 1952, -4872
4780, 1949, -4975
4783, 1946, -5063
4786, 1944, -5141
4789, 1942, -5229
4793, 1939, -5311
4796, 1938, -5381
4799, 1936, -5447
4802, 1934, -5519
4805, 1933, -5590
4808, 1932, -5652
4811, 1930, -5707
4814, 1929, -5771
4818, 1927, -5838
4821, 1925, -5917
4825, 1924, -5980
4829, 1922, -6034
4832, 1920, -6093
4835, 1918, -6147
4838, 1917, -6192
4841, 1916, -6235
4845, 1914, -6280
4848, 1913, -6332
4851, 1912, -6382
4854, 1911, -6424
4857, 1909, -6460
4860, 1908, -6494
4863, 1908, -6529
4867, 1907, -6570
4870, 1905, -6616
4873, 1904, -6655
4876, 1903, -6688
4879, 1902, -6717
4882, 1901, -6748
4886, 1901, -6781
4890, 1900, -6825
4893, 1898, -6863
4896, 1897, -6895
4900, 1896, -6922
4903, 1895, -6946
4906, 1894, -6967
4909, 1895, -6988
4912, 1894, -7012
4915, 1893, -7039
4918, 1892, -7072
4922, 1890, -7104
4925, 1889, -7135
4929, 1888, -7156
4932, 1887, -7174
4935, 1887, -7190
4938, 1887, -7207
4942, 1887, -7224
4945, 1887, -7244
4948, 1886, -7266
4951, 1885, -7291
4954, 1884, -7316
4957, 1883, -7339
4961, 1882, -7356
4964, 1881, -7372
4967, 1881, -7385
4970, 1881, -7397
4973, 1881, -7408
4976, 1881, -7418
4979, 1880, -7429
4982, 1880, -7443
4986, 1880, -7459
4989, 1879, -7476
4993, 1879, -7498
4997, 1878, -7521
5000, 1877, -7544
5003, 1876, -7562
5007, 1876, -7575
5010, 1875, -7586
5013, 1874, -7595
5016, 1874, -7602
5019, 1874, -7609
5022, 1874, -7614
5026, 1874, -7620
5029, 1874, -7625
5032, 1874, -7629
5035, 1873, -7635
5038, 1873, -7642
5041, 1873, -7649
5044, 1873, -7657
5047, 1873, -7667
5051, 1873, -7681
5054, 1872, -7694
5057, 1871, -7707
5060, 1871, -7723
5063, 1870, -7739
5067, 1869, -7755
5070, 1868, -7770
5073, 1868, -7781
5076, 1867, -7791
5079, 1867, -7799
5082, 1867, -7806
5085, 1867, -7810
5088, 1867, -7814
5092, 1868, -7817
5095, 1867, -7821
5099, 1868, -7823
5102, 1868, -7825
5106, 1868, -7826
5109, 1867, -7828
5113, 1867, -7830
5116, 1867, -7833
5120, 1867, -7834
5123, 1867, -7836
5126, 1867, -7837
5129, 1867, -7839
5133, 1867, -7842
5136, 1867, -7845
5139, 1866, -7847
5142, 1867, -7850
5145, 1867, -7854
5149, 1866, -7859
5152, 1866, -7864
5155, 1866, -7869
5158, 1865, -7874
5161, 1865, -7880
5164, 1865, -7886
5167, 1865, -7893
5171, 1864, -7899
5174, 1864, -7906
5177, 1864, -7913
5180, 1864, -7920
5183, 1863, -7928
5186, 1863, -7935
5189, 1863, -7943
5192, 1862, -7950
5195, 1862, -7957
5199, 1862, -7963
5202, 1861, -7970
5205, 1862, -7978
5209, 1862, -7986
5213, 1861, -7992
5216, 1861, -7999
5220, 1861, -8005
5223, 1860, -8010
5227, 1860, -8015
5230, 1860, -8019
5233, 1860, -8020
5236, 1860, -8022
5239, 1861, -8023
5243, 1861, -8024
5246, 1860, -8025
5249, 1860, -8026
5252, 1860, -8027
5255, 1860, -8027
5258, 1860, -8028
5261, 1860, -8029
5264, 1860, -8029
5268, 1860, -8029
5271, 1861, -8030
5274, 1861, -8030
5277, 1860, -8030
5280, 1860, -8030
5283, 1860, -8030
5286, 1860, -8030
5289, 1860, -8030
5292, 1860, -8029
5296, 1860, -8029
5299, 1861, -8029
5302, 1861, -8029
5305, 1861, -8029
5308, 1861, -8029
5311, 1861, -8029
5314, 1861, -8029
5317, 1861, -8029
5321, 1861, -8029
5325, 1861, -8029
5328, 1861, -8028
5331, 1861, -8028
5334, 1861, -8029
5337, 1861, -8029
5340, 1860, -8030
5343, 1860, -8030
5347, 1860, -8030
5350, 1860, -8030
5353, 1860, -8030
5356, 1860, -8030
5359, 1860, -8029
5362, 1860, -8029
5365, 1860, -8029
5369, 1860, -8029
5372, 1860, -8030
5375, 1860, -8030
5378, 1860, -8031
5381, 1860, -8031
5384, 1860, -8031
5388, 1860, -8031
5391, 1860, -8031
5394, 1860, -8031
5397, 1861, -8031
5400, 1860, -8031
5403, 1861, -8031
5407, 1860, -8031
5410, 1860, -8031
5413, 1860, -8031
5416, 1860, -8031
5420, 1860, -8031
5423, 1860, -8031
5427, 1860, -8031
5432, 1860, -8031
5435, 1860, -8031
5438, 1860, -8031
5443, 1861, -8031
5447, 1861, -8031
5450, 1861, -8031
5453, 1861, -8031
5457, 1861, -8031
5460, 1861, -8032
5463, 1861, -8032
5466, 1860, -8032
5470, 1860, -8032
5473, 1860, -8032
5476, 1860, -8032
5479, 1860, -8032
5482, 1861, -8032
5485, 1861, -8032
5488, 1861, -8033
5492, 1861, -8033
5495, 1861, -8034
5498, 1861, -8034
5501, 1861, -8034
5504, 1860, -8034
5507, 1860, -8034
5510, 1860, -8034
5514, 1860, -8034
5517, 1860, -8034
5520, 1860, -8034
5523, 1860, -8034
5526, 1860, -8035
5529, 1860, -8035
5533, 1860, -8036
5536, 1860, -8036
5539, 1860, -8036
5542, 1860, -8037
5545, 1860, -8037
5548, 1860, -8037
5551, 1860, -8037
5554, 1860, -8037
5557, 1860, -8037
5561, 1861, -8037
5564, 1861, -8037
5567, 1861, -8038
5570, 1861, -8038
5573, 1861, -8038
5576, 1860, -8039
5579, 1860, -8039
5582, 1860, -8039
5586, 1860, -8039
5589, 1860, -8040
5592, 1860, -8040
5595, 1860, -8040
5598, 1860, -8041
5602, 1860, -8041
5605, 1859, -8041
7618, 1859, -8060
7621, 1859, -8060
7624, 1859, -8068
7627, 1858, -8089
7631, 1856, -8134
7635, 1854, -8190
7638, 1850, -8260
7642, 1846, -8331
7645, 1841, -8409
7648, 1837, -8489
7651, 1833, -8574
7655, 1829, -8670
7659, 1825, -8762
7662, 1821, -8844
7665, 1816, -8937
7668, 1813, -9023
7671, 1809, -9109
7674, 1806, -9194
7678, 1802, -9280
7681, 1799, -9366
7684, 1795, -9456
7687, 1791, -9541
7691, 1787, -9625
7694, 1784, -9705
7697, 1781, -9793
7701, 1778, -9875
7704, 1774, -9954
7707, 1771, -10024
7711, 1768, -10097
7714, 1765, -10175
7718, 1762, -10247
7721, 1759, -10326
7725, 1756, -10387
7728, 1753, -10452
7731, 1750, -10520
7735, 1748, -10581
7738, 1745, -10643
7741, 1743, -10699
7745, 1740, -10753
7748, 1738, -10813
7752, 1735, -10863
7755, 1733, -10916
7758, 1730, -10967
7762, 1728, -11010
7765, 1726, -11054
7768, 1724, -11104
7771, 1722, -11149
7774, 1721, -11189
7778, 1719, -11235
7781, 1717, -11288
7785, 1715, -11326
7788, 1714, -11373
7792, 1712, -11422
7796, 1709, -11474
7800, 1708, -11514
7804, 1706, -11545
7807, 1704, -11592
7811, 1702, -11637
7815, 1701, -11671
7819, 1699, -11700
7822, 1697, -11740
7827, 1695, -11778
7830, 1694, -11812
7834, 1693, -11839
7837, 1692, -11868
7841, 1690, -11904
7846, 1689, -11936
7849, 1687, -11964
7852, 1686, -11988
7856, 1685, -12008
7859, 1684, -12026
7862, 1683, -12046
7865, 1683, -12069
7869, 1682, -12096
7872, 1680, -12122
7875, 1679, -12144
7878, 1678, -12162
7881, 1677, -12177
7885, 1676, -12192
7888, 1676, -12205
7891, 1675, -12220
7894, 1675, -12236
7897, 1674, -12255
7900, 1673, -12278
7904, 1671, -12298
7907, 1670, -12316
7910, 1670, -12329
7913, 1669, -12341
7917, 1669, -12352
7920, 1669, -12362
7923, 1669, -12374
7926, 1668, -12387
7929, 1668, -12403
7933, 1667, -12419
7937, 1666, -12444
7941, 1665, -12465
7945, 1664, -12476
7948, 1664, -12486
7952, 1663, -12497
7956, 1663, -12506
7960, 1663, -12512
7963, 1662, -12518
7966, 1662, -12525
7970, 1662, -12533
7973, 1661, -12542
7976, 1660, -12551
7979, 1659, -12562
7982, 1659, -12575
7985, 1658, -12589
7989, 1658, -12606
7992, 1657, -12620
7995, 1656, -12631
7998, 1656, -12639
8001, 1655, -12647
8004, 1655, -12654
8008, 1655, -12659
8011, 1655, -12664
8014, 1655, -12667
8017, 1655, -12671
8020, 1655, -12673
8023, 1655, -12675
8026, 1655, -12677
8029, 1655, -12680
8032, 1655, -12683
8035, 1655, -12686
8038, 1655, -12690
8042, 1655, -12695
8045, 1654, -12699
8048, 1653, -12705
8051, 1653, -12711
8054, 1652, -12718
8057, 1652, -12725
8060, 1652, -12732
8063, 1652, -12739
8066, 1652, -12747
8069, 1651, -12755
8072, 1651, -12763
8076, 1650, -12772
8079, 1649, -12780
8082, 1649, -12787
8085, 1649, -12792
8088, 1648, -12797
8091, 1649, -12801
8094, 1648, -12804
8098, 1648, -12806
8101, 1648, -12808
8104, 1648, -12810
8107, 1648, -12811
8110, 1648, -12812
8113, 1648, -12814
8116, 1648, -12815
8119, 1648, -12816
8123, 1648, -12817
8126, 1648, -12817
8129, 1648, -12818
8132, 1648, -12819
8135, 1648, -12819
8138, 1648, -12819
8141, 1648, -12819
8144, 1648, -12820
8148, 1648, -12820
8151, 1648, -12821
8154, 1648, -12822
8157, 1649, -12822
8160, 1649, -12822
8163, 1649, -12823
8167, 1649, -12823
8170, 1648, -12824
8173, 1648, -12825
8176, 1648, -12825
8181, 1647, -12826
8184, 1647, -12827
8187, 1647, -12829
8192, 1647, -12832
8195, 1647, -12833
8199, 1647, -12836
8203, 1647, -12838
8206, 1647, -12840
8209, 1647, -12843
8212, 1646, -12846
8216, 1646, -12848
8219, 1646, -12850
8222, 1646, -12853
8226, 1646, -12856
8229, 1646, -12860
8232, 1646, -12862
8236, 1646, -12865
8239, 1646, -12867
8242, 1645, -12870
8246, 1645, -12873
8249, 1645, -12876
8253, 1645, -12879
8256, 1645, -12882
8260, 1645, -12885
8263, 1645, -12887
8266, 1645, -12890
8270, 1644, -12894
8274, 1644, -12896
8277, 1644, -12899
8282, 1644, -12902
8285, 1645, -12904
8290, 1644, -12907
8293, 1644, -12909
8297, 1644, -12911
8300, 1644, -12913
8304, 1644, -12915
8308, 1644, -12917
8312, 1644, -12919
8315, 1644, -12920
8318, 1644, -12922
8322, 1644, -12924
8325, 1644, -12925
8328, 1643, -12927
10341, 1644, -12927
10345, 1644, -12927
10349, 1643, -12938
10352, 1641, -12965
10356, 1639, -13017
10360, 1635, -13072
10364, 1631, -13129
10367, 1626, -13215
10372, 1620, -13317
10376, 1615, -13421
10381, 1609, -13503
10384, 1603, -13592
10388, 1597, -13710
10392, 1593, -13820
10397, 1588, -13906
10400, 1582, -13997
10404, 1578, -14075
10407, 1573, -14158
10410, 1570, -14243
10414, 1566, -14322
10417, 1563, -14394
10420, 1559, -14470
10424, 1556, -14545
10427, 1552, -14619
10430, 1550, -14700
10434, 1546, -14767
10437, 1543, -14834
10440, 1540, -14894
10443, 1537, -14969
10447, 1534, -15030
10450, 1532, -15093
10454, 1529, -15156
10457, 1526, -15213
10460, 1524, -15273
10464, 1521, -15331
10467, 1519, -15382
10470, 1517, -15429
10473, 1515, -15486
10476, 1512, -15539
10479, 1510, -15585
10482, 1508, -15631
10485, 1506, -15688
10489, 1505, -15738
10493, 1503, -15785
10496, 1501, -15830
10499, 1499, -15877
10502, 1497, -15918
10505, 1496, -15955
10508, 1494, -15992
10511, 1491, -16035
10514, 1490, -16077
10517, 1489, -16113
10520, 1487, -16148
10524, 1486, -16182
10527, 1484, -16222
10530, 1483, -16259
10533, 1481, -16292
10536, 1480, -16321
10539, 1479, -16351
10543, 1478, -16385
10546, 1476, -16424
10549, 1475, -16457
10552, 1473, -16485
10555, 1472, -16509
10558, 1472, -16536
10562, 1471, -16562
10565, 1470, -16592
10568, 1470, -16624
10571, 1468, -16653
10574, 1467, -16678
10578, 1466, -16698
10581, 1465, -16719
10584, 1464, -16740
10587, 1463, -16765
10590, 1463, -16792
10593, 1461, -16820
10597, 1460, -16842
10600, 1459, -16861
10603, 1459, -16878
10606, 1458, -16892
10609, 1458, -16908
10612, 1458, -16924
10615, 1457, -16944
10619, 1456, -16968
10622, 1455, -16994
10625, 1454, -17017
10628, 1453, -17037
10631, 1452, -17053
10634, 1451, -17067
10637, 1451, -17079
10640, 1451, -17091
10643, 1451, -17102
10647, 1450, -17114
10650, 1450, -17127
10653, 1449, -17141
10656, 1449, -17157
10659, 1448, -17176
10662, 1447, -17200
10666, 1447, -17219
10669, 1446, -17234
10672, 1445, -17246
10675, 1445, -17257
10678, 1445, -17266
10681, 1445, -17275
10685, 1445, -17282
10688, 1445, -17288
10691, 1445, -17296
10694, 1444, -17305
10697, 1443, -17314
10700, 1443, -17324
10703, 1443, -17337
10707, 1442, -17350
10710, 1442, -17364
10713, 1441, -17380
10716, 1440, -17397
10719, 1439, -17411
10722, 1438, -17422
10726, 1437, -17432
10729, 1437, -17439
10732, 1437, -17446
10735, 1437, -17452
10739, 1437, -17458
10743, 1437, -17462
10746, 1437, -17467
10750, 1437, -17470
10753, 1437, -17473
10758, 1437, -17477
10761, 1437, -17480
10764, 1437, -17483
10767, 1437, -17487
10771, 1437, -17493
10774, 1436, -17500
10777, 1436, -17507
10780, 1435, -17514
10783, 1435, -17522
10786, 1435, -17531
10790, 1435, -17539
10793, 1435, -17548
10796, 1434, -17558
10799, 1434, -17568
10802, 1433, -17578
10805, 1433, -17588
10808, 1432, -17599
10812, 1432, -17610
10815, 1431, -17620
10818, 1431, -17629
10821, 1430, -17636
10825, 1430, -17641
10828, 1430, -17646
10832, 1431, -17649
10835, 1431, -17652
10838, 1431, -17655
10842, 1431, -17657
10845, 1431, -17658
10848, 1430, -17660
10851, 1431, -17661
10854, 1430, -17662
10858, 1430, -17662
10861, 1430, -17663
10864, 1430, -17663
10867, 1430, -17664
10871, 1430, -17665
10874, 1430, -17665
10877, 1430, -17666
10880, 1430, -17667
10883, 1430, -17667
10886, 1431, -17668
10890, 1431, -17668
10893, 1431, -17668
10896, 1431, -17669
10899, 1431, -17669
10902, 1430, -17670
10906, 1430, -17670
10909, 1430, -17670
10912, 1430, -17671
10915, 1430, -17671
10918, 1430, -17672
10921, 1430, -17673
10924, 1430, -17674
10927, 1431, -17675
10931, 1430, -17675
10934, 1430, -17676
10937, 1430, -17677
10940, 1430, -17678
10943, 1430, -17679
10946, 1430, -17681
10949, 1430, -17683
10953, 1430, -17685
10956, 1430, -17687
10959, 1430, -17690
10962, 1430, -17693
10965, 1430, -17695
10968, 1429, -17698
10972, 1429, -17700
10975, 1429, -17703
10978, 1429, -17706
10981, 1429, -17709
10985, 1429, -17711
10988, 1429, -17714
10991, 1428, -17716
10994, 1428, -17719
10997, 1428, -17722
11000, 1428, -17725
11003, 1428, -17728
11006, 1428, -17730
11010, 1427, -17733
11013, 1427, -17735
11016, 1427, -17737
11019, 1427, -17739
11022, 1427, -17742
11025, 1427, -17745
11029, 1427, -17747
11032, 1427, -17749
11036, 1427, -17751
11039, 1427, -17752
11043, 1427, -17755
11047, 1427, -17757
11050, 1427, -17758
11053, 1427, -17760
11057, 1426, -17762
13070, 1426, -17762
13074, 1426, -17763
13077, 1426, -17772
13080, 1425, -17789
13083, 1424, -17821
13086, 1422, -17866
13089, 1419, -17920
13092, 1415, -17984
13095, 1411, -18059
13098, 1407, -18138
13102, 1403, -18224
13105, 1399, -18315
13108, 1395, -18408
13111, 1390, -18510
13114, 1387, -18618
13118, 1383, -18726
13121, 1379, -18832
13124, 1375, -18937
13128, 1372, -19056
13131, 1368, -19175
13135, 1364, -19323
13139, 1360, -19426
13142, 1356, -19534
13146, 1353, -19634
13149, 1349, -19738
13152, 1346, -19834
13155, 1342, -19936
13158, 1339, -20026
13162, 1336, -20119
13165, 1333, -20204
13168, 1330, -20285
13171, 1328, -20373
13174, 1324, -20451
13177, 1322, -20528
13181, 1320, -20607
13184, 1317, -20677
13187, 1314, -20748
13190, 1312, -20839
13194, 1309, -20904
13198, 1306, -20972
13201, 1304, -21040
13204, 1301, -21096
13207, 1299, -21153
13210, 1297, -21220
13214, 1295, -21273
13217, 1293, -21326
13221, 1291, -21390
13224, 1289, -21455
13229, 1286, -21518
13233, 1284, -21572
13236, 1282, -21618
13239, 1281, -21657
13243, 1279, -21697
13246, 1277, -21741
13249, 1275, -21785
13252, 1274, -21823
13255, 1272, -21855
13258, 1271, -21889
13262, 1270, -21928
13265, 1268, -21965
13268, 1267, -21996
13271, 1265, -22023
13274, 1264, -22052
13277, 1263, -22082
13280, 1262, -22116
13283, 1261, -22146
13287, 1260, -22172
13290, 1259, -22195
13293, 1258, -22218
13296, 1257, -22242
13299, 1256, -22269
13302, 1254, -22298
13305, 1253, -22323
13308, 1252, -22344
13311, 1251, -22362
13314, 1251, -22380
13317, 1250, -22399
13320, 1249, -22419
13323, 1248, -22444
13326, 1247, -22469
13330, 1246, -22489
13333, 1245, -22506
13336, 1244, -22521
13339, 1244, -22535
13342, 1244, -22549
13345, 1243, -22563
13348, 1243, -22580
13351, 1242, -22600
13354, 1240, -22621
13357, 1239, -22639
13360, 1238, -22654
13363, 1237, -22667
13367, 1238, -22678
13370, 1238, -22687
13373, 1237, -22696
13376, 1237, -22707
13379, 1236, -22718
13382, 1235, -22732
13385, 1234, -22748
13389, 1233, -22766
13392, 1233, -22784
13395, 1232, -22798
13398, 1232, -22811
13401, 1231, -22821
13405, 1231, -22831
13408, 1231, -22838
13411, 1231, -22845
13414, 1231, -22851
13418, 1230, -22858
13421, 1230, -22867
13424, 1230, -22876
13427, 1229, -22886
13431, 1228, -22902
13435, 1227, -22916
13438, 1226, -22929
13442, 1225, -22941
13445, 1224, -22950
13448, 1224, -22958
13451, 1224, -22966
13454, 1224, -22972
13457, 1223, -22977
13461, 1224, -22981
13464, 1224, -22985
13467, 1224, -22988
13470, 1223, -22991
13473, 1224, -22994
13477, 1224, -22997
13480, 1223, -23001
13483, 1223, -23005
13487, 1223, -23010
13490, 1222, -23016
13493, 1221, -23023
13496, 1221, -23031
13499, 1220, -23038
13502, 1220, -23050
13507, 1220, -23059
13510, 1220, -23070
13514, 1219, -23080
13517, 1219, -23090
13520, 1219, -23101
13525, 1218, -23109
13529, 1218, -23114
13532, 1218, -23118
13536, 1218, -23122
13539, 1217, -23125
13543, 1217, -23128
13547, 1217, -23130
13550, 1217, -23131
13553, 1217, -23133
13558, 1217, -23134
13561, 1216, -23135
13566, 1216, -23136
13569, 1216, -23137
13573, 1216, -23138
13577, 1216, -23138
13580, 1216, -23139
13584, 1216, -23140
13587, 1216, -23141
13590, 1216, -23142
13594, 1216, -23143
13597, 1216, -23145
13601, 1216, -23147
13604, 1216, -23148
13607, 1216, -23150
13610, 1216, -23153
13614, 1215, -23156
13617, 1216, -23159
13621, 1215, -23162
13625, 1215, -23166
13628, 1215, -23169
13632, 1215, -23172
13636, 1214, -23175
13640, 1214, -23179
13644, 1214, -23183
13647, 1213, -23187
13651, 1213, -23190
13654, 1213, -23194
13658, 1213, -23197
13662, 1213, -23201
13665, 1213, -23204
13669, 1213, -23208
13673, 1212, -23212
13677, 1212, -23215
13680, 1211, -23218
13683, 1211, -23221
13687, 1210, -23224
15700, 1211, -23233
15704, 1211, -23233
15707, 1210, -23243
15711, 1209, -23263
15714, 1208, -23290
15718, 1205, -23337
15722, 1202, -23387
15726, 1198, -23456
15730, 1193, -23513
15733, 1189, -23568
15736, 1184, -23627
15740, 1180, -23697
15743, 1176, -23766
15747, 1172, -23833
15750, 1168, -23901
15754, 1164, -23968
15757, 1159, -24038
15761, 1155, -24099
15764, 1151, -24164
15767, 1148, -24223
15771, 1144, -24290
15774, 1141, -24349
15777, 1136, -24413
15781, 1133, -24468
15784, 1130, -24531
15787, 1127, -24584
15790, 1123, -24639
15794, 1121, -24690
15797, 1118, -24743
15800, 1115, -24795
15803, 1112, -24843
15807, 1109, -24894
15810, 1107, -24938
15813, 1104, -24987
15817, 1101, -25038
15820, 1099, -25094
15825, 1096, -25138
15828, 1094, -25178
15831, 1091, -25215
15834, 1089, -25258
15838, 1086, -25295
15841, 1085, -25329
15844, 1082, -25368
15847, 1080, -25407
15851, 1079, -25441
15854, 1077, -25478
15857, 1075, -25515
15860, 1073, -25547
15863, 1071, -25575
15867, 1069, -25607
15870, 1067, -25640
15873, 1066, -25669
15876, 1065, -25694
15879, 1063, -25722
15882, 1061, -25754
15885, 1060, -25783
15888, 1058, -25807
15891, 1056, -25831
15895, 1055, -25855
15898, 1054, -25883
15901, 1052, -25908
15904, 1051, -25931
15907, 1050, -25950
15910, 1049, -25971
15913, 1048, -25994
15916, 1047, -26019
15920, 1045, -26040
15923, 1044, -26058
15926, 1043, -26076
15929, 1042, -26094
15932, 1041, -26115
15935, 1040, -26137
15938, 1038, -26155
15941, 1037, -26171
15944, 1037, -26186
15948, 1036, -26199
15951, 1036, -26216
15954, 1035, -26235
15957, 1033, -26255
15960, 1032, -26272
15963, 1031, -26287
15966, 1030, -26300
15970, 1029, -26312
15973, 1029, -26324
15976, 1029, -26338
15979, 1028, -26353
15983, 1027, -26371
15986, 1026, -26389
15989, 1025, -26404
15992, 1024, -26415
15995, 1024, -26425
15999, 1023, -26434
16002, 1023, -26443
16005, 1023, -26453
16008, 1022, -26464
16011, 1021, -26478
16015, 1020, -26500
16020, 1019, -26514
16023, 1017, -26525
16026, 1017, -26534
16030, 1016, -26543
16034, 1016, -26550
16037, 1016, -26556
16040, 1016, -26563
16043, 1016, -26571
16046, 1015, -26579
16050, 1015, -26589
16053, 1014, -26600
16056, 1013, -26613
16059, 1012, -26627
16062, 1011, -26639
16065, 1010, -26649
16068, 1010, -26656
16071, 1010, -26663
16074, 1010, -26669
16078, 1009, -26674
16081, 1010, -26678
16084, 1009, -26682
16088, 1009, -26687
16092, 1009, -26691
16095, 1009, -26696
16098, 1009, -26700
16101, 1009, -26706
16104, 1008, -26711
16107, 1008, -26718
16111, 1007, -26725
16114, 1007, -26734
16117, 1006, -26747
16121, 1005, -26756
16125, 1004, -26763
16128, 1004, -26769
16131, 1003, -26775
16136, 1003, -26779
16139, 1003, -26782
16142, 1003, -26784
16145, 1003, -26787
16149, 1003, -26788
16152, 1003, -26790
16155, 1003, -26791
16158, 1004, -26793
16161, 1003, -26794
16164, 1004, -26795
16167, 1003, -26797
16170, 1003, -26798
16173, 1003, -26800
16177, 1003, -26802
16180, 1002, -26805
16183, 1002, -26808
16186, 1002, -26811
16190, 1002, -26815
16193, 1001, -26820
16196, 1001, -26825
16200, 1001, -26831
16203, 1001, -26836
16206, 1000, -26841
16209, 1000, -26847
16213, 1000, -26854
16216, 999, -26860
16219, 999, -26866
16222, 999, -26873
16226, 998, -26879
16229, 998, -26885
16232, 997, -26891
16236, 997, -26896
16239, 996, -26899
16242, 996, -26902
16245, 996, -26905
16248, 996, -26907
16251, 996, -26909
16255, 996, -26910
16258, 996, -26911
16261, 996, -26913
16264, 997, -26913
16267, 997, -26914
16271, 997, -26914
16274, 997, -26915
16277, 997, -26915
16280, 997, -26916
16283, 996, -26916
16286, 996, -26916
16289, 996, -26917
16293, 996, -26917
16296, 996, -26917
16299, 997, -26917
16302, 996, -26917
16305, 996, -26917
16308, 996, -26917
16311, 996, -26917
16314, 996, -26918
16318, 996, -26918
16321, 997, -26918
16324, 997, -26918
16327, 997, -26918
16330, 997, -26918
16333, 997, -26918
16337, 996, -26918
16340, 996, -26918
16343, 996, -26919
16346, 996, -26919
16349, 996, -26920
16352, 997, -26920
16355, 997, -26920
16359, 996, -26921
16362, 996, -26921
16365, 996, -26921
16368, 996, -26922
16371, 996, -26922
16374, 996, -26922
16377, 997, -26922
16380, 997, -26923
16384, 996, -26924
16387, 996, -26925
16390, 996, -26925
16394, 996, -26926
16397, 996, -26927
16401, 996, -26928
16405, 996, -26929
16409, 995, -26930
16412, 995, -26931
16415, 995, -26933
16419, 996, -26934
16422, 996, -26936
16425, 996, -26937
16428, 995, -26938
16431, 995, -26939
16435, 995, -26941
16438, 995, -26942
16441, 995, -26943
16445, 994, -26945
16448, 994, -26946
16451, 994, -26947
16454, 994, -26948
16457, 994, -26949
16461, 994, -26950
16464, 994, -26951
16467, 995, -26952
16472, 995, -26953
16476, 994, -26954
16479, 994, -26955
16483, 994, -26956
16487, 994, -26958
16491, 994, -26958
16495, 994, -26959
16498, 994, -26960
16502, 994, -26961
16506, 994, -26962
16509, 994, -26963
16512, 994, -26963
16516, 994, -26964
16520, 994, -26965
16524, 994, -26966
16527, 993, -26966
18540, 993, -26969
18544, 993, -26969
18548, 993, -26980
18552, 991, -26999
18555, 989, -27030
18559, 986, -27075
18563, 982, -27127
18567, 977, -27176
18570, 973, -27228
18574, 968, -27278
18577, 964, -27329
18580, 960, -27380
18583, 956, -27440
18587, 953, -27500
18590, 949, -27565
18594, 945, -27634
18597, 942, -27697
18600, 938, -27763
18604, 934, -27825
18607, 930, -27889
18611, 926, -27950
18614, 923, -28009
18617, 919, -28068
18620, 916, -28126
18623, 912, -28183
18626, 910, -28241
18629, 907, -28297
18633, 905, -28356
18636, 902, -28425
18640, 899, -28483
18644, 897, -28538
18647, 893, -28591
18650, 891, -28665
18655, 887, -28723
18659, 885, -28779
18662, 882, -28827
18666, 879, -28889
18670, 876, -28939
18674, 874, -28998
18678, 871, -29048
18681, 869, -29090
18684, 866, -29143
18688, 864, -29197
18692, 861, -29237
18695, 860, -29274
18699, 857, -29319
18702, 855, -29386
18708, 853, -29428
18711, 851, -29471
18715, 848, -29509
18718, 847, -29542
18721, 845, -29575
18724, 843, -29612
18728, 842, -29649
18731, 841, -29680
18734, 839, -29709
18737, 838, -29746
18741, 836, -29782
18744, 835, -29814
18748, 834, -29849
18752, 832, -29874
18755, 831, -29907
18759, 829, -29942
18762, 828, -29971
18766, 827, -29995
18769, 825, -30016
18772, 824, -30039
18775, 824, -30064
18778, 822, -30091
18781, 821, -30117
18785, 820, -30139
18788, 819, -30159
18791, 819, -30177
18794, 818, -30195
18797, 817, -30216
18801, 817, -30241
18804, 815, -30267
18807, 814, -30290
18810, 813, -30309
18813, 813, -30325
18816, 812, -30339
18819, 811, -30354
18822, 811, -30371
18826, 810, -30389
18829, 809, -30411
18832, 808, -30432
18835, 807, -30450
18838, 806, -30466
18842, 805, -30479
18845, 805, -30490
18848, 805, -30501
18851, 805, -30514
18855, 804, -30527
18858, 804, -30543
18861, 803, -30561
18864, 802, -30582
18868, 801, -30602
18871, 800, -30618
18874, 799, -30632
18877, 799, -30644
18880, 799, -30654
18883, 799, -30662
18887, 799, -30670
18890, 799, -30677
18893, 799, -30685
18896, 799, -30693
18899, 798, -30703
18902, 797, -30714
18905, 796, -30728
18908, 796, -30743
18911, 795, -30761
18915, 794, -30776
18918, 793, -30789
18921, 792, -30800
18924, 792, -30808
18927, 792, -30816
18930, 792, -30822
18933, 793, -30828
18937, 793, -30833
18940, 792, -30837
18943, 792, -30842
18947, 793, -30848
18950, 792, -30853
18953, 792, -30860
18956, 792, -30868
18959, 791, -30877
18963, 790, -30887
18966, 789, -30897
18969, 789, -30907
18972, 788, -30919
18975, 788, -30931
18979, 787, -30943
18982, 787, -30953
18985, 787, -30962
18988, 786, -30969
18991, 786, -30975
18994, 786, -30980
18997, 786, -30985
19001, 786, -30988
19004, 786, -30991
19007, 786, -30993
19010, 786, -30996
19013, 786, -30997
19016, 786, -30999
19019, 786, -31001
19022, 786, -31002
19025, 786, -31003
19028, 786, -31005
19031, 786, -31006
19034, 786, -31008
19037, 786, -31010
19040, 786, -31012
19043, 785, -31015
19047, 785, -31018
19050, 785, -31021
19053, 785, -31025
19056, 785, -31030
19059, 784, -31034
19062, 784, -31040
19065, 784, -31046
19068, 784, -31051
19071, 783, -31058
19075, 784, -31065
19078, 783, -31072
19081, 783, -31078
19084, 782, -31086
19087, 782, -31093
19090, 781, -31100
19093, 781, -31108
19096, 781, -31115
19099, 781, -31122
19102, 781, -31128
19106, 781, -31135
19109, 781, -31141
19112, 780, -31148
19115, 780, -31154
19118, 779, -31159
19121, 779, -31162
19125, 779, -31165
19128, 779, -31168
19131, 780, -31170
19134, 780, -31172
19137, 780, -31173
19140, 780, -31175
19143, 780, -31176
19146, 779, -31177
19149, 779, -31178
19152, 780, -31178
19156, 779, -31178
19159, 779, -31178
19162, 779, -31179
19165, 779, -31179
19169, 779, -31179
19172, 779, -31179
19175, 779, -31179
19178, 779, -31180
19182, 779, -31180
19185, 779, -31180
19189, 779, -31180
19192, 779, -31181
19195, 779, -31181
19198, 780, -31181
19202, 780, -31181
19205, 780, -31182
19208, 780, -31182
19212, 781, -31182
19215, 780, -31182
19218, 780, -31182
19221, 780, -31182
19225, 779, -31182
19229, 779, -31183
19233, 780, -31183
19237, 780, -31183
19241, 780, -31183
19244, 780, -31183
19248, 780, -31183
19251, 780, -31184
19256, 780, -31184
19259, 779, -31184
19263, 779, -31184
19266, 779, -31185
19269, 779, -31185
19273, 779, -31185
19276, 779, -31186
19279, 779, -31187
19282, 779, -31187
19286, 779, -31187
19289, 779, -31187
19292, 780, -31187
19295, 780, -31187
19299, 780, -31187
19302, 780, -31188
19306, 779, -31188
19309, 779, -31189
19313, 779, -31189
19316, 779, -31189
19319, 779, -31190
19322, 779, -31191
19325, 779, -31191
19329, 779, -31192
19332, 779, -31193
19335, 779, -31193
19338, 779, -31194
19341, 779, -31195
19344, 779, -31196
19348, 779, -31197
19351, 779, -31197
19354, 779, -31198
19357, 779, -31199
19360, 779, -31200
19363, 779, -31201
19367, 779, -31203
19371, 778, -31204
19374, 778, -31205
19378, 778, -31206
19381, 778, -31207
19384, 778, -31209
19387, 778, -31210
19390, 778, -31211
19394, 778, -31212
19397, 777, -31213
21410, 777, -31236
21413, 777, -31236
21417, 776, -31249
21421, 775, -31285
21425, 772, -31347
21429, 769, -31405
21432, 765, -31477
21436, 760, -31562
21439, 755, -31687
21444, 751, -31787
21447, 747, -31880
21451, 742, -31990
21455, 738, -32136
21459, 733, -32251
21463, 728, -32364
21466, 724, -32470
21469, 720, -32583
21472, 716, -32692
21476, 712, -32808
21479, 709, -32928
21483, 705, -33046
21486, 702, -33166
21489, 699, -33282
21492, 696, -33390
21496, 693, -33503
21499, 690, -33611
21502, 687, -33724
21505, 684, -33828
21509, 681, -33935
21512, 678, -34046
21515, 675, -34168
21519, 673, -34294
21523, 670, -34405
21526, 667, -34519
21530, 664, -34641
21533, 662, -34738
21537, 659, -34860
21540, 657, -34961
21544, 656, -35061
21548, 653, -35180
21551, 650, -35281
21554, 649, -35381
21558, 646, -35484
21561, 643, -35590
21565, 642, -35707
21569, 639, -35813
21573, 637, -35908
21576, 636, -35986
21579, 634, -36068
21582, 632, -36158
21586, 631, -36245
21589, 630, -36314
21592, 628, -36379
21595, 626, -36453
21599, 625, -36531
21602, 624, -36596
21605, 622, -36654
21608, 620, -36714
21611, 619, -36783
21615, 617, -36856
21618, 616, -36920
21622, 615, -36970
21625, 614, -37021
21628, 613, -37081
21632, 611, -37142
21635, 610, -37197
21638, 609, -37242
21641, 607, -37282
21644, 607, -37322
21648, 606, -37366
21651, 605, -37416
21654, 604, -37466
21657, 602, -37508
21660, 601, -37543
21663, 600, -37576
21666, 600, -37607
21669, 600, -37641
21672, 599, -37680
21676, 598, -37723
21679, 597, -37763
21682, 596, -37797
21685, 595, -37828
21688, 594, -37853
21691, 594, -37877
21694, 594, -37901
21697, 593, -37929
21700, 592, -37961
21704, 591, -37999
21707, 590, -38034
21710, 589, -38063
21713, 589, -38088
21716, 588, -38111
21720, 588, -38131
21723, 588, -38149
21726, 587, -38167
21729, 587, -38188
21732, 586, -38211
21735, 585, -38237
21738, 585, -38266
21742, 584, -38295
21745, 583, -38322
21748, 583, -38343
21751, 582, -38361
21754, 582, -38377
21757, 582, -38390
21761, 582, -38401
21764, 582, -38414
21767, 582, -38427
21770, 581, -38442
21774, 581, -38458
21777, 580, -38475
21780, 579, -38497
21783, 579, -38521
21786, 578, -38546
21789, 577, -38567
21793, 576, -38586
21796, 576, -38601
21799, 575, -38614
21802, 575, -38625
21805, 575, -38634
21809, 575, -38642
21812, 575, -38649
21815, 575, -38656
21818, 575, -38663
21821, 575, -38671
21824, 575, -38679
21828, 575, -38688
21831, 574, -38699
21834, 574, -38710
21837, 574, -38722
21840, 573, -38736
21843, 572, -38751
21847, 572, -38767
21850, 571, -38784
21853, 570, -38801
21856, 570, -38817
21859, 569, -38830
21862, 569, -38840
21865, 569, -38849
21868, 569, -38857
21871, 569, -38863
21874, 569, -38868
21878, 569, -38873
21881, 569, -38877
21884, 569, -38880
21887, 569, -38883
21890, 569, -38886
21894, 569, -38888
21897, 569, -38891
21900, 569, -38893
21903, 569, -38895
21907, 569, -38898
21910, 569, -38901
21913, 569, -38904
21916, 569, -38908
21919, 568, -38912
21923, 568, -38918
21926, 568, -38924
21929, 567, -38932
21933, 567, -38940
21936, 567, -38947
21940, 567, -38955
21943, 567, -38963
21946, 566, -38971
21949, 566, -38979
21953, 566, -38988
21956, 566, -38997
21959, 566, -39005
21962, 565, -39014
21965, 565, -39022
21968, 565, -39031
21971, 564, -39040
21975, 564, -39048
21978, 563, -39055
21981, 563, -39063
21984, 563, -39070
21987, 563, -39077
21990, 563, -39085
21994, 563, -39092
21997, 563, -39097
22001, 563, -39100
22004, 562, -39103
22008, 562, -39105
22011, 562, -39107
22014, 562, -39108
22017, 562, -39110
22021, 562, -39111
22024, 562, -39111
22027, 562, -39112
22030, 562, -39112
22035, 562, -39113
22038, 562, -39114
22042, 562, -39114
22046, 562, -39114
22050, 562, -39114
22053, 562, -39114
22056, 562, -39114
22059, 562, -39114
22063, 562, -39114
22066, 562, -39114
22069, 562, -39114
22072, 562, -39114
22075, 562, -39114
22078, 562, -39115
22082, 562, -39115
22085, 562, -39115
22088, 562, -39115
22091, 562, -39115
22094, 562, -39115
22097, 562, -39115
22100, 562, -39116
22104, 562, -39116
22107, 562, -39116
22110, 562, -39116
22113, 562, -39116
22116, 562, -39116
22119, 563, -39116
22122, 563, -39116
22126, 563, -39117
22129, 563, -39117
22132, 563, -39117
22135, 563, -39117
22138, 563, -39117
22142, 563, -39118
22145, 563, -39118
22148, 562, -39118
22151, 562, -39119
22154, 562, -39119
22157, 562, -39119
22160, 562, -39120
22164, 563, -39120
22167, 562, -39120
22170, 562, -39121
22173, 562, -39121
22176, 562, -39121
22179, 562, -39121
22183, 562, -39122
22186, 562, -39122
22189, 562, -39122
22192, 562, -39123
22195, 562, -39123
22198, 562, -39124
22202, 562, -39124
22205, 562, -39125
22208, 561, -39125
22211, 561, -39126
22214, 561, -39126
22217, 561, -39127
22221, 562, -39127
22224, 562, -39128
22227, 562, -39129
22230, 562, -39129
22233, 562, -39130
22236, 562, -39131
22240, 562, -39132
22243, 562, -39132
22246, 562, -39133
22249, 561, -39134
22252, 561, -39136
22256, 561, -39137
22259, 561, -39138
22262, 561, -39139
22265, 561, -39140
22269, 561, -39141
22272, 561, -39142
22275, 561, -39144
22279, 561, -39145
22282, 562, -39146
22285, 561, -39147
22289, 561, -39148
22292, 561, -39149
22295, 561, -39150
22298, 561, -39151
22302, 561, -39152
22306, 561, -39154
22309, 562, -39155
22314, 562, -39157
22318, 562, -39160
22322, 562, -39161
22326, 562, -39163
22330, 561, -39165
22334, 561, -39167
22338, 561, -39169
22341, 561, -39171
22345, 561, -39172
22348, 561, -39174
22351, 561, -39175
22354, 561, -39177
22358, 561, -39179
22361, 560, -39181
24374, 560, -39222
24377, 560, -39223
24381, 559, -39241
24385, 558, -39255
24388, 558, -39247
24393, 559, -39205
24396, 560, -39141
24400, 564, -39055
24404, 568, -38950
24407, 573, -38839
24410, 577, -38721
24414, 582, -38587
24417, 587, -38448
24421, 592, -38306
24424, 597, -38160
24427, 601, -38023
24430, 605, -37873
24433, 609, -37729
24437, 612, -37572
24440, 616, -37411
24443, 619, -37259
24446, 623, -37104
24450, 627, -36944
24453, 630, -36782
24456, 634, -36592
24461, 638, -36409
24464, 641, -36247
24468, 645, -36042
24472, 648, -35887
24475, 652, -35710
24480, 655, -35559
24483, 659, -35395
24487, 662, -35267
24490, 665, -35100
24495, 669, -34949
24498, 672, -34812
24503, 675, -34688
24506, 677, -34570
24509, 680, -34431
24514, 682, -34327
24517, 685, -34224
24521, 688, -34128
24524, 691, -34037
24527, 693, -33957
24531, 695, -33879
24534, 698, -33788
24537, 700, -33714
24540, 701, -33647
24544, 703, -33577
24547, 705, -33501
24550, 706, -33436
24553, 707, -33378
24557, 709, -33299
24561, 711, -33230
24564, 712, -33169
24568, 714, -33104
24572, 716, -33038
24576, 718, -32961
24581, 720, -32913
24584, 721, -32871
24587, 723, -32829
24590, 724, -32783
24593, 725, -32736
24597, 727, -32693
24600, 728, -32656
24603, 729, -32624
24606, 730, -32587
24610, 731, -32551
24613, 732, -32508
24616, 733, -32464
24619, 735, -32419
24624, 737, -32389
24627, 737, -32361
24631, 738, -32333
24634, 739, -32302
24637, 740, -32266
24640, 741, -32231
24644, 742, -32204
24647, 743, -32180
24650, 743, -32158
24653, 744, -32138
24656, 745, -32109
24661, 746, -32087
24664, 747, -32062
24667, 747, -32034
24670, 748, -32001
24675, 749, -31972
24679, 750, -31955
24682, 750, -31940
24686, 751, -31923
24689, 751, -31901
24694, 752, -31882
24697, 752, -31855
24702, 753, -31830
24705, 754, -31805
24709, 755, -31785
24712, 756, -31770
24716, 757, -31757
24719, 757, -31742
24723, 757, -31733
24727, 758, -31722
24730, 758, -31711
24734, 758, -31699
24737, 759, -31683
24742, 760, -31669
24745, 760, -31655
24748, 761, -31639
24751, 762, -31623
24755, 763, -31606
24758, 763, -31589
24761, 763, -31574
24764, 764, -31561
24768, 764, -31552
24771, 764, -31540
24776, 764, -31533
24779, 764, -31528
24782, 764, -31523
24785, 764, -31519
24789, 764, -31515
24792, 764, -31511
24795, 765, -31507
24799, 765, -31502
24802, 765, -31497
24805, 765, -31491
24808, 765, -31485
24812, 766, -31479
24815, 766, -31472
24818, 767, -31464
24821, 767, -31456
24824, 768, -31447
24827, 768, -31438
24830, 769, -31428
24833, 769, -31418
24836, 769, -31407
24840, 770, -31395
24843, 770, -31384
24846, 770, -31374
24849, 770, -31365
24852, 770, -31357
24855, 771, -31352
24858, 771, -31346
24861, 771, -31342
24865, 771, -31339
24868, 771, -31336
24871, 771, -31333
24874, 771, -31331
24877, 771, -31329
24880, 771, -31328
24883, 771, -31326
24886, 771, -31325
24890, 772, -31324
24893, 772, -31323
24896, 772, -31323
24899, 772, -31321
24903, 772, -31320
24906, 771, -31319
24909, 771, -31318
24913, 772, -31316
24916, 772, -31315
24920, 771, -31313
24925, 771, -31311
24929, 772, -31309
24933, 772, -31306
24936, 772, -31303
24940, 772, -31300
24945, 772, -31297
24949, 773, -31294
24952, 772, -31291
24955, 773, -31288
24958, 773, -31286
24961, 773, -31283
24965, 773, -31280
24968, 774, -31276
24971, 773, -31274
24975, 773, -31271
24979, 774, -31267
24982, 774, -31264
24986, 774, -31261
24990, 774, -31257
24994, 774, -31254
24997, 774, -31251
25001, 774, -31248
25005, 774, -31245
25009, 774, -31241
25013, 775, -31238
25016, 775, -31235
25021, 775, -31231
25025, 775, -31227
25029, 775, -31225
25033, 775, -31223
25036, 776, -31219
25040, 776, -31216
25045, 777, -31213
27058, 777, -31203
27062, 776, -31203
27066, 776, -31209
27069, 776, -31211
27073, 776, -31197
27077, 778, -31160
27080, 781, -31112
27084, 785, -31038
27088, 789, -30967
27091, 794, -30889
27094, 799, -30801
27098, 804, -30701
27102, 809, -30608
27105, 814, -30500
27109, 819, -30399
27113, 824, -30300
27117, 828, -30178
27121, 833, -30091
27125, 837, -30009
27128, 841, -29926
27131, 846, -29848
27135, 850, -29763
27138, 853, -29690
27141, 857, -29616
27144, 860, -29548
27147, 863, -29479
27150, 866, -29409
27154, 869, -29344
27157, 873, -29275
27160, 875, -29211
27164, 878, -29151
27167, 881, -29092
27170, 884, -29038
27173, 887, -28981
27176, 889, -28926
27180, 891, -28876
27183, 894, -28826
27186, 897, -28777
27189, 898, -28730
27193, 901, -28681
27196, 904, -28634
27199, 906, -28591
27203, 908, -28550
27206, 910, -28506
27209, 912, -28467
27212, 914, -28430
27215, 916, -28392
27218, 917, -28354
27221, 919, -28320
27224, 921, -28290
27227, 922, -28257
27231, 924, -28220
27234, 926, -28188
27237, 927, -28160
27240, 929, -28131
27243, 930, -28102
27246, 932, -28071
27249, 933, -28044
27252, 934, -28019
27255, 935, -27996
27258, 937, -27971
27261, 938, -27942
27265, 940, -27915
27268, 941, -27892
27271, 942, -27871
27274, 944, -27851
27277, 944, -27829
27280, 945, -27804
27283, 947, -27781
27286, 948, -27761
27289, 949, -27744
27292, 950, -27727
27296, 951, -27711
27299, 951, -27692
27302, 952, -27671
27305, 953, -27649
27308, 954, -27631
27311, 956, -27614
27314, 956, -27601
27317, 957, -27587
27321, 957, -27572
27324, 958, -27558
27327, 959, -27541
27330, 960, -27523
27333, 961, -27506
27336, 962, -27493
27339, 963, -27481
27343, 963, -27471
27346, 964, -27461
27349, 964, -27451
27352, 965, -27440
27355, 965, -27429
27358, 966, -27415
27362, 967, -27400
27365, 968, -27383
27368, 969, -27370
27371, 970, -27359
27374, 970, -27349
27378, 970, -27341
27381, 971, -27334
27384, 971, -27327
27387, 971, -27320
27390, 972, -27313
27393, 972, -27305
27396, 973, -27296
27399, 973, -27287
27402, 974, -27277
27405, 975, -27266
27408, 975, -27256
27411, 976, -27246
27414, 976, -27237
27418, 977, -27230
27421, 977, -27224
27424, 978, -27218
27427, 978, -27214
27430, 978, -27210
27433, 978, -27206
27436, 978, -27202
27439, 979, -27198
27442, 979, -27194
27446, 979, -27190
27449, 979, -27186
27452, 980, -27181
27455, 980, -27175
27458, 980, -27170
27461, 981, -27164
27464, 982, -27157
27468, 982, -27150
27471, 983, -27142
27474, 983, -27134
27477, 983, -27126
27481, 984, -27117
27484, 984, -27108
27487, 985, -27100
27490, 986, -27094
27493, 986, -27089
27496, 986, -27085
27499, 986, -27081
27503, 986, -27078
27506, 986, -27076
27509, 986, -27074
27512, 986, -27072
27515, 986, -27071
27518, 986, -27070
27521, 986, -27069
27525, 986, -27067
27528, 986, -27066
27531, 986, -27065
27534, 986, -27064
27538, 986, -27063
27541, 986, -27062
27544, 986, -27061
27547, 986, -27060
27550, 986, -27058
27554, 986, -27057
27557, 986, -27055
27560, 986, -27053
27563, 986, -27051
27566, 986, -27049
27570, 986, -27046
27573, 987, -27044
27576, 987, -27041
27579, 987, -27038
27582, 987, -27035
27585, 987, -27031
27588, 988, -27028
27592, 988, -27024
27595, 988, -27020
27598, 988, -27017
27601, 989, -27013
27604, 989, -27010
27607, 989, -27007
27611, 989, -27005
27614, 989, -27003
27617, 990, -27001
27620, 990, -26998
27623, 990, -26996
27626, 990, -26993
27629, 991, -26991
27633, 990, -26989
27636, 991, -26986
27639, 991, -26984
27642, 991, -26982
27645, 991, -26979
27648, 991, -26977
27652, 992, -26975
27655, 992, -26973
27658, 991, -26971
27661, 992, -26969
27664, 992, -26967
27668, 992, -26966
27672, 993, -26963
29686, 993, -26952
29690, 993, -26952
29693, 992, -26956
29696, 992, -26958
29699, 992, -26957
29703, 993, -26941
29706, 995, -26911
29709, 998, -26874
29712, 1003, -26831
29716, 1007, -26775
29719, 1012, -26715
29723, 1017, -26638
29727, 1022, -26570
29730, 1027, -26492
29734, 1033, -26425
29737, 1038, -26355
29740, 1043, -26267
29745, 1047, -26194
29748, 1052, -26123
29752, 1056, -26036
29756, 1061, -25965
29759, 1065, -25879
29764, 1070, -25799
29768, 1074, -25738
29771, 1078, -25671
29774, 1082, -25614
29778, 1086, -25553
29781, 1089, -25499
29784, 1092, -25443
29787, 1095, -25390
29790, 1098, -25340
29794, 1101, -25288
29797, 1104, -25239
29800, 1106, -25193
29803, 1109, -25145
29806, 1112, -25100
29809, 1114, -25059
29813, 1116, -25016
29816, 1119, -24974
29819, 1120, -24935
29822, 1122, -24893
29825, 1125, -24850
29828, 1127, -24811
29832, 1129, -24775
29835, 1132, -24736
29838, 1134, -24698
29841, 1135, -24665
29845, 1138, -24633
29848, 1140, -24596
29851, 1141, -24562
29854, 1143, -24532
29857, 1144, -24504
29860, 1146, -24475
29863, 1148, -24442
29867, 1149, -24410
29870, 1151, -24384
29873, 1152, -24359
29876, 1153, -24333
29879, 1154, -24303
29883, 1156, -24275
29886, 1157, -24251
29889, 1158, -24230
29892, 1160, -24209
29896, 1161, -24183
29899, 1162, -24155
29902, 1164, -24131
29905, 1165, -24109
29908, 1166, -24090
29912, 1167, -24071
29915, 1167, -24053
29918, 1168, -24032
29921, 1170, -24009
29924, 1172, -23986
29928, 1173, -23965
29931, 1174, -23949
29935, 1175, -23934
29939, 1175, -23918
29942, 1175, -23902
29945, 1176, -23884
29948, 1177, -23864
29951, 1179, -23845
29954, 1180, -23828
29958, 1181, -23813
29961, 1182, -23801
29964, 1182, -23790
29967, 1182, -23779
29970, 1182, -23768
29973, 1183, -23757
29977, 1183, -23743
29980, 1184, -23727
29983, 1185, -23710
29986, 1186, -23694
29990, 1187, -23679
29993, 1188, -23669
29996, 1189, -23661
29999, 1189, -23654
30002, 1189, -23648
30005, 1190, -23641
30009, 1190, -23634
30012, 1190, -23627
30015, 1191, -23619
30018, 1191, -23609
30021, 1192, -23598
30024, 1193, -23586
30028, 1194, -23573
30031, 1195, -23559
30034, 1196, -23546
30037, 1196, -23534
30040, 1197, -23525
30043, 1196, -23517
30046, 1197, -23510
30050, 1197, -23504
30053, 1197, -23499
30057, 1197, -23495
30060, 1197, -23491
30064, 1197, -23487
30067, 1197, -23483
30072, 1196, -23477
30076, 1197, -23473
30079, 1197, -23467
30084, 1198, -23461
30087, 1198, -23455
30090, 1199, -23448
30093, 1199, -23441
30097, 1199, -23433
30100, 1200, -23426
30103, 1201, -23418
30106, 1201, -23411
30109, 1202, -23404
30113, 1202, -23396
30116, 1203, -23388
30119, 1203, -23380
30123, 1204, -23375
30126, 1204, -23370
30130, 1204, -23366
30133, 1204, -23363
30136, 1204, -23360
30140, 1204, -23358
30143, 1204, -23356
30146, 1204, -23355
30149, 1204, -23354
30153, 1204, -23353
30156, 1204, -23352
30159, 1203, -23351
30162, 1203, -23350
30165, 1203, -23349
30168, 1204, -23348
30172, 1204, -23347
30175, 1204, -23347
30178, 1204, -23346
30181, 1204, -23345
30184, 1204, -23344
30187, 1204, -23343
30190, 1205, -23342
30194, 1205, -23340
30197, 1205, -23338
30200, 1204, -23337
30203, 1205, -23335
30206, 1205, -23332
30209, 1205, -23330
30213, 1205, -23327
30216, 1206, -23325
30219, 1206, -23322
30222, 1206, -23319
30225, 1205, -23317
30228, 1205, -23314
30232, 1205, -23311
30235, 1206, -23308
30238, 1206, -23306
30241, 1206, -23303
30244, 1207, -23299
30247, 1207, -23296
30250, 1207, -23292
30254, 1207, -23289
30257, 1207, -23286
30260, 1207, -23283
30263, 1207, -23280
30266, 1207, -23277
30269, 1207, -23274
30272, 1208, -23272
30276, 1208, -23269
30279, 1209, -23266
30282, 1208, -23264
30285, 1208, -23262
30288, 1208, -23259
30291, 1209, -23257
30295, 1209, -23255
30298, 1209, -23253
30301, 1209, -23251
30304, 1209, -23250
30307, 1209, -23248
30310, 1209, -23246
30313, 1209, -23245
30317, 1209, -23243
30320, 1209, -23242
30323, 1209, -23241
30326, 1209, -23240
30329, 1209, -23238
30333, 1209, -23237
30336, 1209, -23236
30340, 1209, -23234
30343, 1209, -23233
30346, 1209, -23232
30350, 1210, -23231
32363, 1210, -23223
32367, 1210, -23224
32370, 1210, -23230
32375, 1210, -23231
32378, 1211, -23218
32382, 1212, -23192
32385, 1215, -23144
32389, 1219, -23093
32392, 1224, -23037
32395, 1229, -22971
32398, 1234, -22899
32401, 1239, -22821
32404, 1244, -22735
32408, 1248, -22651
32411, 1253, -22566
32414, 1257, -22474
32418, 1261, -22385
32421, 1266, -22294
32424, 1270, -22206
32428, 1274, -22114
32431, 1279, -22008
32435, 1283, -21915
32438, 1286, -21831
32441, 1290, -21726
32445, 1294, -21610
32450, 1298, -21512
32453, 1301, -21427
32456, 1305, -21325
32460, 1309, -21228
32465, 1313, -21123
32469, 1316, -21014
32473, 1320, -20917
32477, 1323, -20846
32480, 1327, -20768
32484, 1330, -20679
32488, 1333, -20604
32491, 1335, -20535
32494, 1338, -20460
32497, 1340, -20393
32500, 1342, -20333
32503, 1345, -20262
32507, 1348, -20197
32510, 1349, -20141
32513, 1351, -20075
32517, 1354, -20001
32521, 1356, -19936
32524, 1357, -19884
32527, 1359, -19830
32530, 1361, -19770
32533, 1362, -19713
32537, 1364, -19664
32540, 1365, -19619
32543, 1367, -19572
32546, 1369, -19518
32549, 1370, -19465
32552, 1372, -19421
32555, 1373, -19382
32559, 1374, -19343
32562, 1375, -19301
32565, 1376, -19249
32568, 1377, -19204
32571, 1379, -19165
32575, 1380, -19123
32578, 1381, -19076
32583, 1382, -19037
32586, 1384, -18993
32589, 1385, -18952
32593, 1386, -18918
32596, 1388, -18881
32600, 1389, -18848
32604, 1389, -18817
32608, 1390, -18785
32611, 1392, -18752
32614, 1393, -18716
32617, 1394, -18684
32621, 1396, -18657
32624, 1396, -18637
32628, 1396, -18618
32631, 1396, -18598
32634, 1397, -18577
32637, 1397, -18552
32640, 1399, -18527
32644, 1400, -18500
32647, 1401, -18473
32650, 1402, -18451
32653, 1403, -18430
32656, 1403, -18414
32659, 1404, -18401
32662, 1404, -18388
32665, 1404, -18375
32669, 1404, -18362
32672, 1404, -18348
32675, 1405, -18333
32678, 1405, -18317
32681, 1406, -18300
32684, 1407, -18281
32687, 1407, -18261
32691, 1408, -18240
32694, 1409, -18221
32697, 1410, -18206
32700, 1411, -18193
32703, 1411, -18182
32706, 1412, -18173
32709, 1412, -18166
32713, 1411, -18159
32716, 1411, -18153
32719, 1411, -18146
32722, 1411, -18141
32725, 1411, -18133
32728, 1411, -18126
32732, 1412, -18117
32735, 1412, -18107
32738, 1412, -18095
32742, 1413, -18083
32745, 1414, -18070
32748, 1414, -18056
32751, 1415, -18042
32754, 1416, -18027
32757, 1416, -18013
32761, 1417, -17998
32764, 1417, -17985
32767, 1418, -17974
32770, 1418, -17965
32774, 1419, -17957
32777, 1418, -17952
32780, 1418, -17946
32784, 1418, -17942
32787, 1418, -17938
32790, 1418, -17935
32793, 1418, -17932
32796, 1419, -17930
32799, 1419, -17927
32803, 1419, -17926
32806, 1419, -17925
32809, 1419, -17923
32812, 1419, -17921
32815, 1419, -17920
32818, 1419, -17918
32821, 1419, -17916
32824, 1419, -17913
32828, 1419, -17911
32831, 1419, -17908
32834, 1419, -17905
32837, 1419, -17902
32840, 1420, -17898
32844, 1420, -17895
32847, 1420, -17890
32850, 1420, -17886
32853, 1420, -17881
32856, 1421, -17876
32859, 1421, -17870
32864, 1421, -17863
32867, 1422, -17857
32871, 1422, -17852
32874, 1422, -17846
32878, 1422, -17840
32881, 1423, -17835
32884, 1423, -17830
32887, 1423, -17825
32890, 1423, -17821
32893, 1423, -17816
32896, 1423, -17811
32899, 1423, -17806
32903, 1424, -17801
32906, 1424, -17796
32909, 1424, -17792
32912, 1424, -17787
32915, 1424, -17783
32918, 1424, -17779
32921, 1425, -17775
32924, 1425, -17771
32927, 1425, -17767
32931, 1425, -17764
32934, 1425, -17760
32937, 1425, -17757
32940, 1425, -17754
32943, 1425, -17752
32947, 1425, -17750
32950, 1425, -17748
32953, 1425, -17746
32956, 1425, -17744
32959, 1425, -17743
32962, 1425, -17741
32965, 1425, -17739
32968, 1425, -17736
32971, 1425, -17735
32975, 1425, -17733
32978, 1425, -17732
32981, 1426, -17730
34994, 1426, -17722
34998, 1426, -17723
35001, 1426, -17730
35005, 1426, -17733
35008, 1426, -17727
35011, 1427, -17698
35014, 1430, -17646
35018, 1433, -17569
35022, 1438, -17495
35025, 1443, -17413
35028, 1449, -17326
35031, 1454, -17236
35034, 1459, -17141
35037, 1464, -17047
35041, 1468, -16949
35044, 1472, -16850
35047, 1477, -16747
35050, 1481, -16644
35053, 1485, -16545
35057, 1490, -16451
35060, 1494, -16357
35063, 1498, -16194
35068, 1502, -16103
35072, 1506, -16016
35075, 1510, -15932
35078, 1514, -15846
35081, 1518, -15765
35084, 1521, -15686
35088, 1524, -15599
35091, 1527, -15520
35095, 1530, -15445
35098, 1533, -15365
35102, 1537, -15291
35105, 1540, -15217
35109, 1543, -15145
35112, 1546, -15075
35116, 1549, -15012
35119, 1551, -14957
35122, 1554, -14896
35126, 1557, -14828
35130, 1559, -14779
35133, 1561, -14730
35136, 1564, -14675
35139, 1566, -14626
35142, 1568, -14583
35145, 1570, -14541
35148, 1573, -14492
35152, 1574, -14447
35155, 1576, -14410
35158, 1577, -14372
35161, 1579, -14332
35164, 1581, -14290
35168, 1582, -14248
35171, 1583, -14212
35174, 1585, -14177
35178, 1587, -14135
35182, 1588, -14095
35185, 1590, -14059
35188, 1592, -14028
35192, 1593, -13997
35195, 1594, -13968
35199, 1596, -13934
35202, 1597, -13901
35206, 1599, -13873
35209, 1601, -13851
35212, 1602, -13829
35215, 1603, -13806
35219, 1603, -13779
35222, 1604, -13751
35225, 1605, -13723
35228, 1607, -13700
35232, 1608, -13680
35235, 1608, -13662
35238, 1609, -13644
35242, 1609, -13627
35245, 1610, -13608
35248, 1611, -13587
35251, 1612, -13563
35254, 1614, -13542
35258, 1615, -13524
35261, 1616, -13509
35264, 1616, -13496
35267, 1616, -13484
35270, 1616, -13472
35273, 1617, -13459
35276, 1617, -13445
35280, 1618, -13427
35283, 1619, -13408
35287, 1620, -13386
35290, 1621, -13370
35293, 1622, -13356
35297, 1623, -13344
35300, 1624, -13333
35303, 1624, -13323
35307, 1624, -13315
35310, 1624, -13309
35313, 1624, -13301
35317, 1624, -13293
35320, 1624, -13283
35324, 1625, -13274
35327, 1626, -13262
35331, 1626, -13248
35334, 1627, -13233
35338, 1628, -13216
35341, 1629, -13200
35345, 1630, -13185
35348, 1630, -13174
35351, 1631, -13165
35355, 1631, -13158
35358, 1631, -13152
35361, 1632, -13147
35365, 1631, -13142
35368, 1631, -13138
35371, 1632, -13135
35374, 1631, -13130
35377, 1631, -13126
35381, 1631, -13123
35384, 1631, -13119
35387, 1632, -13114
35390, 1632, -13110
35393, 1632, -13106
35396, 1633, -13100
35399, 1633, -13094
35403, 1633, -13088
35406, 1633, -13082
35409, 1633, -13076
35412, 1634, -13070
35415, 1635, -13063
35418, 1635, -13055
35421, 1636, -13048
35424, 1637, -13040
35427, 1637, -13032
35430, 1638, -13024
35433, 1638, -13017
35436, 1638, -13010
35440, 1638, -13005
35443, 1638, -13001
35446, 1638, -12997
35449, 1638, -12995
35452, 1638, -12992
35455, 1639, -12990
35458, 1639, -12987
35461, 1639, -12985
35464, 1639, -12984
35467, 1639, -12982
35471, 1639, -12981
35474, 1639, -12980
35477, 1639, -12980
35480, 1639, -12980
35483, 1638, -12979
35486, 1639, -12979
35490, 1638, -12979
35493, 1639, -12978
35496, 1639, -12977
35499, 1639, -12976
35502, 1638, -12976
35506, 1639, -12976
35509, 1639, -12976
35512, 1638, -12976
35515, 1639, -12975
35518, 1639, -12975
35521, 1638, -12974
35524, 1638, -12972
35527, 1639, -12972
35530, 1639, -12972
35533, 1639, -12971
35537, 1639, -12970
35540, 1639, -12970
35543, 1639, -12969
35546, 1639, -12968
35549, 1639, -12966
35552, 1639, -12964
35555, 1639, -12963
35558, 1639, -12961
35562, 1639, -12961
35565, 1639, -12958
35568, 1640, -12956
35571, 1640, -12954
35574, 1640, -12952
35577, 1640, -12950
35580, 1640, -12948
35583, 1640, -12946
35586, 1640, -12944
35589, 1641, -12942
35592, 1641, -12939
35595, 1641, -12937
35598, 1641, -12935
35601, 1641, -12933
35604, 1640, -12931
35607, 1640, -12929
35610, 1641, -12927
35614, 1640, -12926
35617, 1641, -12924
35620, 1641, -12923
35623, 1641, -12921
35626, 1641, -12919
35629, 1642, -12917
35632, 1642, -12915
35635, 1642, -12913
35638, 1642, -12911
35641, 1642, -12910
35644, 1643, -12909
37657, 1643, -12895
37660, 1643, -12895
37663, 1643, -12900
37667, 1643, -12904
37670, 1643, -12900
37673, 1643, -12881
37676, 1645, -12846
37680, 1649, -12799
37683, 1653, -12746
37686, 1658, -12682
37689, 1663, -12614
37692, 1668, -12540
37695, 1672, -12458
37698, 1677, -12377
37702, 1682, -12297
37705, 1686, -12215
37708, 1691, -12132
37711, 1696, -12049
37714, 1700, -11966
37717, 1704, -11885
37720, 1708, -11803
37723, 1712, -11722
37726, 1715, -11643
37729, 1719, -11562
37732, 1722, -11484
37736, 1725, -11407
37739, 1729, -11335
37742, 1732, -11260
37745, 1735, -11187
37748, 1739, -11111
37751, 1742, -11038
37755, 1745, -10976
37758, 1748, -10906
37761, 1751, -10840
37764, 1753, -10779
37767, 1756, -10715
37770, 1759, -10649
37774, 1761, -10591
37777, 1763, -10530
37780, 1765, -10469
37783, 1768, -10415
37786, 1770, -10359
37790, 1773, -10299
37793, 1775, -10247
37796, 1777, -10199
37799, 1780, -10143
37802, 1782, -10091
37805, 1783, -10046
37809, 1784, -10001
37812, 1787, -9948
37815, 1789, -9897
37818, 1791, -9856
37822, 1792, -9818
37825, 1794, -9775
37828, 1796, -9727
37831, 1797, -9685
37834, 1799, -9650
37837, 1800, -9615
37840, 1801, -9578
37843, 1803, -9535
37847, 1805, -9493
37850, 1806, -9458
37853, 1808, -9414
37858, 1809, -9380
37861, 1810, -9343
37864, 1812, -9304
37868, 1813, -9269
37871, 1815, -9234
37876, 1816, -9209
37879, 1817, -9182
37882, 1818, -9152
37885, 1819, -9117
37889, 1821, -9087
37892, 1822, -9061
37895, 1823, -9039
37898, 1823, -9018
37901, 1823, -8994
37905, 1824, -8971
37908, 1825, -8941
37912, 1826, -8908
37916, 1828, -8878
37919, 1829, -8848
37924, 1830, -8829
37928, 1830, -8811
37931, 1830, -8794
37934, 1831, -8776
37938, 1832, -8757
37941, 1833, -8732
37945, 1834, -8703
37949, 1835, -8677
37952, 1836, -8653
37956, 1837, -8636
37960, 1838, -8619
37964, 1838, -8605
37968, 1838, -8592
37972, 1839, -8580
37975, 1839, -8568
37979, 1840, -8551
37983, 1840, -8529
37988, 1841, -8512
37991, 1842, -8493
37994, 1843, -8473
37998, 1844, -8457
38001, 1845, -8443
38004, 1845, -8430
38007, 1845, -8421
38010, 1845, -8413
38014, 1845, -8406
38017, 1845, -8400
38020, 1845, -8395
38023, 1845, -8390
38027, 1845, -8384
38030, 1845, -8377
38034, 1846, -8370
38038, 1846, -8362
38041, 1847, -8352
38045, 1847, -8343
38048, 1847, -8333
38051, 1848, -8321
38055, 1849, -8310
38058, 1849, -8297
38062, 1850, -8284
38065, 1850, -8271
38068, 1851, -8254
38073, 1852, -8240
38076, 1852, -8227
38080, 1852, -8218
38084, 1852, -8209
38087, 1852, -8201
38092, 1852, -8196
38095, 1852, -8192
38098, 1853, -8189
38102, 1853, -8187
38105, 1852, -8184
38108, 1852, -8182
38111, 1852, -8180
38115, 1852, -8179
38118, 1852, -8177
38121, 1852, -8176
38125, 1852, -8175
38129, 1852, -8174
38132, 1852, -8172
38135, 1853, -8171
38138, 1853, -8169
38141, 1853, -8167
38144, 1853, -8165
38147, 1853, -8163
38150, 1853, -8162
38153, 1854, -8159
38157, 1854, -8157
38160, 1854, -8154
38163, 1854, -8151
38166, 1854, -8148
38169, 1854, -8145
38172, 1854, -8143
38175, 1854, -8139
38178, 1854, -8136
38181, 1854, -8132
38185, 1855, -8128
38188, 1855, -8124
38191, 1855, -8120
38194, 1855, -8116
38197, 1856, -8111
38200, 1855, -8107
38204, 1856, -8102
38207, 1856, -8098
38210, 1856, -8093
38213, 1856, -8089
38216, 1856, -8085
38219, 1856, -8081
38222, 1856, -8076
38226, 1857, -8073
38229, 1857, -8068
38232, 1857, -8064
38235, 1858, -8061
38238, 1858, -8058
38241, 1858, -8055
38245, 1858, -8052
38248, 1857, -8050
38251, 1857, -8047
38254, 1857, -8045
38257, 1858, -8042
38260, 1858, -8040
38264, 1858, -8037
38267, 1858, -8035
38270, 1859, -8033
