7470, -108.43, -42081
7479, -109.37, -42070
7489, -113.16, -41971
7499, -120.72, -41814
7507, -124.51, -41601
7517, -130.18, -41362
7527, -135.86, -41141
7535, -141.54, -40902
7545, -143.43, -40719
7553, -148.16, -40516
7562, -154.78, -40336
7571, -154.78, -40158
7581, -162.35, -39991
7589, -163.29, -39861
7598, -168.02, -39723
7606, -168.97, -39606
7615, -172.75, -39502
7623, -173.70, -39378
7632, -175.59, -39291
7641, -179.38, -39187
7650, -182.21, -39088
7658, -182.21, -39019
7667, -186.94, -38942
7676, -188.84, -38845
7685, -189.78, -38788
7694, -188.84, -38738
7703, -193.57, -38680
7712, -193.57, -38606
7720, -195.46, -38557
7728, -195.46, -38524
7737, -195.46, -38490
7747, -197.35, -38449
7755, -201.13, -38385
7765, -201.13, -38336
7773, -201.13, -38305
7782, -201.13, -38286
7790, -202.08, -38269
7799, -203.02, -38250
7808, -204.92, -38224
7816, -203.97, -38193
7824, -205.86, -38159
7833, -208.70, -38120
7841, -206.81, -38095
7850, -207.75, -38078
7859, -207.75, -38069
7868, -209.65, -38061
7877, -206.81, -38056
7885, -209.65, -38051
7894, -208.70, -38043
7903, -208.70, -38035
7911, -209.65, -38023
7920, -209.65, -38008
7928, -209.65, -37993
7937, -211.54, -37974
7946, -212.48, -37955
7955, -211.54, -37935
7964, -212.48, -37920
7973, -213.43, -37905
7981, -212.48, -37890
7989, -214.38, -37876
7998, -213.43, -37862
8007, -215.32, -37851
11026, -216.27, -37838
11035, -221.00, -37784
11045, -234.24, -37595
11054, -247.49, -37334
11063, -256.95, -37024
11072, -269.24, -36735
11080, -279.65, -36455
11089, -289.11, -36179
11098, -296.68, -35928
11106, -306.14, -35687
11115, -313.70, -35470
11123, -321.27, -35265
11132, -327.89, -35074
11140, -334.52, -34899
11148, -342.08, -34735
11157, -347.76, -34580
11165, -352.49, -34446
11174, -356.27, -34320
11182, -361.95, -34196
11190, -363.84, -34093
11199, -368.57, -33985
11207, -374.25, -33891
11215, -376.14, -33794
11224, -379.92, -33711
11232, -383.71, -33624
11241, -385.60, -33559
11249, -391.27, -33479
11257, -391.27, -33415
11266, -393.17, -33357
11275, -397.90, -33288
11284, -396.95, -33241
11292, -400.73, -33197
11300, -403.57, -33138
11309, -404.52, -33087
11318, -404.52, -33053
11326, -406.41, -33022
11335, -410.19, -32980
11343, -412.09, -32933
11352, -411.14, -32904
11360, -412.09, -32884
11369, -413.03, -32864
11377, -414.92, -32834
11386, -417.76, -32796
11395, -417.76, -32761
11403, -417.76, -32740
11412, -417.76, -32726
11420, -419.65, -32716
11429, -419.65, -32705
11438, -420.60, -32691
11446, -421.55, -32673
11455, -422.49, -32651
11463, -424.38, -32628
11472, -425.33, -32603
11480, -425.33, -32580
11488, -425.33, -32568
11497, -425.33, -32560
11505, -426.28, -32556
11514, -425.33, -32553
11523, -425.33, -32549
11531, -425.33, -32547
11540, -426.28, -32545
11548, -425.33, -32541
11557, -426.28, -32538
11565, -427.22, -32534
11574, -427.22, -32528
11582, -427.22, -32521
11590, -428.17, -32513
11599, -427.22, -32505
11608, -430.06, -32496
11617, -428.17, -32486
11625, -429.11, -32477
11634, -429.11, -32468
11642, -430.06, -32460
11650, -431.95, -32452
14669, -431.95, -32437
14677, -437.63, -32406
14686, -450.87, -32279
14694, -461.28, -32087
14703, -475.47, -31836
14713, -487.76, -31589
14722, -498.17, -31356
14730, -510.47, -31129
14739, -518.03, -30916
14747, -524.66, -30709
14756, -533.17, -30515
14764, -540.74, -30314
14773, -549.25, -30137
14782, -553.98, -29967
14791, -561.55, -29792
14800, -571.01, -29636
14809, -571.96, -29496
14819, -577.63, -29363
14827, -582.36, -29239
14836, -587.09, -29134
14844, -591.82, -29014
14853, -592.77, -28921
14862, -597.50, -28819
14870, -600.33, -28737
14878, -605.06, -28643
14887, -606.01, -28568
14896, -609.79, -28499
14904, -612.63, -28413
14913, -612.63, -28354
14922, -615.47, -28300
14930, -620.20, -28220
14939, -620.20, -28165
14948, -622.09, -28123
14956, -623.98, -28078
14965, -626.82, -28020
14973, -626.82, -27974
14981, -626.82, -27943
14990, -629.66, -27916
14998, -629.66, -27882
15007, -632.50, -27842
15015, -634.39, -27798
15023, -633.44, -27767
15032, -635.34, -27747
15040, -635.34, -27733
15048, -636.28, -27719
15057, -636.28, -27700
15066, -638.17, -27676
15074, -639.12, -27647
15083, -639.12, -27613
15091, -641.01, -27576
15100, -641.01, -27550
15109, -641.01, -27536
15118, -642.90, -27528
15127, -641.96, -27522
15135, -642.90, -27518
15144, -641.96, -27515
15152, -641.96, -27511
15161, -643.85, -27506
15169, -643.85, -27500
15178, -642.90, -27493
15186, -643.85, -27485
15194, -644.80, -27476
15203, -644.80, -27464
15211, -643.85, -27451
15221, -645.74, -27438
15230, -644.80, -27423
15239, -646.69, -27410
15247, -646.69, -27397
15256, -648.58, -27383
18275, -647.63, -27359
18284, -655.20, -27316
18292, -669.39, -27146
18300, -679.80, -26901
18309, -691.15, -26609
18317, -702.50, -26297
18325, -713.85, -25975
18334, -720.47, -25661
18342, -730.88, -25359
18350, -738.45, -25072
18359, -746.96, -24804
18367, -755.47, -24567
18376, -761.15, -24353
18384, -767.77, -24157
18392, -772.50, -23974
18401, -779.12, -23803
18409, -786.69, -23648
18417, -789.53, -23511
18426, -792.37, -23378
18434, -798.99, -23258
18443, -800.88, -23148
18451, -806.56, -23039
18460, -809.40, -22948
18468, -815.07, -22856
18476, -815.07, -22777
18485, -819.80, -22705
18493, -823.58, -22627
18502, -822.64, -22569
18511, -828.31, -22501
18519, -829.26, -22441
18528, -830.21, -22396
18536, -833.04, -22345
18545, -833.99, -22290
18553, -834.94, -22255
18561, -837.77, -22218
18570, -841.56, -22172
18579, -842.50, -22127
18587, -842.50, -22099
18595, -843.45, -22078
18604, -845.34, -22054
18612, -847.23, -22023
18621, -847.23, -21983
18630, -849.13, -21954
18638, -850.07, -21937
18647, -850.07, -21924
18655, -850.07, -21911
18663, -850.07, -21894
18672, -852.91, -21873
18680, -853.86, -21848
18689, -855.75, -21821
18697, -855.75, -21803
18706, -856.69, -21792
18714, -854.80, -21786
18723, -856.69, -21784
18731, -854.80, -21783
18739, -856.69, -21779
18748, -856.69, -21772
18757, -857.64, -21764
18765, -856.69, -21754
18774, -859.53, -21741
18782, -859.53, -21726
18790, -860.48, -21711
18799, -859.53, -21696
18808, -861.42, -21680
18817, -863.32, -21665
18825, -864.26, -21652
21843, -862.37, -21631
21852, -868.99, -21605
21860, -882.24, -21489
21869, -895.48, -21329
21877, -905.88, -21148
21886, -918.18, -20954
21894, -926.70, -20768
21903, -937.10, -20580
21911, -947.51, -20402
21920, -954.13, -20236
21928, -961.70, -20081
21937, -969.26, -19911
21947, -973.99, -19770
21956, -982.51, -19645
21965, -990.08, -19524
21973, -996.70, -19411
21982, -1000.48, -19311
21990, -1004.27, -19218
21999, -1008.05, -19122
22007, -1014.67, -19039
22016, -1017.51, -18961
22024, -1023.19, -18878
22033, -1024.13, -18804
22043, -1029.81, -18735
22051, -1031.70, -18676
22060, -1037.38, -18612
22069, -1036.43, -18558
22078, -1040.21, -18512
22087, -1043.05, -18457
22095, -1044.00, -18419
22104, -1046.83, -18376
22112, -1049.67, -18323
22121, -1050.62, -18290
22130, -1052.51, -18260
22138, -1055.35, -18222
22146, -1056.29, -18186
22155, -1057.24, -18163
22164, -1059.13, -18142
22173, -1061.02, -18114
22181, -1062.92, -18077
22190, -1063.86, -18046
22199, -1062.92, -18029
22208, -1064.81, -18015
22216, -1064.81, -18001
22225, -1066.70, -17982
22233, -1067.65, -17958
22242, -1069.54, -17933
22250, -1069.54, -17918
22259, -1070.48, -17909
22268, -1070.48, -17902
22277, -1070.48, -17896
22285, -1071.43, -17888
22294, -1071.43, -17877
22303, -1073.32, -17863
22311, -1075.21, -17847
22320, -1075.21, -17830
22328, -1075.21, -17813
22337, -1076.16, -17796
22345, -1077.11, -17785
22353, -1078.05, -17779
22362, -1077.11, -17775
22370, -1076.16, -17773
22379, -1076.16, -17771
22388, -1077.11, -17770
22397, -1077.11, -17768
22405, -1076.16, -17767
22414, -1076.16, -17766
22424, -1078.05, -17764
22433, -1077.11, -17760
22441, -1078.05, -17757
22450, -1078.05, -17753
22458, -1079.00, -17749
22467, -1079.00, -17745
22476, -1079.00, -17741
22484, -1078.05, -17736
22493, -1079.00, -17731
22502, -1079.00, -17727
22511, -1079.94, -17721
22519, -1079.94, -17716
22528, -1079.94, -17712
22537, -1079.94, -17707
22545, -1081.84, -17704
25564, -1080.89, -17695
25572, -1088.46, -17667
25582, -1101.70, -17554
25590, -1114.95, -17403
25599, -1124.41, -17204
25609, -1135.76, -17005
25618, -1149.00, -16803
25627, -1157.51, -16604
25636, -1166.03, -16429
25645, -1173.60, -16261
25653, -1181.16, -16092
25662, -1189.68, -15939
25670, -1194.41, -15788
25679, -1199.14, -15646
25688, -1205.76, -15505
25697, -1210.49, -15372
25705, -1217.11, -15244
25714, -1223.73, -15118
25723, -1226.57, -15003
25732, -1232.25, -14884
25742, -1235.08, -14770
25752, -1238.87, -14672
25760, -1245.49, -14580
25769, -1246.44, -14498
25778, -1249.27, -14418
25786, -1254.00, -14339
25794, -1254.00, -14278
25803, -1257.79, -14189
25812, -1259.68, -14125
25821, -1261.57, -14066
25831, -1263.46, -13991
25840, -1266.30, -13943
25848, -1267.25, -13893
25857, -1271.03, -13832
25865, -1271.03, -13781
25874, -1272.92, -13747
25882, -1273.87, -13713
25891, -1276.71, -13669
25899, -1277.65, -13612
25908, -1278.60, -13573
25917, -1278.60, -13547
25926, -1279.55, -13525
25934, -1281.44, -13499
25943, -1282.38, -13467
25951, -1285.22, -13425
25960, -1286.17, -13390
25969, -1286.17, -13371
25978, -1285.22, -13359
25986, -1286.17, -13349
25995, -1286.17, -13336
26003, -1287.11, -13319
26011, -1288.06, -13297
26020, -1289.95, -13273
26028, -1289.95, -13246
26038, -1289.95, -13219
26047, -1291.84, -13195
26055, -1290.90, -13181
26064, -1290.90, -13172
26073, -1291.84, -13167
26081, -1291.84, -13164
26090, -1292.79, -13162
26098, -1290.90, -13160
26107, -1290.90, -13157
26115, -1292.79, -13153
26124, -1293.73, -13147
26132, -1292.79, -13140
26141, -1292.79, -13131
26149, -1292.79, -13121
26159, -1294.68, -13108
26168, -1293.73, -13094
26176, -1294.68, -13081
26185, -1294.68, -13068
26194, -1295.63, -13056
26202, -1295.63, -13044
26211, -1297.52, -13033
29229, -1295.63, -13013
29238, -1303.19, -12967
29247, -1317.38, -12770
29256, -1328.74, -12489
29265, -1339.14, -12175
29274, -1350.49, -11825
29283, -1359.01, -11466
29291, -1371.31, -11094
29299, -1376.98, -10715
29308, -1384.55, -10341
29317, -1394.01, -9968
29325, -1401.58, -9601
29334, -1407.25, -9238
29343, -1414.82, -8870
29352, -1419.55, -8558
29361, -1425.23, -8275
29369, -1431.85, -8004
29378, -1436.58, -7767
29386, -1438.47, -7557
29395, -1444.15, -7343
29403, -1448.88, -7154
29412, -1451.71, -6979
29420, -1458.33, -6807
29429, -1458.33, -6666
29437, -1463.06, -6522
29446, -1465.90, -6397
29454, -1467.79, -6282
29462, -1470.63, -6161
29471, -1473.47, -6070
29479, -1475.36, -5966
29487, -1477.25, -5869
29496, -1479.15, -5796
29504, -1483.88, -5713
29513, -1483.88, -5626
29521, -1486.71, -5566
29530, -1486.71, -5511
29538, -1488.61, -5446
29547, -1489.55, -5377
29555, -1490.50, -5334
29563, -1493.34, -5293
29572, -1494.28, -5242
29581, -1495.23, -5186
29590, -1496.17, -5134
29598, -1497.12, -5104
29607, -1498.07, -5080
29615, -1498.07, -5054
29623, -1499.96, -5021
29631, -1501.85, -4982
29640, -1501.85, -4937
29648, -1501.85, -4895
29657, -1504.69, -4874
29665, -1503.74, -4862
29673, -1503.74, -4853
29682, -1504.69, -4844
29690, -1503.74, -4832
29699, -1505.63, -4815
29707, -1506.58, -4792
29715, -1507.53, -4765
29724, -1508.47, -4737
29732, -1510.36, -4710
29741, -1509.42, -4685
29749, -1508.47, -4659
29758, -1510.36, -4642
29766, -1510.36, -4634
29775, -1510.36, -4631
29784, -1509.42, -4631
29792, -1510.36, -4630
29800, -1513.20, -4629
29809, -1510.36, -4628
29817, -1510.36, -4627
29826, -1510.36, -4627
29835, -1510.36, -4625
29843, -1510.36, -4622
29851, -1510.36, -4619
29860, -1509.42, -4615
29868, -1513.20, -4609
29876, -1511.31, -4602
29885, -1512.26, -4597
29893, -1511.31, -4590
29902, -1512.26, -4584
29910, -1512.26, -4577
29918, -1513.20, -4570
29927, -1513.20, -4563
29935, -1515.09, -4555
32954, -1513.20, -4530
32964, -1520.77, -4471
32973, -1534.96, -4264
32982, -1546.31, -4006
32990, -1556.72, -3684
33000, -1569.01, -3365
33009, -1581.31, -3076
33018, -1589.83, -2798
33027, -1594.56, -2544
33035, -1603.07, -2305
33043, -1609.69, -2078
33052, -1619.15, -1868
33060, -1624.83, -1676
33069, -1631.45, -1491
33078, -1636.18, -1323
33086, -1643.75, -1161
33095, -1649.42, -1006
33104, -1652.26, -873
33112, -1655.10, -730
33122, -1664.56, -603
33130, -1666.45, -491
33139, -1668.34, -384
33147, -1673.07, -284
33156, -1674.96, -191
33164, -1679.69, -105
33173, -1681.59, -19
33181, -1683.48, 53
33190, -1688.21, 149
33199, -1688.21, 209
33208, -1692.94, 289
33217, -1694.83, 351
33225, -1695.78, 402
33234, -1701.45, 462
33242, -1700.51, 515
33251, -1701.45, 551
33259, -1703.34, 591
33268, -1705.23, 644
33276, -1708.07, 694
33285, -1707.13, 726
33293, -1709.02, 751
33302, -1709.96, 783
33311, -1713.75, 833
33321, -1712.80, 878
33331, -1713.75, 903
33339, -1714.69, 922
33348, -1715.64, 940
33356, -1715.64, 961
33365, -1719.42, 986
33373, -1721.32, 1015
33381, -1720.37, 1043
33389, -1721.32, 1061
33399, -1719.42, 1072
33407, -1721.32, 1080
33417, -1719.42, 1086
33426, -1721.32, 1094
33434, -1721.32, 1105
33443, -1721.32, 1120
33451, -1724.15, 1137
33460, -1724.15, 1158
33468, -1723.21, 1178
33476, -1726.05, 1203
33486, -1727.94, 1226
33495, -1726.05, 1243
33503, -1726.99, 1253
33512, -1727.94, 1255
33521, -1726.05, 1257
33531, -1726.99, 1257
33539, -1727.94, 1258
33548, -1727.94, 1258
33556, -1727.94, 1259
33564, -1727.94, 1259
33573, -1727.94, 1259
33581, -1726.99, 1261
33589, -1726.05, 1262
33599, -1727.94, 1264
33608, -1726.05, 1266
33617, -1727.94, 1268
33626, -1727.94, 1272
33634, -1728.88, 1276
33643, -1727.94, 1280
33651, -1726.99, 1283
33660, -1729.83, 1287
33669, -1727.94, 1292
33677, -1728.88, 1296
33686, -1728.88, 1300
33694, -1728.88, 1304
33702, -1727.94, 1309
33712, -1729.83, 1314
33721, -1729.83, 1319
33729, -1729.83, 1323
33739, -1730.78, 1327
36757, -1729.83, 1333
36766, -1736.45, 1378
36775, -1749.70, 1547
36784, -1761.99, 1763
36793, -1770.51, 2012
36802, -1782.81, 2263
36810, -1789.43, 2522
36819, -1801.72, 2790
36828, -1809.29, 3035
36836, -1816.86, 3269
36845, -1823.48, 3496
36853, -1830.10, 3723
36862, -1836.73, 3933
36871, -1843.35, 4126
36879, -1848.08, 4312
36887, -1852.81, 4489
36895, -1858.48, 4660
36904, -1865.10, 4823
36912, -1867.00, 4978
36921, -1871.73, 5149
36930, -1878.35, 5304
36939, -1880.24, 5457
36948, -1884.02, 5606
36958, -1889.70, 5740
36966, -1891.59, 5861
36976, -1896.32, 5988
36984, -1896.32, 6089
36993, -1901.05, 6200
37001, -1902.94, 6303
37010, -1905.78, 6391
37018, -1909.57, 6500
37027, -1908.62, 6577
37035, -1911.46, 6652
37044, -1914.30, 6749
37052, -1915.24, 6817
37061, -1917.13, 6874
37069, -1919.97, 6946
37077, -1920.92, 7028
37086, -1920.92, 7080
37094, -1921.86, 7123
37102, -1924.70, 7174
37111, -1925.65, 7248
37119, -1927.54, 7306
37127, -1927.54, 7346
37136, -1929.43, 7384
37146, -1929.43, 7421
37155, -1931.32, 7472
37164, -1933.22, 7534
37173, -1932.27, 7574
37182, -1933.22, 7597
37191, -1934.16, 7616
37199, -1935.11, 7638
37208, -1936.05, 7662
37216, -1937.00, 7687
37225, -1937.94, 7723
37234, -1940.78, 7768
37243, -1938.89, 7800
37252, -1938.89, 7819
37260, -1939.84, 7830
37268, -1939.84, 7838
37277, -1938.89, 7844
37286, -1940.78, 7852
37295, -1939.84, 7861
37304, -1939.84, 7873
37312, -1939.84, 7887
37320, -1941.73, 7904
37329, -1941.73, 7921
37337, -1942.67, 7938
37346, -1943.62, 7955
37355, -1944.57, 7975
37364, -1944.57, 7993
37372, -1944.57, 8012
37381, -1944.57, 8030
37389, -1943.62, 8046
37398, -1945.51, 8053
37408, -1943.62, 8056
37417, -1946.46, 8057
37425, -1943.62, 8058
37434, -1945.51, 8059
37443, -1946.46, 8060
37451, -1944.57, 8060
37459, -1944.57, 8061
37468, -1945.51, 8062
37477, -1944.57, 8063
37486, -1946.46, 8064
37494, -1945.51, 8064
37503, -1946.46, 8065
37512, -1944.57, 8067
37520, -1946.46, 8068
37528, -1945.51, 8070
37536, -1945.51, 8072
37545, -1944.57, 8075
37553, -1945.51, 8078
37561, -1946.46, 8082
37570, -1946.46, 8086
37578, -1945.51, 8092
37588, -1946.46, 8095
37596, -1946.46, 8099
37605, -1947.40, 8104
40624, -1947.40, 8139
40632, -1953.08, 8179
40640, -1965.38, 8345
40649, -1974.84, 8576
40657, -1984.30, 8834
40665, -1994.70, 9102
40674, -2003.22, 9361
40682, -2010.78, 9611
40690, -2023.08, 9857
40698, -2030.65, 10082
40707, -2035.38, 10288
40715, -2042.00, 10480
40723, -2048.62, 10665
40732, -2055.25, 10836
40740, -2060.92, 10994
40748, -2067.54, 11138
40757, -2070.38, 11279
40765, -2075.11, 11405
40774, -2081.73, 11525
40782, -2086.46, 11644
40791, -2090.25, 11745
40800, -2094.03, 11845
40808, -2098.76, 11940
40816, -2100.65, 12019
40825, -2104.44, 12108
40833, -2106.33, 12179
40842, -2111.06, 12254
40850, -2112.00, 12314
40858, -2117.68, 12384
40867, -2118.63, 12442
40875, -2120.52, 12494
40883, -2125.25, 12550
40892, -2124.30, 12591
40900, -2129.98, 12637
40908, -2130.92, 12691
40916, -2130.92, 12730
40925, -2131.87, 12762
40933, -2136.60, 12798
40942, -2136.60, 12837
40950, -2137.55, 12863
40958, -2137.55, 12888
40967, -2139.44, 12923
40976, -2142.28, 12966
40984, -2142.28, 12995
40993, -2144.17, 13016
41003, -2143.22, 13034
41012, -2145.11, 13054
41020, -2149.84, 13083
41029, -2150.79, 13106
41038, -2147.95, 13122
41046, -2148.90, 13132
41054, -2149.84, 13143
41063, -2149.84, 13156
41071, -2150.79, 13174
41080, -2151.73, 13198
41089, -2154.57, 13224
41098, -2154.57, 13248
41106, -2155.52, 13263
41115, -2155.52, 13271
41124, -2155.52, 13276
41132, -2153.63, 13281
41142, -2155.52, 13285
41150, -2156.46, 13286
41159, -2157.41, 13291
41167, -2156.46, 13297
41175, -2157.41, 13303
41184, -2157.41, 13311
41192, -2158.36, 13321
41201, -2158.36, 13331
41210, -2160.25, 13342
41219, -2161.19, 13353
41227, -2161.19, 13362
41236, -2162.14, 13372
41244, -2162.14, 13380
41252, -2161.19, 13385
41260, -2161.19, 13387
41269, -2161.19, 13388
41277, -2162.14, 13389
41285, -2161.19, 13390
41294, -2162.14, 13390
41302, -2160.25, 13390
41310, -2163.09, 13390
44329, -2162.14, 13395
44338, -2164.98, 13419
44347, -2158.36, 13400
44356, -2147.95, 13310
44364, -2138.49, 13163
44373, -2129.03, 12978
44383, -2117.68, 12791
44392, -2107.27, 12595
44402, -2098.76, 12409
44411, -2090.25, 12213
44420, -2081.73, 12041
44428, -2075.11, 11875
44437, -2069.44, 11715
44445, -2062.81, 11559
44453, -2056.19, 11409
44462, -2048.62, 11261
44470, -2042.95, 11121
44479, -2039.16, 10972
44488, -2032.54, 10840
44497, -2029.70, 10705
44507, -2024.97, 10569
44516, -2018.35, 10452
44525, -2015.51, 10346
44533, -2011.73, 10239
44542, -2007.95, 10139
44550, -2005.11, 10047
44559, -2001.32, 9955
44567, -1999.43, 9869
44576, -1996.59, 9793
44584, -1994.70, 9705
44593, -1993.76, 9631
44602, -1989.03, 9544
44611, -1987.14, 9477
44620, -1984.30, 9413
44628, -1981.46, 9339
44637, -1980.51, 9287
44645, -1979.57, 9239
44654, -1975.78, 9174
44663, -1975.78, 9112
44671, -1974.84, 9072
44679, -1973.89, 9036
44688, -1971.05, 8989
44696, -1969.16, 8933
44705, -1969.16, 8894
44713, -1969.16, 8866
44721, -1967.27, 8838
44730, -1968.22, 8805
44738, -1963.49, 8763
44746, -1963.49, 8716
44755, -1963.49, 8686
44763, -1962.54, 8669
44771, -1962.54, 8657
44779, -1962.54, 8641
44787, -1960.65, 8619
44796, -1960.65, 8588
44804, -1957.81, 8554
44812, -1957.81, 8516
44821, -1956.86, 8486
44829, -1957.81, 8469
44838, -1956.86, 8457
44846, -1956.86, 8450
44855, -1957.81, 8444
44863, -1956.86, 8438
44872, -1955.92, 8429
44880, -1956.86, 8419
44888, -1955.92, 8406
44897, -1954.97, 8390
44905, -1953.08, 8366
44915, -1953.08, 8342
44923, -1952.13, 8316
44933, -1952.13, 8295
44942, -1953.08, 8272
44951, -1950.24, 8256
44959, -1950.24, 8246
44968, -1951.19, 8241
44976, -1950.24, 8237
44984, -1951.19, 8235
44993, -1952.13, 8233
45001, -1951.19, 8232
45009, -1952.13, 8232
45018, -1951.19, 8231
45026, -1951.19, 8231
45034, -1952.13, 8230
45043, -1949.30, 8229
45051, -1950.24, 8229
45060, -1949.30, 8227
45069, -1950.24, 8226
45078, -1950.24, 8225
45087, -1951.19, 8225
45095, -1950.24, 8224
45104, -1952.13, 8222
45112, -1950.24, 8219
45121, -1950.24, 8215
45130, -1951.19, 8211
45140, -1951.19, 8208
45149, -1949.30, 8203
45157, -1949.30, 8199
45167, -1949.30, 8194
45175, -1950.24, 8190
45184, -1950.24, 8186
45193, -1949.30, 8181
45201, -1950.24, 8176
45210, -1949.30, 8172
45218, -1948.35, 8168
48236, -1949.30, 8139
48246, -1950.24, 8164
48255, -1941.73, 8097
48265, -1931.32, 7896
48273, -1919.03, 7572
48283, -1908.62, 7193
48293, -1898.21, 6863
48301, -1889.70, 6527
48310, -1881.19, 6211
48319, -1871.73, 5905
48327, -1863.21, 5595
48337, -1856.59, 5299
48346, -1849.97, 5053
48355, -1842.40, 4823
48364, -1837.67, 4608
48372, -1832.00, 4415
48381, -1824.43, 4227
48389, -1818.75, 4052
48398, -1813.08, 3895
48406, -1810.24, 3755
48415, -1805.51, 3617
48423, -1801.72, 3481
48432, -1799.83, 3368
48440, -1795.10, 3236
48449, -1791.32, 3133
48458, -1788.48, 3018
48468, -1781.86, 2923
48476, -1780.91, 2831
48485, -1779.02, 2757
48493, -1776.18, 2671
48501, -1774.29, 2608
48510, -1770.51, 2541
48518, -1769.56, 2466
48527, -1767.67, 2410
48536, -1764.83, 2347
48545, -1761.05, 2279
48554, -1761.99, 2232
48564, -1760.10, 2182
48573, -1757.26, 2124
48581, -1756.32, 2084
48590, -1756.32, 2055
48598, -1755.37, 2023
48607, -1751.59, 1978
48615, -1751.59, 1931
48623, -1749.70, 1902
48632, -1750.64, 1881
48640, -1749.70, 1860
48648, -1748.75, 1834
48657, -1744.97, 1798
48666, -1744.02, 1758
48676, -1744.97, 1737
48684, -1743.07, 1723
48693, -1744.97, 1713
48701, -1743.07, 1701
48709, -1743.07, 1683
48719, -1741.18, 1663
48727, -1740.24, 1636
48737, -1740.24, 1608
48746, -1737.40, 1581
48755, -1738.34, 1561
48765, -1738.34, 1551
48773, -1739.29, 1544
48782, -1738.34, 1539
48790, -1737.40, 1537
48799, -1737.40, 1533
48807, -1737.40, 1530
48816, -1737.40, 1526
48824, -1736.45, 1519
48834, -1735.51, 1512
48842, -1736.45, 1506
48851, -1736.45, 1500
48860, -1736.45, 1491
48868, -1736.45, 1479
48877, -1733.61, 1466
48885, -1734.56, 1453
48894, -1734.56, 1440
48903, -1731.72, 1427
51921, -1732.67, 1398
51930, -1737.40, 1423
51939, -1726.99, 1386
51948, -1715.64, 1260
51956, -1705.23, 1078
51964, -1697.67, 866
51973, -1688.21, 632
51982, -1678.75, 406
51990, -1669.29, 186
51999, -1661.72, -30
52007, -1654.15, -241
52015, -1646.58, -449
52024, -1638.07, -650
52032, -1631.45, -838
52040, -1625.77, -1017
52049, -1619.15, -1188
52057, -1613.47, -1359
52066, -1607.80, -1520
52074, -1603.07, -1673
52083, -1597.39, -1819
52091, -1594.56, -1954
52100, -1589.83, -2087
52108, -1584.15, -2215
52116, -1581.31, -2327
52125, -1577.53, -2448
52133, -1575.64, -2546
52141, -1569.96, -2661
52150, -1568.07, -2753
52159, -1565.23, -2853
52167, -1561.45, -2936
52176, -1558.61, -3026
52184, -1556.72, -3098
52193, -1555.77, -3168
52201, -1549.15, -3250
52209, -1549.15, -3309
52218, -1549.15, -3360
52226, -1546.31, -3427
52234, -1544.42, -3491
52243, -1543.47, -3534
52251, -1542.53, -3577
52259, -1539.69, -3631
52268, -1537.80, -3692
52276, -1537.80, -3731
52284, -1535.90, -3761
52293, -1534.96, -3794
52301, -1534.01, -3835
52309, -1531.17, -3882
52318, -1532.12, -3915
52326, -1532.12, -3936
52334, -1531.17, -3953
52343, -1530.23, -3976
52351, -1528.34, -4005
52360, -1528.34, -4038
52368, -1526.44, -4076
52376, -1524.55, -4114
52385, -1525.50, -4135
52393, -1526.45, -4147
52401, -1524.55, -4155
52410, -1525.50, -4161
52418, -1524.55, -4168
52427, -1522.66, -4178
52435, -1524.55, -4192
52444, -1522.66, -4210
52452, -1522.66, -4234
52460, -1520.77, -4260
52469, -1520.77, -4286
52477, -1519.82, -4310
52485, -1518.88, -4332
52494, -1517.93, -4353
52502, -1517.93, -4366
52511, -1517.93, -4373
52519, -1519.82, -4377
52528, -1517.93, -4378
52537, -1517.93, -4378
52545, -1518.88, -4378
52554, -1518.88, -4378
52563, -1517.93, -4378
52571, -1518.88, -4378
52580, -1518.88, -4378
52588, -1517.93, -4378
52598, -1518.88, -4379
52607, -1518.88, -4380
52617, -1517.93, -4382
52627, -1517.93, -4384
52635, -1516.99, -4388
52644, -1518.88, -4391
52652, -1516.99, -4395
52661, -1516.99, -4399
52669, -1518.88, -4403
52678, -1517.93, -4408
52686, -1516.99, -4413
52694, -1516.99, -4419
52703, -1516.04, -4426
52713, -1516.04, -4432
52722, -1516.99, -4437
52733, -1515.09, -4441
55751, -1515.09, -4467
55760, -1520.77, -4440
55768, -1509.42, -4503
55778, -1496.17, -4702
55787, -1486.71, -4985
55796, -1475.36, -5324
55806, -1464.96, -5651
55815, -1454.55, -6031
55824, -1444.15, -6377
55833, -1437.52, -6770
55843, -1428.06, -7115
55851, -1421.44, -7464
55860, -1414.82, -7808
55869, -1408.20, -8132
55877, -1401.58, -8450
55886, -1394.95, -8770
55894, -1386.44, -9075
55903, -1381.71, -9360
55912, -1377.93, -9616
55920, -1375.09, -9873
55929, -1367.52, -10126
55939, -1365.63, -10329
55947, -1360.90, -10547
55957, -1354.28, -10732
55966, -1354.28, -10885
55975, -1347.66, -11039
55984, -1346.71, -11163
55992, -1341.03, -11283
56001, -1341.03, -11401
56009, -1339.14, -11491
56018, -1334.41, -11610
56027, -1334.41, -11698
56036, -1332.52, -11773
56045, -1327.79, -11872
56055, -1325.90, -11945
56064, -1326.84, -11998
56072, -1324.95, -12057
56081, -1321.17, -12128
56089, -1319.28, -12183
56097, -1320.22, -12219
56106, -1319.28, -12254
56114, -1317.38, -12298
56122, -1314.55, -12349
56131, -1314.55, -12402
56140, -1313.60, -12434
56148, -1313.60, -12456
56158, -1312.65, -12477
56167, -1312.65, -12500
56175, -1311.71, -12532
56184, -1308.87, -12577
56194, -1306.03, -12620
56202, -1306.98, -12651
56210, -1306.98, -12669
56219, -1306.98, -12681
56227, -1306.98, -12689
56236, -1307.92, -12694
56245, -1306.98, -12702
56255, -1306.03, -12713
56263, -1306.03, -12726
56272, -1305.09, -12739
56280, -1304.14, -12757
56289, -1303.19, -12778
56297, -1302.25, -12799
56306, -1302.25, -12820
56314, -1301.30, -12841
56323, -1301.30, -12860
56331, -1301.30, -12876
56339, -1300.36, -12891
56348, -1301.30, -12901
56357, -1302.25, -12906
56365, -1300.36, -12910
56375, -1301.30, -12911
56384, -1300.36, -12913
56392, -1301.30, -12914
56401, -1301.30, -12914
56409, -1301.30, -12914
56418, -1300.36, -12914
56426, -1300.36, -12915
56434, -1301.30, -12915
56443, -1298.46, -12916
59462, -1300.36, -12930
59471, -1304.14, -12900
59480, -1292.79, -12956
59489, -1280.49, -13132
59497, -1268.19, -13370
59506, -1255.90, -13619
59515, -1246.44, -13875
59523, -1237.92, -14124
59532, -1228.46, -14394
59541, -1217.11, -14639
59551, -1210.49, -14862
59560, -1201.98, -15051
59568, -1195.35, -15235
59577, -1187.79, -15398
59585, -1181.16, -15549
59593, -1176.43, -15691
59602, -1169.81, -15825
59610, -1165.08, -15943
59619, -1160.35, -16053
59627, -1154.68, -16161
59636, -1149.00, -16260
59644, -1146.16, -16350
59653, -1142.38, -16439
59662, -1138.59, -16511
59670, -1135.76, -16591
59678, -1133.87, -16655
59687, -1128.19, -16723
59696, -1128.19, -16787
59705, -1124.41, -16843
59714, -1121.57, -16902
59722, -1119.68, -16943
59731, -1114.95, -16992
59740, -1114.95, -17041
59748, -1111.16, -17075
59757, -1112.11, -17113
59765, -1107.38, -17158
59774, -1108.32, -17193
59784, -1105.49, -17216
59793, -1105.49, -17244
59803, -1101.70, -17279
59811, -1100.76, -17314
59820, -1101.70, -17335
59828, -1100.76, -17349
59837, -1098.86, -17365
59845, -1096.97, -17385
59853, -1096.03, -17409
59862, -1094.13, -17436
59870, -1093.19, -17454
59879, -1093.19, -17465
59887, -1094.13, -17472
59895, -1093.19, -17478
59904, -1093.19, -17483
59912, -1093.19, -17490
59921, -1092.24, -17500
59929, -1090.35, -17513
59937, -1090.35, -17528
59946, -1088.46, -17544
59954, -1089.40, -17562
59963, -1086.57, -17578
59971, -1088.46, -17589
59980, -1086.57, -17595
59989, -1087.51, -17599
59997, -1086.57, -17601
60006, -1088.46, -17603
60014, -1086.57, -17605
60023, -1086.57, -17605
60031, -1086.57, -17607
60040, -1087.51, -17608
60048, -1086.57, -17611
60056, -1085.62, -17614
60065, -1086.57, -17618
60073, -1086.57, -17622
60082, -1084.67, -17627
60090, -1086.57, -17631
60098, -1085.62, -17637
60107, -1083.73, -17642
60116, -1083.73, -17648
60125, -1083.73, -17653
60133, -1084.67, -17658
60142, -1083.73, -17662
60150, -1084.67, -17666
60158, -1083.73, -17670
60167, -1083.73, -17675
60176, -1082.78, -17680
63194, -1081.84, -17689
63203, -1086.57, -17670
63211, -1075.21, -17714
63222, -1062.92, -17844
63231, -1048.73, -18002
63240, -1037.38, -18171
63249, -1027.92, -18338
63257, -1017.51, -18507
63266, -1009.94, -18670
63274, -1001.43, -18831
63283, -992.91, -18985
63291, -984.40, -19153
63301, -976.83, -19298
63310, -968.32, -19429
63318, -964.54, -19554
63327, -958.86, -19671
63335, -953.18, -19784
63344, -946.56, -19894
63353, -940.89, -19997
63362, -936.16, -20100
63371, -933.32, -20195
63380, -926.70, -20284
63389, -924.80, -20361
63398, -920.07, -20440
63407, -918.18, -20503
63416, -912.51, -20574
63425, -911.56, -20629
63433, -905.89, -20691
63442, -906.83, -20745
63450, -903.05, -20784
63459, -898.32, -20839
63468, -899.26, -20886
63476, -897.37, -20922
63485, -894.53, -20972
63495, -892.64, -21016
63504, -890.75, -21040
63512, -890.75, -21063
63521, -887.91, -21101
63530, -884.13, -21146
63539, -886.02, -21173
63547, -885.07, -21192
63556, -884.13, -21211
63564, -882.24, -21235
63573, -879.40, -21264
63581, -878.45, -21292
63590, -878.45, -21309
63598, -878.45, -21319
63606, -879.40, -21327
63615, -877.51, -21334
63623, -877.51, -21345
63631, -876.56, -21359
63640, -874.67, -21378
63648, -872.78, -21400
63657, -872.78, -21427
63666, -869.94, -21449
63675, -871.83, -21461
63684, -871.83, -21469
63692, -870.88, -21473
63702, -872.78, -21477
63711, -870.88, -21479
63720, -870.88, -21481
63728, -870.88, -21484
63738, -871.83, -21488
63746, -869.94, -21492
63755, -869.94, -21498
63763, -869.94, -21505
63772, -869.94, -21513
63780, -869.94, -21521
63789, -867.10, -21529
63797, -868.05, -21535
63805, -868.05, -21540
63814, -868.05, -21546
63823, -868.05, -21552
63831, -866.15, -21558
63839, -865.21, -21564
66858, -866.15, -21576
66867, -871.83, -21560
66875, -860.48, -21591
66885, -848.18, -21721
66894, -833.99, -21893
66902, -825.48, -22120
66912, -813.18, -22331
66920, -803.72, -22549
66929, -792.37, -22769
66937, -784.80, -22988
66946, -777.23, -23205
66954, -770.61, -23414
66963, -763.04, -23617
66971, -755.47, -23825
66980, -750.74, -24021
66988, -743.18, -24231
66998, -734.66, -24424
67007, -727.10, -24609
67016, -722.37, -24772
67025, -718.58, -24933
67034, -713.85, -25091
67042, -711.01, -25225
67051, -705.34, -25365
67059, -703.45, -25487
67068, -699.66, -25624
67077, -698.72, -25727
67085, -693.04, -25843
67094, -691.15, -25936
67102, -687.36, -26034
67112, -685.47, -26132
67120, -683.58, -26198
67129, -680.74, -26271
67137, -676.01, -26356
67146, -677.90, -26415
67154, -676.96, -26457
67163, -674.12, -26512
67172, -670.34, -26588
67181, -671.28, -26643
67189, -671.28, -26676
67198, -669.39, -26705
67207, -667.50, -26749
67217, -664.66, -26806
67226, -662.77, -26859
67235, -663.72, -26889
67243, -663.72, -26907
67251, -661.82, -26923
67260, -661.82, -26940
67268, -660.88, -26959
67277, -658.99, -26983
67285, -658.99, -27012
67293, -657.09, -27047
67302, -656.15, -27084
67311, -656.15, -27104
67319, -656.15, -27117
67329, -656.15, -27125
67338, -657.09, -27129
67347, -656.15, -27134
67355, -656.15, -27139
67364, -654.26, -27147
67372, -655.20, -27155
67381, -654.26, -27164
67389, -655.20, -27175
67397, -655.20, -27185
67406, -654.26, -27199
67415, -651.42, -27215
67425, -652.36, -27227
67433, -652.36, -27240
67443, -651.42, -27251
67452, -650.47, -27263
67463, -649.53, -27272
70481, -649.53, -27290
70489, -656.15, -27261
70498, -642.90, -27305
70506, -631.55, -27479
70515, -619.25, -27702
70523, -608.85, -27952
70532, -596.55, -28218
70540, -587.09, -28470
70549, -578.58, -28715
70557, -567.23, -28962
70566, -556.82, -29192
70574, -551.14, -29403
70583, -544.52, -29595
70591, -536.95, -29784
70600, -530.33, -29968
70609, -522.76, -30131
70618, -518.98, -30280
70627, -513.31, -30414
70635, -506.68, -30551
70644, -501.95, -30678
70653, -499.12, -30781
70662, -493.44, -30894
70670, -490.60, -30984
70679, -486.82, -31081
70687, -483.03, -31159
70696, -478.30, -31243
70704, -478.30, -31312
70713, -472.63, -31385
70722, -472.63, -31459
70731, -470.74, -31510
70740, -465.06, -31571
70748, -465.06, -31626
70757, -464.11, -31664
70765, -460.33, -31711
70774, -457.49, -31766
70782, -457.49, -31803
70791, -457.49, -31829
70799, -453.71, -31858
70807, -451.82, -31898
70816, -450.87, -31942
70824, -450.87, -31970
70833, -450.87, -31988
70842, -449.92, -32006
70850, -448.03, -32030
70859, -446.14, -32058
70867, -444.25, -32092
70876, -444.25, -32119
70884, -443.30, -32136
70892, -444.25, -32146
70901, -443.30, -32153
70909, -443.30, -32160
70917, -442.36, -32170
70926, -442.36, -32183
70934, -440.47, -32200
70943, -439.52, -32220
70952, -438.57, -32242
70960, -437.63, -32266
70969, -437.63, -32287
70978, -437.63, -32297
70987, -436.68, -32302
70995, -435.74, -32305
71004, -436.68, -32307
71012, -436.68, -32310
71021, -437.63, -32311
71029, -436.68, -32313
71037, -436.68, -32314
71046, -436.68, -32315
71054, -435.74, -32316
71062, -437.63, -32318
71071, -437.63, -32321
71080, -435.74, -32326
71088, -434.79, -32331
71096, -436.68, -32336
71104, -434.79, -32342
71113, -433.84, -32348
71121, -435.74, -32354
71130, -433.84, -32361
71138, -434.79, -32367
71147, -433.84, -32373
71155, -432.90, -32379
74173, -432.90, -32393
74182, -435.74, -32377
74191, -427.22, -32403
74200, -415.87, -32519
74209, -404.52, -32690
74217, -395.06, -32888
74226, -383.71, -33107
74235, -375.19, -33320
74244, -364.79, -33524
74252, -355.33, -33727
74261, -350.60, -33918
74269, -343.03, -34107
74277, -335.46, -34290
74285, -327.89, -34471
74294, -320.33, -34646
74302, -313.70, -34820
74311, -307.08, -34991
74320, -300.46, -35155
74329, -295.73, -35326
74338, -291.95, -35478
74348, -284.38, -35625
74358, -278.70, -35758
74366, -276.81, -35870
74375, -272.08, -35997
74384, -269.24, -36098
74393, -265.46, -36205
74401, -263.57, -36297
74410, -257.89, -36394
74419, -256.95, -36469
74428, -255.05, -36546
74436, -250.32, -36630
74445, -251.27, -36692
74453, -248.43, -36751
74462, -244.65, -36834
74471, -244.65, -36889
74480, -242.76, -36931
74489, -239.92, -36987
74498, -237.08, -37062
74507, -236.13, -37108
74516, -237.08, -37138
74524, -235.19, -37162
74533, -236.13, -37195
74541, -232.35, -37245
74550, -230.46, -37298
74558, -229.51, -37333
74567, -229.51, -37356
74576, -229.51, -37372
74585, -228.57, -37389
74594, -227.62, -37409
74602, -224.78, -37432
74611, -224.78, -37461
74619, -223.84, -37496
74628, -222.89, -37532
74636, -221.94, -37559
74645, -222.89, -37576
74654, -222.89, -37586
74663, -222.89, -37592
74672, -221.94, -37596
74681, -221.94, -37598
74690, -223.84, -37602
74698, -222.89, -37607
74708, -221.94, -37613
74716, -222.89, -37622
74725, -221.00, -37633
74733, -221.00, -37647
74742, -220.05, -37660
74750, -219.11, -37671
74759, -219.11, -37683
74767, -219.11, -37695
74775, -219.11, -37705
74784, -218.16, -37716
74792, -217.21, -37729
74801, -217.21, -37742
74809, -217.21, -37753
74819, -216.27, -37762
