4245, 2077, -8, 2077
4253, 2077, -8, 2078
4261, 2078, -10, 2079
4270, 2077, -23, 2077
4278, 2077, -36, 2078
4286, 2077, -66, 2076
4295, 2076, -101, 2074
4303, 2075, -140, 2073
4311, 2074, -217, 2069
4319, 2072, -275, 2071
4327, 2070, -352, 2064
4335, 2068, -435, 2064
4344, 2065, -512, 2061
4352, 2063, -621, 2058
4360, 2060, -703, 2056
4368, 2058, -815, 2051
4376, 2055, -912, 2051
4385, 2052, -1011, 2045
4393, 2049, -1129, 2045
4401, 2046, -1220, 2042
4409, 2044, -1344, 2037
4417, 2041, -1444, 2036
4426, 2038, -1561, 2031
4434, 2035, -1681, 2029
4442, 2031, -1782, 2026
4450, 2028, -1919, 2022
4458, 2026, -2022, 2022
4467, 2023, -2155, 2017
4475, 2020, -2278, 2016
4483, 2018, -2392, 2013
4491, 2015, -2537, 2009
4499, 2012, -2651, 2008
4508, 2009, -2800, 2002
4516, 2007, -2927, 2003
4524, 2004, -3052, 1998
4532, 2000, -3198, 1993
4541, 1998, -3311, 1994
4549, 1995, -3458, 1988
4557, 1992, -3571, 1987
4565, 1989, -3709, 1983
4574, 1986, -3839, 1980
4582, 1983, -3951, 1977
4591, 1980, -4089, 1973
4599, 1977, -4200, 1972
4608, 1973, -4335, 1967
4616, 1971, -4446, 1966
4624, 1968, -4556, 1963
4633, 1965, -4680, 1960
4641, 1962, -4779, 1957
4650, 1959, -4910, 1953
4658, 1957, -5005, 1952
4666, 1953, -5115, 1947
4675, 1951, -5222, 1947
4683, 1948, -5316, 1942
4691, 1945, -5438, 1938
4700, 1942, -5527, 1938
4708, 1939, -5639, 1932
4716, 1936, -5737, 1930
4725, 1933, -5840, 1927
4733, 1930, -5947, 1926
4742, 1927, -6033, 1923
4750, 1924, -6140, 1917
4758, 1921, -6226, 1916
4767, 1918, -6328, 1910
4775, 1915, -6420, 1909
4783, 1911, -6508, 1907
4792, 1909, -6608, 1904
4800, 1906, -6688, 1902
4809, 1903, -6788, 1897
4817, 1901, -6867, 1897
4826, 1898, -6960, 1892
4834, 1895, -7053, 1889
4843, 1892, -7130, 1886
4851, 1889, -7225, 1883
4859, 1886, -7300, 1882
4868, 1883, -7391, 1876
4876, 1880, -7469, 1876
4884, 1877, -7548, 1872
4892, 1875, -7641, 1870
4901, 1872, -7714, 1867
4909, 1869, -7808, 1862
4918, 1866, -7877, 1862
4926, 1863, -7963, 1857
4935, 1856, -8045, 1855
4943, 1853, -8116, 1852
4951, 1850, -8204, 1848
4960, 1847, -8271, 1846
4968, 1844, -8360, 1840
4976, 1836, -8429, 1842
4985, 1838, -8503, 1835
4993, 1835, -8586, 1834
5002, 1832, -8649, 1831
5010, 1829, -8731, 1826
5018, 1819, -8797, 1826
5026, 1822, -8872, 1820
5035, 1813, -8940, 1820
5043, 1816, -9005, 1815
5051, 1813, -9092, 1813
5060, 1810, -9155, 1810
5068, 1807, -9235, 1804
5076, 1797, -9301, 1805
5085, 1800, -9374, 1800
5093, 1797, -9448, 1799
5101, 1794, -9506, 1796
5110, 1792, -9586, 1792
5118, 1789, -9650, 1791
5127, 1786, -9722, 1785
5135, 1782, -9786, 1784
5143, 1779, -9849, 1781
5151, 1776, -9924, 1778
5159, 1772, -9979, 1776
5168, 1771, -10054, 1771
5176, 1767, -10118, 1769
5184, 1764, -10182, 1766
5192, 1761, -10253, 1764
5201, 1757, -10309, 1761
5209, 1754, -10386, 1756
5218, 1744, -10444, 1756
5226, 1747, -10509, 1750
5234, 1744, -10575, 1749
5242, 1741, -10632, 1746
5250, 1738, -10703, 1743
5259, 1735, -10756, 1741
5267, 1731, -10822, 1735
5275, 1723, -10881, 1736
5284, 1726, -10938, 1730
5292, 1722, -11004, 1728
5300, 1719, -11056, 1726
5308, 1716, -11130, 1720
5316, 1705, -11189, 1720
5325, 1708, -11251, 1715
5333, 1706, -11316, 1714
5341, 1702, -11371, 1709
5350, 1700, -11445, 1708
5358, 1696, -11500, 1706
5366, 1693, -11565, 1699
5374, 1684, -11625, 1700
5383, 1687, -11678, 1696
5391, 1683, -11745, 1693
5399, 1681, -11793, 1692
5408, 1679, -11835, 1690
5416, 1676, -11896, 1687
5424, 1674, -11942, 1685
5433, 1667, -11976, 1686
5441, 1670, -12014, 1682
5449, 1667, -12060, 1679
5458, 1660, -12096, 1679
5466, 1664, -12121, 1678
5475, 1657, -12139, 1678
5484, 1661, -12161, 1676
5492, 1660, -12188, 1675
5501, 1659, -12225, 1673
5509, 1657, -12259, 1671
5517, 1651, -12278, 1672
5525, 1655, -12291, 1671
5534, 1654, -12297, 1670
5542, 1647, -12299, 1670
5551, 1647, -12304, 1671
5561, 1647, -12310, 1671
5570, 1653, -12316, 1670
5578, 1647, -12324, 1671
5587, 1647, -12336, 1671
5596, 1653, -12346, 1667
5605, 1646, -12358, 1668
5613, 1651, -12374, 1667
5622, 1650, -12390, 1666
5630, 1648, -12410, 1665
5638, 1643, -12424, 1665
7656, 1647, -12447, 1664
7666, 1642, -12446, 1665
7675, 1646, -12455, 1663
7683, 1645, -12503, 1659
7693, 1643, -12540, 1657
7701, 1641, -12598, 1651
7709, 1632, -12645, 1652
7718, 1634, -12704, 1646
7726, 1631, -12766, 1645
7735, 1627, -12827, 1641
7744, 1624, -12895, 1639
7753, 1621, -12952, 1636
7762, 1618, -13024, 1631
7770, 1614, -13078, 1629
7779, 1611, -13145, 1625
7787, 1608, -13211, 1624
7796, 1604, -13274, 1618
7805, 1600, -13342, 1614
7813, 1596, -13395, 1613
7822, 1593, -13467, 1609
7830, 1590, -13524, 1608
7838, 1586, -13586, 1602
7846, 1578, -13652, 1602
7855, 1581, -13710, 1599
7864, 1576, -13790, 1593
7873, 1573, -13845, 1591
7882, 1570, -13916, 1588
7890, 1566, -13972, 1585
7899, 1562, -14040, 1580
7907, 1554, -14102, 1580
7916, 1555, -14159, 1575
7924, 1552, -14233, 1572
7933, 1549, -14296, 1571
7942, 1545, -14371, 1564
7951, 1537, -14427, 1564
7959, 1538, -14497, 1558
7967, 1530, -14559, 1558
7976, 1531, -14616, 1554
7984, 1529, -14690, 1551
7993, 1525, -14745, 1550
8001, 1522, -14818, 1545
8010, 1519, -14878, 1544
8018, 1516, -14942, 1537
8026, 1508, -15009, 1537
8034, 1509, -15068, 1532
8043, 1506, -15146, 1530
8052, 1501, -15207, 1528
8061, 1498, -15289, 1522
8070, 1495, -15353, 1521
8078, 1491, -15430, 1515
8087, 1488, -15496, 1514
8096, 1484, -15570, 1512
8106, 1482, -15648, 1508
8114, 1477, -15711, 1505
8123, 1475, -15794, 1501
8132, 1472, -15853, 1499
8140, 1467, -15930, 1494
8148, 1461, -15997, 1494
8158, 1461, -16072, 1488
8166, 1458, -16151, 1486
8175, 1453, -16225, 1482
8185, 1451, -16306, 1480
8193, 1447, -16370, 1476
8202, 1443, -16454, 1473
8211, 1440, -16527, 1471
8220, 1436, -16622, 1464
8230, 1430, -16689, 1464
8238, 1429, -16767, 1458
8247, 1425, -16841, 1456
8255, 1421, -16909, 1454
8263, 1418, -16993, 1451
8272, 1415, -17057, 1447
8281, 1412, -17150, 1443
8289, 1407, -17219, 1443
8298, 1405, -17297, 1438
8306, 1402, -17383, 1434
8315, 1399, -17464, 1433
8324, 1395, -17562, 1428
8334, 1391, -17633, 1426
8342, 1388, -17723, 1423
8351, 1386, -17793, 1421
8359, 1381, -17881, 1414
8367, 1376, -17961, 1414
8375, 1375, -18036, 1410
8384, 1372, -18133, 1407
8392, 1368, -18205, 1405
8401, 1365, -18307, 1400
8410, 1360, -18393, 1400
8419, 1359, -18489, 1393
8428, 1355, -18576, 1392
8436, 1351, -18665, 1388
8445, 1348, -18768, 1385
8454, 1345, -18855, 1383
8463, 1342, -18958, 1378
8471, 1336, -19036, 1378
8480, 1335, -19139, 1371
8488, 1330, -19227, 1371
8496, 1329, -19317, 1368
8505, 1325, -19417, 1364
8513, 1322, -19500, 1361
8522, 1319, -19604, 1357
8530, 1316, -19683, 1355
8539, 1311, -19779, 1351
8547, 1308, -19865, 1349
8556, 1305, -19962, 1346
8566, 1303, -20057, 1344
8574, 1299, -20133, 1341
8583, 1296, -20229, 1335
8591, 1291, -20301, 1335
8599, 1290, -20389, 1330
8607, 1287, -20469, 1329
8616, 1282, -20548, 1325
8625, 1280, -20640, 1322
8633, 1276, -20711, 1318
8642, 1273, -20801, 1314
8650, 1269, -20869, 1313
8659, 1265, -20950, 1307
8667, 1260, -21026, 1307
8676, 1259, -21099, 1303
8684, 1257, -21182, 1300
8693, 1254, -21244, 1298
8701, 1250, -21322, 1293
8709, 1245, -21395, 1293
8719, 1245, -21445, 1291
8727, 1242, -21509, 1286
8736, 1237, -21567, 1287
8745, 1237, -21605, 1285
8754, 1235, -21647, 1284
8762, 1233, -21698, 1280
8771, 1231, -21745, 1278
8780, 1227, -21775, 1279
8789, 1228, -21793, 1278
8797, 1224, -21814, 1278
8806, 1226, -21840, 1276
8814, 1225, -21874, 1273
8823, 1221, -21912, 1273
8832, 1223, -21939, 1271
8841, 1218, -21955, 1271
8851, 1217, -21963, 1271
8859, 1217, -21970, 1273
8868, 1220, -21974, 1272
8876, 1220, -21980, 1271
8886, 1217, -21990, 1271
8894, 1220, -22003, 1268
8903, 1216, -22018, 1268
8911, 1218, -22034, 1267
8920, 1214, -22052, 1267
8928, 1212, -22071, 1267
8937, 1214, -22088, 1265
8945, 1211, -22103, 1265
8954, 1213, -22116, 1264
8963, 1210, -22124, 1265
10981, 1212, -22134, 1264
10991, 1209, -22134, 1266
11000, 1212, -22145, 1263
11009, 1211, -22190, 1259
11017, 1209, -22227, 1256
11025, 1207, -22288, 1251
11033, 1203, -22341, 1249
11042, 1200, -22398, 1245
11050, 1197, -22463, 1244
11058, 1194, -22524, 1242
11068, 1190, -22596, 1238
11076, 1188, -22650, 1237
11085, 1185, -22719, 1231
11093, 1182, -22773, 1230
11102, 1179, -22831, 1225
11110, 1176, -22895, 1223
11118, 1173, -22945, 1221
11126, 1170, -23009, 1216
11134, 1167, -23059, 1215
11143, 1162, -23124, 1209
11152, 1156, -23181, 1209
11160, 1156, -23239, 1205
11170, 1153, -23307, 1201
11179, 1150, -23362, 1199
11188, 1148, -23432, 1196
11198, 1144, -23483, 1193
11207, 1141, -23552, 1188
11216, 1137, -23599, 1186
11225, 1133, -23659, 1181
11233, 1130, -23709, 1180
11241, 1127, -23759, 1176
11250, 1124, -23816, 1174
11258, 1121, -23861, 1171
11266, 1118, -23921, 1168
11275, 1116, -23969, 1166
11283, 1112, -24029, 1160
11293, 1105, -24079, 1160
11301, 1105, -24131, 1155
11310, 1102, -24188, 1153
11319, 1099, -24239, 1151
11328, 1097, -24295, 1146
11336, 1094, -24337, 1145
11345, 1090, -24394, 1138
11353, 1087, -24442, 1136
11362, 1083, -24499, 1134
11371, 1081, -24551, 1132
11380, 1077, -24599, 1128
11389, 1074, -24659, 1126
11398, 1071, -24705, 1123
11407, 1068, -24762, 1119
11416, 1065, -24804, 1117
11424, 1062, -24856, 1111
11432, 1054, -24902, 1111
11441, 1055, -24950, 1106
11449, 1052, -25002, 1104
11458, 1049, -25043, 1101
11466, 1047, -25097, 1098
11475, 1044, -25138, 1097
11483, 1041, -25192, 1090
11492, 1033, -25245, 1091
11502, 1034, -25291, 1086
11510, 1031, -25341, 1084
11519, 1028, -25385, 1081
11528, 1025, -25449, 1077
11537, 1022, -25495, 1076
11546, 1019, -25557, 1071
11556, 1016, -25599, 1069
11564, 1013, -25653, 1063
11573, 1005, -25698, 1065
11581, 1007, -25747, 1058
11590, 1003, -25803, 1056
11599, 1000, -25846, 1054
11608, 997, -25907, 1050
11618, 994, -25952, 1048
11626, 991, -26013, 1043
11636, 988, -26056, 1042
11645, 985, -26109, 1037
11653, 978, -26152, 1037
11662, 979, -26201, 1032
11670, 976, -26256, 1029
11679, 973, -26299, 1026
11687, 970, -26358, 1024
11697, 966, -26401, 1022
11706, 963, -26465, 1015
11716, 960, -26508, 1014
11724, 957, -26561, 1010
11732, 954, -26608, 1009
11741, 950, -26652, 1003
11749, 947, -26712, 1002
11759, 944, -26755, 999
11767, 941, -26810, 996
11776, 938, -26851, 993
11784, 935, -26903, 989
11792, 933, -26949, 988
11801, 930, -26995, 986
11809, 927, -27048, 983
11818, 925, -27087, 980
11826, 922, -27140, 975
11834, 919, -27181, 974
11842, 916, -27229, 969
11851, 913, -27281, 967
11860, 910, -27325, 966
11869, 907, -27381, 961
11878, 904, -27422, 959
11886, 901, -27480, 954
11895, 894, -27526, 955
11903, 895, -27580, 948
11912, 888, -27633, 949
11921, 890, -27682, 944
11930, 887, -27741, 941
11939, 884, -27785, 938
11947, 881, -27846, 937
11956, 878, -27890, 933
11964, 875, -27945, 928
11973, 867, -27993, 928
11981, 869, -28042, 923
11990, 866, -28098, 922
11998, 863, -28142, 921
12006, 860, -28205, 914
12016, 854, -28250, 915
12024, 855, -28306, 908
12032, 848, -28356, 908
12041, 848, -28409, 904
12050, 846, -28467, 902
12058, 843, -28519, 900
12068, 840, -28580, 894
12076, 833, -28626, 894
12087, 834, -28702, 888
12095, 831, -28747, 887
12103, 827, -28804, 881
12112, 821, -28862, 882
12121, 822, -28917, 878
12130, 819, -28976, 875
12139, 816, -29017, 873
12147, 814, -29068, 869
12157, 808, -29127, 870
12166, 809, -29165, 867
12175, 807, -29205, 863
12184, 805, -29257, 862
12193, 798, -29287, 862
12202, 801, -29310, 859
12210, 799, -29336, 858
12218, 798, -29372, 856
12227, 797, -29409, 855
12235, 790, -29432, 855
12244, 789, -29447, 855
12253, 794, -29460, 854
12262, 793, -29477, 853
12271, 792, -29502, 851
12280, 791, -29533, 850
12289, 790, -29560, 849
12297, 789, -29578, 848
12306, 783, -29587, 848
12315, 782, -29594, 849
12323, 787, -29599, 847
12332, 782, -29603, 848
12340, 782, -29608, 848
12349, 782, -29613, 848
12358, 786, -29618, 847
12366, 786, -29625, 846
12375, 785, -29637, 845
12383, 780, -29653, 845
12391, 779, -29668, 845
12400, 779, -29682, 845
12409, 783, -29691, 844
12417, 783, -29701, 842
12425, 778, -29713, 842
12434, 782, -29727, 841
12442, 777, -29735, 842
14460, 781, -29747, 841
14468, 776, -29747, 841
14477, 781, -29754, 840
14485, 780, -29792, 836
14493, 778, -29825, 835
14501, 776, -29879, 831
14509, 774, -29932, 829
14518, 771, -29982, 826
14526, 768, -30046, 823
14534, 766, -30094, 821
14542, 763, -30163, 816
14551, 760, -30221, 815
14559, 757, -30278, 812
14567, 754, -30345, 809
14575, 751, -30399, 807
14583, 749, -30472, 803
14592, 746, -30527, 802
14600, 743, -30590, 797
14608, 737, -30661, 797
14616, 738, -30719, 794
14624, 736, -30793, 791
14633, 733, -30849, 789
14641, 730, -30921, 783
14649, 724, -30992, 783
14658, 725, -31052, 780
14666, 722, -31131, 776
14674, 719, -31193, 774
14682, 717, -31269, 771
14691, 715, -31332, 770
14699, 712, -31403, 765
14708, 709, -31483, 763
14716, 707, -31545, 761
14724, 704, -31631, 757
14732, 701, -31698, 756
14741, 698, -31775, 751
14749, 691, -31851, 751
14757, 693, -31921, 747
14766, 690, -32010, 743
14774, 687, -32078, 741
14782, 685, -32168, 738
14791, 682, -32245, 737
14799, 679, -32324, 732
14807, 676, -32416, 731
14816, 674, -32499, 728
14825, 672, -32599, 724
14834, 669, -32673, 723
14842, 666, -32768, 718
14850, 664, -32850, 717
14859, 660, -32947, 712
14868, 653, -33045, 712
14876, 655, -33126, 710
14885, 653, -33241, 705
14894, 650, -33326, 703
14902, 647, -33436, 698
14911, 639, -33532, 698
14920, 641, -33636, 693
14928, 638, -33754, 691
14938, 636, -33850, 686
14947, 633, -33971, 685
14955, 630, -34059, 683
14963, 627, -34181, 678
14972, 624, -34278, 677
14980, 622, -34388, 672
14988, 614, -34512, 672
14997, 616, -34615, 667
15006, 613, -34751, 665
15014, 611, -34858, 664
15023, 608, -34999, 659
15032, 601, -35106, 660
15040, 603, -35240, 654
15049, 602, -35371, 653
15057, 599, -35485, 649
15066, 596, -35631, 647
15074, 593, -35745, 645
15083, 590, -35892, 639
15091, 582, -36011, 639
15099, 584, -36137, 634
15108, 582, -36271, 633
15117, 578, -36382, 629
15125, 576, -36529, 627
15134, 573, -36640, 624
15143, 570, -36776, 619
15152, 562, -36884, 620
15160, 566, -37009, 615
15169, 563, -37123, 614
15177, 560, -37225, 611
15186, 558, -37354, 606
15194, 549, -37454, 606
15203, 552, -37594, 601
15213, 549, -37701, 600
15222, 546, -37822, 593
15231, 537, -37929, 593
15240, 540, -38037, 589
15249, 538, -38144, 588
15257, 535, -38235, 584
15265, 532, -38352, 580
15274, 524, -38437, 580
15282, 527, -38553, 573
15291, 518, -38643, 574
15299, 521, -38735, 570
15307, 518, -38839, 567
15316, 515, -38919, 565
15324, 513, -39027, 561
15332, 510, -39111, 559
15341, 507, -39208, 555
15350, 504, -39300, 554
15358, 503, -39386, 551
15367, 500, -39486, 548
15375, 497, -39560, 545
15383, 495, -39658, 542
15392, 492, -39738, 541
15400, 489, -39826, 535
15409, 480, -39915, 535
15417, 484, -39996, 533
15426, 481, -40096, 528
15435, 478, -40183, 527
15445, 476, -40290, 523
15454, 474, -40369, 520
15464, 470, -40479, 516
15474, 468, -40551, 514
15482, 464, -40641, 509
15491, 461, -40715, 507
15499, 458, -40793, 505
15508, 455, -40881, 502
15516, 453, -40948, 501
15524, 451, -41037, 496
15533, 448, -41113, 495
15542, 445, -41199, 490
15551, 443, -41270, 488
15559, 439, -41345, 484
15568, 430, -41425, 484
15576, 435, -41487, 480
15584, 432, -41572, 475
15592, 422, -41636, 477
15601, 427, -41710, 472
15609, 424, -41788, 470
15617, 422, -41855, 467
15626, 419, -41940, 463
15635, 417, -42005, 462
15644, 414, -42089, 457
15652, 412, -42162, 456
15662, 409, -42246, 452
15671, 406, -42315, 450
15679, 403, -42383, 445
15688, 400, -42461, 444
15696, 398, -42520, 442
15705, 396, -42601, 440
15713, 393, -42663, 437
15722, 391, -42735, 432
15730, 381, -42802, 432
15738, 386, -42859, 429
15748, 383, -42942, 425
15757, 373, -42992, 426
15766, 379, -43037, 423
15774, 376, -43100, 419
15783, 374, -43155, 418
15792, 365, -43189, 418
15801, 371, -43226, 416
15809, 369, -43274, 412
15818, 361, -43311, 413
15826, 360, -43333, 413
15835, 366, -43351, 412
15843, 365, -43373, 411
15851, 364, -43409, 409
15860, 363, -43453, 406
15868, 361, -43487, 404
15878, 353, -43508, 406
15887, 352, -43520, 407
15896, 352, -43529, 407
15905, 358, -43535, 405
15913, 358, -43546, 404
15922, 358, -43565, 403
15930, 357, -43595, 401
15939, 348, -43629, 401
15947, 355, -43651, 399
15957, 347, -43663, 401
15965, 354, -43670, 400
15974, 346, -43675, 400
15983, 346, -43679, 400
15991, 346, -43681, 400
16000, 346, -43683, 400
16008, 346, -43684, 400
16016, 346, -43684, 400
16025, 353, -43685, 399
16033, 345, -43687, 399
16042, 345, -43690, 400
16050, 345, -43692, 400
16058, 353, -43695, 399
16067, 345, -43699, 399
16077, 345, -43707, 399
16086, 345, -43712, 399
16095, 345, -43716, 399
16103, 351, -43720, 398
16112, 344, -43724, 399
18130, 351, -43748, 397
18139, 344, -43748, 398
18149, 350, -43762, 396
18158, 349, -43805, 392
18166, 348, -43843, 390
18174, 346, -43912, 385
18183, 343, -43969, 384
18192, 340, -44036, 379
18200, 330, -44103, 379
18209, 334, -44164, 375
18218, 333, -44241, 373
18226, 330, -44301, 371
18236, 327, -44379, 365
18244, 324, -44438, 364
18253, 321, -44507, 360
18261, 311, -44567, 360
18269, 316, -44626, 355
18278, 314, -44698, 352
18286, 311, -44753, 350
18295, 308, -44827, 346
18303, 297, -44895, 346
18313, 303, -44968, 342
18321, 300, -45030, 340
18330, 298, -45101, 336
18340, 295, -45170, 334
18348, 293, -45227, 330
18356, 290, -45299, 327
18364, 279, -45352, 327
18373, 284, -45433, 320
18383, 281, -45495, 319
18391, 278, -45564, 316
18400, 276, -45631, 315
18409, 274, -45693, 311
18418, 271, -45766, 308
18426, 261, -45821, 308
18435, 266, -45904, 302
18445, 264, -45966, 301
18453, 261, -46041, 297
18462, 258, -46100, 294
18470, 255, -46166, 292
18479, 253, -46239, 288
18488, 250, -46297, 286
18496, 247, -46372, 283
18505, 245, -46436, 281
18514, 242, -46512, 278
18523, 239, -46571, 276
18531, 238, -46647, 272
18540, 235, -46719, 270
18550, 232, -46782, 265
18558, 229, -46854, 264
18566, 226, -46909, 261
18575, 223, -46988, 258
18583, 214, -47051, 259
18592, 219, -47127, 252
18601, 217, -47191, 251
18610, 214, -47257, 246
18618, 211, -47333, 245
18627, 209, -47391, 244
18635, 206, -47470, 238
18643, 196, -47530, 238
18652, 201, -47600, 233
18660, 199, -47666, 232
18668, 196, -47726, 230
18676, 193, -47803, 226
18685, 192, -47861, 225
18693, 189, -47935, 219
18701, 179, -48004, 220
18709, 184, -48072, 216
18718, 181, -48148, 214
18726, 180, -48208, 211
18735, 177, -48293, 206
18743, 166, -48365, 207
18753, 171, -48445, 201
18761, 161, -48515, 202
18770, 166, -48584, 196
18778, 164, -48661, 195
18786, 162, -48721, 192
18795, 159, -48805, 189
18803, 156, -48873, 187
18812, 154, -48952, 184
18820, 152, -49036, 182
18830, 150, -49119, 178
18839, 147, -49199, 176
18848, 144, -49267, 173
18857, 141, -49356, 168
18865, 131, -49429, 169
18874, 136, -49517, 163
18883, 134, -49589, 162
18891, 132, -49667, 159
18899, 130, -49755, 157
18909, 126, -49829, 153
18918, 124, -49916, 150
18926, 121, -49982, 148
18934, 118, -50079, 144
18943, 108, -50153, 145
18952, 114, -50241, 139
18960, 104, -50326, 139
18972, 109, -50446, 135
18981, 107, -50530, 131
18990, 104, -50613, 127
18999, 101, -50705, 126
19007, 98, -50777, 123
19015, 95, -50874, 120
19024, 85, -50951, 120
19032, 91, -51046, 113
19041, 88, -51139, 112
19050, 86, -51235, 110
19059, 83, -51335, 107
19068, 81, -51415, 104
19076, 79, -51522, 102
19085, 75, -51615, 100
19094, 73, -51718, 96
19103, 71, -51803, 94
19111, 68, -51895, 92
19119, 66, -51992, 88
19127, 64, -52077, 87
19136, 61, -52187, 83
19145, 59, -52270, 80
19153, 55, -52373, 75
19161, 45, -52460, 76
19170, 51, -52544, 73
19178, 48, -52645, 70
19186, 46, -52719, 69
19194, 44, -52820, 65
19203, 42, -52899, 63
19211, 40, -52979, 59
19219, 29, -53070, 59
19227, 35, -53143, 56
19236, 32, -53237, 52
19244, 30, -53306, 50
19252, 28, -53393, 46
19260, 18, -53473, 47
19269, 23, -53545, 41
19277, 20, -53635, 39
19286, 19, -53703, 38
19294, 16, -53788, 34
19303, 14, -53862, 33
19311, 12, -53934, 28
19319, 10, -54008, 27
19327, 7, -54071, 25
19335, 5, -54157, 22
19344, 2, -54222, 20
19352, -1, -54301, 15
19361, -2, -54374, 14
19369, -5, -54438, 12
19377, -7, -54515, 9
19386, -10, -54570, 7
19394, -12, -54649, 2
19402, -22, -54712, 2
19411, -20, -54775, 4094
19419, 1, -54845, 4093
19427, -1, -54904, 4090
19436, -3, -54977, 4086
19444, -6, -55030, 4086
19452, -8, -55096, 4081
19460, -11, -55162, 4080
19469, -14, -55219, 4077
19477, -16, -55288, 4074
19485, -18, -55335, 4074
19494, -21, -55405, 4069
19502, -23, -55464, 4067
19510, -26, -55521, 4063
19518, -29, -55582, 4062
19527, -31, -55633, 4060
19535, -34, -55703, 4056
19543, -36, -55754, 4055
19552, -39, -55810, 4051
19560, -41, -55867, 4050
19568, -44, -55917, 4048
19576, -46, -55979, 4043
19585, -49, -56023, 4043
19593, -51, -56063, 4041
19601, -53, -56114, 4037
19610, -55, -56154, 4037
19618, -57, -56188, 4035
19626, -59, -56232, 4031
19635, -61, -56277, 4031
19643, -63, -56306, 4031
19651, -64, -56327, 4029
19660, -66, -56348, 4028
19668, -67, -56382, 4026
19676, -68, -56412, 4026
19685, -69, -56433, 4025
19694, -70, -56450, 4024
19703, -71, -56472, 4022
19713, -72, -56501, 4023
19723, -73, -56537, 4019
19733, -74, -56562, 4019
19742, -75, -56575, 4020
19751, -76, -56584, 4019
19759, -76, -56586, 4019
19767, -77, -56590, 4017
19776, -77, -56598, 4017
19784, -78, -56609, 4017
19793, -78, -56624, 4016
19801, -79, -56644, 4014
19810, -80, -56664, 4015
19819, -80, -56676, 4014
19828, -81, -56683, 4014
19838, -81, -56687, 4014
19846, -81, -56689, 4015
19855, -82, -56693, 4013
19864, -82, -56695, 4013
19873, -82, -56697, 4014
19881, -82, -56701, 4014
19889, -82, -56706, 4015
19898, -82, -56714, 4013
19907, -82, -56725, 4012
19916, -83, -56737, 4010
19925, -83, -56749, 4011
19934, -85, -56763, 4009
19943, -85, -56775, 4011
19952, -86, -56786, 4009
19962, -86, -56794, 4010
19971, -86, -56802, 4010
19980, -86, -56809, 4008
19989, -87, -56814, 4008
19997, -87, -56819, 4007
20006, -88, -56824, 4006
22024, -88, -56831, 4007
22033, -89, -56831, 4007
22042, -89, -56836, 4007
22050, -89, -56856, 4004
22059, -90, -56873, 4002
22067, -92, -56919, 3998
22075, -94, -56963, 3998
22084, -96, -57008, 3994
22092, -99, -57061, 3991
22101, -102, -57102, 3988
22109, -104, -57162, 3986
22119, -107, -57207, 3985
22127, -110, -57267, 3980
22136, -112, -57313, 3979
22144, -115, -57361, 3975
22153, -117, -57410, 3973
22161, -120, -57455, 3970
22169, -123, -57514, 3968
22178, -125, -57558, 3967
22186, -128, -57612, 3962
22195, -130, -57654, 3962
22204, -132, -57714, 3957
22213, -135, -57771, 3955
22222, -138, -57819, 3952
22231, -140, -57877, 3950
22241, -144, -57924, 3946
22251, -146, -57994, 3943
22261, -149, -58038, 3941
22269, -152, -58092, 3937
22278, -155, -58131, 3935
22286, -158, -58185, 3930
22294, -161, -58236, 3931
22303, -164, -58284, 3927
22311, -166, -58340, 3924
22320, -169, -58381, 3923
22328, -171, -58436, 3917
22337, -174, -58487, 3919
22346, -177, -58550, 3912
22356, -179, -58597, 3911
22364, -182, -58643, 3908
22372, -184, -58693, 3906
22381, -188, -58739, 3903
22390, -190, -58798, 3900
22398, -192, -58848, 3899
22408, -196, -58902, 3891
22416, -199, -58945, 3892
22426, -202, -59005, 3888
22435, -204, -59056, 3887
22443, -207, -59105, 3884
22452, -209, -59155, 3882
22460, -211, -59195, 3880
22469, -214, -59256, 3876
22478, -216, -59307, 3874
22487, -219, -59364, 3870
22496, -222, -59408, 3869
22504, -225, -59455, 3863
22513, -228, -59509, 3863
22521, -231, -59553, 3859
22529, -234, -59613, 3856
22538, -236, -59655, 3855
22546, -239, -59705, 3851
22555, -241, -59751, 3851
22563, -244, -59799, 3847
22571, -246, -59859, 3845
22581, -249, -59905, 3841
22590, -251, -59959, 3838
22599, -254, -60001, 3836
22608, -257, -60058, 3832
22616, -260, -60103, 3832
22625, -262, -60152, 3828
22633, -265, -60201, 3826
22642, -267, -60243, 3823
22650, -270, -60303, 3820
22658, -273, -60348, 3818
22667, -276, -60403, 3813
22675, -278, -60448, 3812
22683, -281, -60495, 3809
22692, -284, -60554, 3807
22700, -287, -60601, 3803
22709, -289, -60660, 3800
22717, -292, -60702, 3801
22726, -294, -60759, 3795
22734, -297, -60809, 3795
22743, -299, -60861, 3791
22751, -301, -60920, 3789
22760, -304, -60963, 3787
22769, -307, -61030, 3783
22779, -310, -61082, 3779
22788, -313, -61145, 3776
22797, -315, -61194, 3776
22806, -319, -61252, 3771
22815, -321, -61303, 3771
22823, -323, -61353, 3770
22831, -325, -61415, 3764
22840, -328, -61461, 3763
22849, -330, -61524, 3758
22857, -333, -61572, 3759
22866, -337, -61639, 3751
22875, -339, -61694, 3752
22884, -342, -61748, 3748
22893, -344, -61807, 3746
22901, -347, -61857, 3745
22910, -349, -61931, 3741
22920, -352, -61979, 3739
22928, -355, -62043, 3734
22937, -357, -62092, 3735
22945, -360, -62152, 3729
22953, -362, -62211, 3729
22962, -365, -62260, 3725
22971, -367, -62330, 3723
22979, -370, -62381, 3722
22988, -373, -62458, 3715
22998, -376, -62509, 3715
23006, -379, -62572, 3710
23015, -381, -62631, 3709
23023, -384, -62687, 3707
23031, -387, -62753, 3704
23040, -389, -62803, 3702
23048, -391, -62876, 3699
23057, -394, -62933, 3696
23065, -397, -62998, 3693
23074, -399, -63060, 3693
23083, -402, -63121, 3688
23092, -404, -63198, 3687
23101, -407, -63262, 3684
23111, -409, -63337, 3680
23120, -412, -63402, 3680
23130, -414, -63486, 3675
23139, -417, -63542, 3673
23147, -420, -63618, 3668
23156, -423, -63681, 3668
23164, -426, -63749, 3665
23173, -428, -63819, 3663
23181, -431, -63877, 3661
23190, -433, -63966, 3657
23199, -435, -64026, 3657
23207, -438, -64107, 3650
23216, -440, -64176, 3651
23224, -443, -64248, 3647
23233, -446, -64323, 3644
23241, -449, -64386, 3642
23249, -451, -64475, 3640
23258, -453, -64540, 3638
23266, -456, -64625, 3633
23274, -458, -64702, 3633
23283, -461, -64774, 3630
23291, -464, -64867, 3626
23300, -466, -64936, 3624
23308, -469, -65031, 3619
23316, -472, -65100, 3620
23325, -474, -65186, 3617
23333, -477, -65275, 3614
23341, -479, -65341, 3612
23350, -481, -65435, 3609
23358, -484, -65510, 3607
23367, -486, -65570, 3608
23375, -488, -65653, 3601
23383, -490, -65724, 3604
23392, -491, -65773, 3603
23400, -492, -65825, 3600
23409, -495, -65904, 3597
23417, -496, -65960, 3595
23425, -497, -65998, 3596
23434, -499, -66036, 3595
23442, -500, -66088, 3593
23451, -502, -66153, 3591
23459, -503, -66195, 3590
23468, -504, -66222, 3591
23477, -505, -66243, 3590
23485, -506, -66268, 3588
23494, -506, -66303, 3588
23502, -507, -66347, 3587
23511, -508, -66399, 3585
23519, -509, -66432, 3586
23528, -509, -66452, 3585
23537, -510, -66465, 3585
23546, -511, -66475, 3584
23554, -511, -66487, 3585
23564, -511, -66501, 3584
23573, -511, -66521, 3583
23581, -512, -66548, 3583
23589, -513, -66582, 3580
23598, -514, -66620, 3580
23606, -515, -66657, 3579
23614, -515, -66680, 3580
23623, -516, -66690, 3579
23631, -516, -66697, 3579
23640, -516, -66701, 3580
23650, -516, -66703, 3579
23658, -516, -66706, 3579
23667, -516, -66707, 3580
23676, -516, -66710, 3579
23685, -516, -66713, 3579
23695, -517, -66715, 3578
23703, -517, -66718, 3579
23711, -517, -66722, 3578
23720, -517, -66726, 3579
23728, -517, -66732, 3579
23737, -517, -66738, 3578
23745, -517, -66746, 3578
23754, -517, -66757, 3577
23763, -518, -66769, 3577
23772, -518, -66783, 3576
23780, -519, -66800, 3576
23790, -519, -66815, 3576
23798, -519, -66828, 3577
23807, -520, -66840, 3574
23816, -520, -66851, 3576
23824, -520, -66860, 3575
23833, -520, -66868, 3576
23841, -520, -66875, 3575
23850, -520, -66881, 3576
23859, -520, -66887, 3574
23868, -521, -66893, 3573
25886, -521, -66886, 3575
25894, -521, -66884, 3575
25903, -521, -66895, 3574
25912, -521, -66914, 3574
25921, -521, -66929, 3574
25929, -522, -66978, 3570
25937, -523, -67031, 3569
25946, -525, -67100, 3567
25954, -527, -67196, 3565
25962, -529, -67275, 3563
25971, -531, -67392, 3559
25979, -533, -67482, 3559
25987, -536, -67595, 3554
25996, -538, -67703, 3554
26004, -540, -67800, 3551
26012, -543, -67929, 3547
26021, -545, -68023, 3545
26029, -548, -68153, 3543
26037, -550, -68269, 3542
26047, -553, -68399, 3537
26056, -555, -68520, 3537
26065, -557, -68635, 3534
26074, -559, -68767, 3532
26082, -562, -68884, 3528
26092, -564, -69018, 3527
26101, -567, -69113, 3524
26109, -569, -69240, 3520
26118, -572, -69337, 3520
26126, -575, -69447, 3514
26135, -577, -69561, 3515
26143, -579, -69654, 3513
26152, -582, -69779, 3507
26161, -584, -69868, 3507
26169, -587, -69985, 3503
26178, -589, -70085, 3502
26186, -592, -70191, 3497
26195, -595, -70296, 3496
26204, -597, -70384, 3493
26212, -600, -70511, 3492
26222, -602, -70597, 3489
26230, -604, -70705, 3487
26239, -607, -70789, 3484
26247, -609, -70886, 3481
26255, -611, -70978, 3480
26264, -614, -71064, 3477
26272, -616, -71172, 3474
26282, -619, -71252, 3473
26290, -621, -71357, 3468
26299, -624, -71435, 3467
26307, -627, -71534, 3463
26316, -629, -71624, 3463
26324, -632, -71703, 3458
26333, -634, -71802, 3457
26341, -636, -71875, 3456
26349, -639, -71969, 3451
26358, -641, -72046, 3451
26366, -643, -72129, 3446
26375, -646, -72215, 3445
26384, -648, -72302, 3443
26393, -651, -72390, 3439
26401, -654, -72457, 3437
26410, -656, -72554, 3433
26419, -659, -72626, 3433
26428, -662, -72712, 3427
26436, -664, -72794, 3428
26445, -667, -72869, 3423
26454, -669, -72950, 3421
26462, -672, -73013, 3420
26471, -674, -73111, 3415
26480, -677, -73175, 3415
26489, -679, -73260, 3410
26497, -682, -73329, 3409
26506, -685, -73407, 3405
26515, -687, -73485, 3404
26525, -690, -73554, 3400
26533, -692, -73637, 3399
26542, -695, -73703, 3397
26551, -697, -73788, 3394
26560, -699, -73848, 3391
26568, -702, -73925, 3386
26577, -705, -73987, 3386
26585, -708, -74054, 3383
26594, -710, -74129, 3381
26603, -712, -74189, 3380
26611, -714, -74262, 3378
26619, -716, -74319, 3374
26628, -719, -74394, 3370
26637, -721, -74454, 3371
26645, -724, -74523, 3367
26654, -726, -74596, 3365
26663, -728, -74665, 3363
26673, -731, -74736, 3359
26681, -733, -74788, 3357
26690, -736, -74863, 3352
26698, -739, -74918, 3351
26707, -742, -74986, 3348
26716, -744, -75045, 3348
26724, -747, -75105, 3345
26733, -749, -75177, 3341
26741, -751, -75231, 3339
26750, -754, -75302, 3337
26759, -756, -75355, 3336
26768, -759, -75423, 3330
26776, -761, -75482, 3329
26785, -764, -75537, 3327
26794, -766, -75605, 3326
26802, -769, -75656, 3323
26810, -771, -75725, 3319
26819, -773, -75776, 3319
26827, -775, -75839, 3314
26836, -778, -75902, 3314
26845, -781, -75959, 3309
26853, -783, -76028, 3307
26863, -785, -76085, 3307
26873, -788, -76157, 3302
26881, -790, -76215, 3301
26891, -793, -76281, 3298
26900, -795, -76327, 3294
26909, -799, -76391, 3290
26917, -801, -76442, 3291
26925, -804, -76495, 3284
26934, -807, -76555, 3284
26943, -809, -76606, 3283
26952, -812, -76684, 3278
26961, -814, -76740, 3277
26971, -816, -76808, 3274
26980, -819, -76853, 3272
26988, -822, -76917, 3267
26997, -824, -76970, 3267
27005, -827, -77023, 3265
27013, -829, -77082, 3261
27022, -832, -77126, 3260
27030, -834, -77192, 3256
27038, -836, -77241, 3255
27047, -839, -77301, 3251
27056, -841, -77354, 3250
27065, -844, -77412, 3247
27074, -846, -77475, 3245
27083, -848, -77526, 3243
27091, -851, -77593, 3240
27101, -853, -77640, 3238
27110, -856, -77707, 3232
27119, -858, -77757, 3233
27127, -861, -77815, 3229
27135, -864, -77868, 3226
27144, -867, -77917, 3225
27153, -868, -77987, 3223
27162, -871, -78041, 3221
27172, -873, -78107, 3217
27181, -875, -78151, 3215
27189, -878, -78215, 3210
27198, -881, -78265, 3210
27207, -884, -78325, 3205
27216, -887, -78375, 3204
27224, -889, -78422, 3203
27233, -891, -78483, 3199
27241, -894, -78529, 3198
27249, -896, -78589, 3194
27258, -898, -78636, 3194
27266, -901, -78700, 3189
27276, -903, -78755, 3189
27284, -905, -78807, 3185
27293, -908, -78868, 3182
27301, -911, -78910, 3180
27310, -913, -78968, 3177
27318, -915, -79018, 3177
27326, -917, -79056, 3175
27335, -919, -79108, 3173
27343, -921, -79149, 3171
27351, -922, -79178, 3170
27359, -924, -79211, 3169
27368, -926, -79261, 3166
27376, -927, -79294, 3166
27384, -928, -79318, 3166
27393, -929, -79344, 3165
27401, -931, -79381, 3161
27409, -932, -79415, 3162
27418, -933, -79436, 3160
27426, -934, -79451, 3160
27435, -935, -79469, 3159
27443, -936, -79493, 3157
27452, -937, -79529, 3156
27460, -938, -79555, 3155
27469, -939, -79572, 3154
27477, -940, -79582, 3156
27486, -940, -79593, 3155
27494, -941, -79604, 3153
27503, -941, -79620, 3153
27511, -942, -79640, 3152
27520, -943, -79667, 3150
27529, -944, -79689, 3149
27537, -945, -79699, 3149
27546, -946, -79706, 3149
27554, -946, -79711, 3151
27563, -946, -79714, 3150
27572, -946, -79719, 3147
27580, -947, -79723, 3148
27589, -947, -79728, 3149
27597, -947, -79735, 3149
27606, -948, -79742, 3147
27614, -948, -79751, 3147
27623, -948, -79764, 3148
27632, -948, -79778, 3145
27641, -949, -79793, 3145
27650, -950, -79809, 3145
27658, -950, -79825, 3143
27667, -951, -79842, 3143
27676, -952, -79844, 3143
27684, -952, -79845, 3145
27693, -952, -79845, 3145
27702, -951, -79845, 3145
27711, -951, -79845, 3145
27721, -951, -79845, 3144
27731, -951, -79846, 3145
27740, -951, -79846, 3145
27749, -951, -79846, 3145
27759, -951, -79846, 3143
27767, -951, -79847, 3144
27776, -951, -79848, 3144
27784, -951, -79849, 3145
27794, -952, -79850, 3144
27802, -952, -79851, 3143
27811, -952, -79852, 3143
27821, -952, -79854, 3144
27829, -952, -79854, 3144
27838, -952, -79855, 3144
27846, -952, -79857, 3144
27855, -952, -79858, 3144
27864, -952, -79860, 3144
27874, -952, -79860, 3144
27883, -952, -79861, 3144
27891, -952, -79863, 3143
27899, -952, -79865, 3141
27908, -952, -79868, 3145
27917, -953, -79870, 3142
27926, -953, -79873, 3143
27934, -953, -79875, 3144
27944, -952, -79878, 3143
27953, -953, -79881, 3143
27963, -953, -79881, 3142
27971, -953, -79881, 3143
27980, -953, -79881, 3142
27989, -953, -79881, 3144
27997, -953, -79882, 3143
28006, -953, -79884, 3142
28014, -953, -79886, 3141
28023, -953, -79888, 3142
28032, -954, -79890, 3141
30052, -954, -79906, 3141
30061, -954, -79904, 3141
30069, -955, -79909, 3140
30077, -955, -79918, 3140
30086, -955, -79925, 3140
30094, -956, -79951, 3136
30102, -957, -79980, 3136
30111, -958, -80016, 3134
30119, -960, -80073, 3131
30128, -962, -80119, 3130
30137, -964, -80182, 3125
30146, -967, -80234, 3124
30156, -970, -80300, 3119
30164, -972, -80351, 3119
30173, -976, -80409, 3113
30182, -978, -80466, 3115
30190, -980, -80521, 3110
30199, -982, -80589, 3109
30208, -985, -80642, 3105
30217, -987, -80717, 3102
30227, -990, -80768, 3101
30235, -993, -80839, 3096
30244, -996, -80894, 3096
30252, -998, -80958, 3093
30261, -1000, -81018, 3090
30270, -1003, -81081, 3087
30279, -1006, -81151, 3084
30288, -1008, -81203, 3082
30296, -1011, -81276, 3078
30305, -1014, -81333, 3078
30313, -1017, -81401, 3072
30322, -1019, -81465, 3073
30330, -1022, -81523, 3068
30339, -1024, -81597, 3066
30348, -1027, -81657, 3064
30357, -1029, -81731, 3061
30365, -1032, -81786, 3060
30374, -1035, -81858, 3054
30382, -1037, -81924, 3053
30391, -1040, -81989, 3050
30400, -1043, -82060, 3046
30409, -1046, -82119, 3046
30417, -1048, -82195, 3043
30425, -1050, -82250, 3041
30434, -1053, -82326, 3036
30443, -1055, -82391, 3036
30451, -1058, -82462, 3032
30460, -1061, -82531, 3030
30469, -1063, -82588, 3027
30477, -1066, -82667, 3025
30485, -1068, -82727, 3024
30494, -1071, -82801, 3018
30502, -1073, -82869, 3018
30511, -1076, -82934, 3014
30519, -1079, -83011, 3011
30528, -1081, -83069, 3011
30536, -1084, -83154, 3006
30545, -1086, -83217, 3006
30553, -1089, -83298, 3001
30562, -1091, -83371, 3000
30571, -1094, -83453, 2997
30581, -1096, -83539, 2994
30591, -1099, -83610, 2992
30600, -1102, -83709, 2987
30609, -1104, -83785, 2986
30619, -1107, -83872, 2983
30627, -1110, -83936, 2982
30635, -1113, -84022, 2974
30644, -1115, -84091, 2976
30652, -1118, -84182, 2972
30662, -1121, -84261, 2970
30670, -1124, -84333, 2967
30679, -1126, -84433, 2964
30689, -1129, -84506, 2962
30697, -1131, -84599, 2960
30706, -1134, -84672, 2957
30716, -1137, -84767, 2952
30724, -1139, -84841, 2953
30733, -1142, -84921, 2947
30741, -1145, -85004, 2946
30750, -1147, -85076, 2944
30758, -1149, -85166, 2941
30767, -1152, -85230, 2939
30775, -1154, -85315, 2936
30784, -1157, -85383, 2935
30792, -1159, -85468, 2930
30802, -1162, -85544, 2929
30810, -1165, -85609, 2925
30819, -1167, -85693, 2922
30827, -1170, -85756, 2920
30836, -1173, -85838, 2917
30844, -1176, -85900, 2916
30853, -1178, -85973, 2912
30861, -1181, -86046, 2910
30871, -1183, -86116, 2907
30879, -1186, -86193, 2904
30888, -1188, -86251, 2903
30896, -1191, -86329, 2899
30905, -1194, -86386, 2897
30913, -1196, -86455, 2893
30922, -1199, -86523, 2893
30931, -1201, -86580, 2890
30939, -1204, -86658, 2887
30948, -1206, -86712, 2885
30957, -1208, -86788, 2881
30966, -1211, -86843, 2879
30975, -1214, -86913, 2875
30983, -1217, -86972, 2875
30992, -1220, -87031, 2870
31000, -1222, -87100, 2869
31009, -1225, -87154, 2866
31018, -1227, -87225, 2862
31026, -1230, -87277, 2861
31035, -1233, -87345, 2856
31044, -1235, -87408, 2856
31054, -1239, -87472, 2850
31062, -1241, -87531, 2850
31071, -1244, -87587, 2847
31079, -1246, -87654, 2844
31088, -1249, -87704, 2842
31097, -1252, -87775, 2837
31106, -1254, -87832, 2836
31115, -1258, -87900, 2829
31124, -1261, -87954, 2828
31133, -1265, -88016, 2825
31142, -1267, -88077, 2824
31151, -1270, -88134, 2821
31160, -1273, -88200, 2817
31170, -1275, -88251, 2814
31178, -1278, -88313, 2812
31187, -1281, -88359, 2810
31195, -1284, -88422, 2805
31204, -1287, -88470, 2804
31213, -1289, -88523, 2800
31221, -1292, -88575, 2798
31230, -1295, -88627, 2796
31240, -1297, -88686, 2793
31249, -1300, -88730, 2791
31257, -1303, -88787, 2786
31266, -1305, -88826, 2786
31274, -1308, -88879, 2780
31283, -1311, -88927, 2781
31291, -1314, -88970, 2777
31299, -1316, -89025, 2773
31308, -1319, -89064, 2771
31317, -1322, -89121, 2768
31326, -1324, -89161, 2768
31334, -1327, -89212, 2762
31343, -1329, -89257, 2763
31351, -1332, -89299, 2758
31360, -1334, -89350, 2757
31369, -1337, -89388, 2754
31378, -1339, -89441, 2749
31386, -1342, -89479, 2749
31394, -1345, -89524, 2744
31403, -1347, -89566, 2745
31411, -1350, -89596, 2741
31420, -1352, -89637, 2738
31428, -1354, -89675, 2739
31437, -1356, -89701, 2737
31446, -1358, -89733, 2735
31455, -1359, -89772, 2732
31463, -1361, -89798, 2732
31472, -1362, -89817, 2732
31481, -1364, -89838, 2729
31490, -1365, -89870, 2726
31498, -1367, -89894, 2726
31507, -1368, -89909, 2727
31515, -1369, -89920, 2725
31524, -1370, -89932, 2725
31532, -1371, -89952, 2722
31541, -1372, -89981, 2719
31550, -1373, -90008, 2720
31558, -1374, -90023, 2720
31567, -1376, -90033, 2719
31576, -1376, -90039, 2720
31586, -1376, -90044, 2718
31594, -1377, -90050, 2718
31602, -1377, -90059, 2718
31611, -1378, -90069, 2716
31619, -1379, -90083, 2715
31627, -1379, -90098, 2714
31636, -1380, -90115, 2713
31644, -1381, -90125, 2713
31653, -1382, -90129, 2713
31661, -1382, -90131, 2713
31669, -1383, -90132, 2713
31678, -1382, -90133, 2714
31686, -1382, -90134, 2713
31695, -1382, -90135, 2713
31703, -1383, -90136, 2712
31712, -1382, -90137, 2714
31720, -1383, -90137, 2713
31729, -1383, -90138, 2713
31737, -1383, -90139, 2713
31745, -1382, -90140, 2713
31754, -1383, -90142, 2713
31763, -1383, -90145, 2711
31772, -1383, -90149, 2712
31781, -1384, -90154, 2711
31791, -1384, -90160, 2710
31800, -1385, -90166, 2709
31809, -1385, -90171, 2711
31818, -1386, -90176, 2709
31827, -1386, -90181, 2710
31835, -1386, -90185, 2711
31843, -1386, -90188, 2709
31852, -1386, -90191, 2709
31860, -1386, -90193, 2709
31869, -1386, -90196, 2709
31877, -1387, -90199, 2709
33897, -1386, -90200, 2711
33906, -1386, -90200, 2709
33916, -1386, -90203, 2709
33924, -1387, -90213, 2707
33933, -1387, -90224, 2708
33941, -1389, -90256, 2702
33950, -1390, -90284, 2703
33958, -1392, -90319, 2699
33967, -1394, -90357, 2697
33976, -1397, -90390, 2693
33984, -1399, -90441, 2690
33994, -1402, -90478, 2688
34003, -1405, -90526, 2686
34011, -1408, -90561, 2683
34020, -1410, -90604, 2679
34028, -1413, -90644, 2678
34037, -1415, -90683, 2675
34046, -1418, -90730, 2674
34054, -1420, -90765, 2672
34062, -1423, -90816, 2665
34072, -1425, -90850, 2665
34080, -1429, -90898, 2658
34089, -1432, -90940, 2659
34098, -1435, -90987, 2655
34107, -1437, -91034, 2654
34117, -1440, -91075, 2650
34126, -1443, -91126, 2647
34136, -1446, -91161, 2644
34144, -1448, -91209, 2642
34152, -1451, -91244, 2640
34161, -1454, -91291, 2636
34169, -1456, -91331, 2634
34178, -1459, -91376, 2631
34187, -1462, -91419, 2629
34197, -1464, -91459, 2626
34206, -1467, -91511, 2623
34216, -1470, -91549, 2620
34225, -1473, -91595, 2617
34233, -1475, -91632, 2618
34243, -1478, -91677, 2612
34251, -1480, -91709, 2610
34260, -1483, -91751, 2606
34268, -1485, -91790, 2606
34276, -1488, -91823, 2604
34285, -1491, -91865, 2599
34293, -1493, -91895, 2599
34301, -1495, -91935, 2593
34309, -1498, -91968, 2595
34318, -1500, -92004, 2592
34326, -1502, -92046, 2588
34334, -1505, -92081, 2587
34344, -1506, -92123, 2585
34353, -1508, -92152, 2584
34361, -1511, -92190, 2578
34370, -1513, -92219, 2580
34378, -1515, -92257, 2574
34388, -1518, -92293, 2573
34396, -1520, -92325, 2571
34405, -1522, -92365, 2569
34414, -1525, -92394, 2568
34423, -1527, -92434, 2564
34432, -1529, -92459, 2563
34441, -1531, -92496, 2558
34449, -1533, -92525, 2558
34458, -1536, -92564, 2556
34468, -1538, -92596, 2554
34476, -1540, -92624, 2552
34485, -1542, -92660, 2549
34494, -1543, -92687, 2550
34503, -1545, -92727, 2546
34512, -1548, -92753, 2543
34521, -1550, -92791, 2540
34529, -1552, -92824, 2539
34539, -1555, -92862, 2535
34548, -1557, -92896, 2535
34557, -1559, -92934, 2532
34567, -1562, -92974, 2528
34577, -1564, -93009, 2526
34585, -1567, -93052, 2524
34593, -1569, -93082, 2523
34602, -1572, -93127, 2519
34610, -1574, -93160, 2518
34619, -1576, -93200, 2513
34627, -1578, -93237, 2515
34636, -1581, -93271, 2510
34645, -1583, -93318, 2506
34653, -1586, -93353, 2506
34662, -1588, -93401, 2501
34671, -1591, -93435, 2501
34680, -1594, -93478, 2494
34688, -1596, -93515, 2495
34696, -1599, -93549, 2492
34705, -1601, -93594, 2489
34713, -1604, -93627, 2490
34722, -1605, -93674, 2486
34730, -1607, -93709, 2485
34739, -1610, -93748, 2480
34747, -1612, -93787, 2479
34756, -1615, -93822, 2475
34765, -1617, -93867, 2474
34773, -1620, -93900, 2472
34782, -1622, -93948, 2468
34791, -1624, -93983, 2467
34799, -1627, -94025, 2463
34808, -1629, -94063, 2463
34817, -1632, -94101, 2459
34825, -1634, -94145, 2457
34834, -1636, -94180, 2455
34842, -1638, -94228, 2452
34851, -1641, -94267, 2450
34861, -1643, -94320, 2447
34871, -1645, -94355, 2447
34879, -1648, -94399, 2441
34887, -1650, -94442, 2441
34896, -1653, -94482, 2438
34905, -1655, -94530, 2434
34914, -1658, -94563, 2435
34922, -1660, -94609, 2430
34931, -1662, -94644, 2430
34939, -1665, -94689, 2424
34948, -1667, -94730, 2425
34957, -1669, -94767, 2423
34965, -1671, -94811, 2420
34974, -1673, -94842, 2419
34982, -1675, -94886, 2415
34990, -1677, -94918, 2415
34999, -1680, -94959, 2411
35007, -1682, -94999, 2410
35016, -1684, -95037, 2407
35025, -1686, -95078, 2407
35034, -1688, -95108, 2405
35042, -1690, -95148, 2400
35051, -1692, -95179, 2401
35059, -1694, -95218, 2397
35068, -1696, -95256, 2397
35077, -1698, -95289, 2394
35087, -1699, -95327, 2392
35096, -1701, -95357, 2392
35105, -1703, -95398, 2389
35115, -1704, -95430, 2389
35124, -1706, -95474, 2385
35133, -1708, -95504, 2384
35141, -1710, -95544, 2381
35150, -1712, -95576, 2381
35158, -1714, -95609, 2378
35166, -1715, -95645, 2377
35175, -1717, -95678, 2376
35184, -1719, -95727, 2373
35194, -1720, -95761, 2372
35203, -1722, -95806, 2369
35212, -1724, -95834, 2367
35221, -1726, -95869, 2366
35229, -1728, -95897, 2364
35238, -1730, -95930, 2362
35247, -1732, -95966, 2361
35255, -1733, -95995, 2361
35264, -1734, -96032, 2359
35272, -1736, -96059, 2356
35280, -1737, -96093, 2355
35289, -1739, -96122, 2354
35298, -1740, -96153, 2352
35307, -1742, -96187, 2351
35317, -1744, -96219, 2348
35326, -1745, -96255, 2349
35334, -1746, -96284, 2346
35344, -1748, -96317, 2346
35352, -1749, -96344, 2344
35362, -1750, -96373, 2342
35370, -1751, -96394, 2343
35378, -1753, -96418, 2340
35387, -1754, -96446, 2340
35395, -1755, -96470, 2340
35403, -1755, -96501, 2338
35412, -1757, -96524, 2337
35421, -1758, -96553, 2335
35429, -1759, -96575, 2335
35438, -1760, -96599, 2333
35447, -1761, -96623, 2333
35456, -1762, -96643, 2331
35465, -1763, -96668, 2331
35475, -1764, -96688, 2330
35484, -1765, -96714, 2328
35492, -1766, -96734, 2328
35501, -1767, -96762, 2326
35509, -1768, -96785, 2325
35518, -1769, -96810, 2324
35527, -1770, -96833, 2323
35535, -1771, -96855, 2323
35544, -1772, -96881, 2322
35553, -1773, -96900, 2321
35562, -1774, -96928, 2320
35571, -1775, -96950, 2317
35580, -1777, -96977, 2315
35589, -1778, -97009, 2314
35597, -1780, -97034, 2314
35605, -1781, -97066, 2312
35614, -1782, -97098, 2313
35622, -1783, -97122, 2310
35631, -1784, -97151, 2309
35640, -1785, -97187, 2308
35650, -1786, -97209, 2307
35659, -1788, -97241, 2304
35668, -1789, -97283, 2303
35677, -1791, -97308, 2303
35685, -1792, -97329, 2303
35694, -1793, -97365, 2299
35702, -1794, -97396, 2300
35711, -1795, -97417, 2299
35720, -1795, -97433, 2300
35728, -1797, -97457, 2297
35737, -1797, -97507, 2295
35746, -1799, -97535, 2293
35755, -1800, -97557, 2294
35765, -1801, -97574, 2293
35774, -1802, -97599, 2292
35782, -1803, -97635, 2289
35791, -1804, -97663, 2290
35799, -1805, -97681, 2290
35807, -1806, -97692, 2289
35816, -1806, -97701, 2289
35824, -1806, -97709, 2289
35832, -1807, -97722, 2288
35841, -1807, -97750, 2286
35851, -1808, -97788, 2284
35860, -1809, -97817, 2284
35868, -1811, -97834, 2283
35877, -1812, -97845, 2283
35886, -1812, -97853, 2284
35895, -1812, -97859, 2284
35904, -1812, -97863, 2283
35913, -1812, -97866, 2284
35921, -1812, -97871, 2284
35930, -1812, -97878, 2283
35938, -1812, -97888, 2283
35947, -1813, -97902, 2281
35956, -1813, -97920, 2280
35965, -1814, -97945, 2279
35974, -1816, -97969, 2277
35983, -1816, -97981, 2279
35992, -1816, -97987, 2281
36001, -1817, -97991, 2278
36009, -1817, -97994, 2279
36018, -1816, -97995, 2279
36026, -1817, -97997, 2278
36035, -1817, -97997, 2279
36043, -1817, -97998, 2278
36052, -1817, -97999, 2278
36061, -1817, -97999, 2279
36069, -1817, -98000, 2278
36078, -1817, -98001, 2279
36087, -1817, -98002, 2278
36096, -1817, -98003, 2279
36106, -1817, -98004, 2279
36115, -1817, -98005, 2278
36124, -1817, -98006, 2277
36133, -1817, -98008, 2278
36141, -1818, -98009, 2278
36150, -1818, -98011, 2279
36159, -1818, -98013, 2278
36168, -1817, -98015, 2279
36176, -1817, -98018, 2278
36186, -1817, -98021, 2278
36195, -1817, -98027, 2278
36204, -1818, -98033, 2277
36212, -1818, -98040, 2276
36221, -1818, -98047, 2277
36231, -1819, -98056, 2277
36241, -1819, -98063, 2275
36249, -1819, -98069, 2276
36258, -1820, -98075, 2275
38276, -1820, -98078, 2276
38285, -1820, -98076, 2275
38295, -1820, -98081, 2275
38303, -1820, -98086, 2275
38312, -1820, -98083, 2277
38321, -1820, -98066, 2278
38330, -1819, -98046, 2277
38338, -1818, -97997, 2282
38346, -1816, -97947, 2282
38355, -1815, -97887, 2286
38363, -1812, -97808, 2290
38372, -1809, -97747, 2291
38380, -1806, -97659, 2297
38389, -1803, -97586, 2297
38397, -1800, -97505, 2302
38406, -1797, -97427, 2304
38415, -1794, -97352, 2307
38423, -1792, -97266, 2310
38432, -1788, -97201, 2313
38441, -1785, -97114, 2317
38449, -1783, -97045, 2318
38458, -1779, -96961, 2324
38467, -1776, -96885, 2325
38477, -1773, -96808, 2331
38485, -1769, -96734, 2333
38494, -1766, -96670, 2336
38502, -1763, -96590, 2340
38511, -1759, -96526, 2342
38519, -1756, -96439, 2347
38529, -1753, -96373, 2348
38538, -1749, -96294, 2354
38547, -1746, -96230, 2355
38556, -1743, -96167, 2360
38564, -1740, -96092, 2362
38572, -1736, -96030, 2366
38581, -1733, -95958, 2370
38589, -1730, -95901, 2370
38598, -1727, -95828, 2376
38607, -1724, -95766, 2377
38616, -1721, -95703, 2381
38624, -1718, -95637, 2384
38633, -1715, -95573, 2386
38642, -1712, -95497, 2391
38651, -1709, -95441, 2393
38660, -1705, -95372, 2399
38669, -1702, -95317, 2400
38677, -1698, -95255, 2405
38685, -1695, -95191, 2406
38695, -1692, -95135, 2410
38704, -1689, -95068, 2414
38712, -1685, -95016, 2416
38720, -1682, -94951, 2421
38729, -1679, -94902, 2420
38737, -1676, -94842, 2426
38746, -1673, -94777, 2428
38755, -1670, -94721, 2433
38764, -1667, -94658, 2435
38773, -1664, -94608, 2438
38781, -1660, -94544, 2442
38790, -1657, -94494, 2446
38798, -1653, -94434, 2451
38807, -1650, -94381, 2450
38816, -1647, -94329, 2455
38824, -1644, -94269, 2458
38832, -1641, -94220, 2460
38841, -1638, -94162, 2465
38849, -1635, -94117, 2467
38857, -1632, -94060, 2470
38866, -1629, -94008, 2471
38874, -1626, -93953, 2476
38883, -1623, -93898, 2480
38892, -1620, -93852, 2481
38900, -1617, -93786, 2487
38910, -1613, -93737, 2488
38919, -1610, -93677, 2493
38928, -1607, -93631, 2496
38937, -1603, -93570, 2501
38947, -1600, -93519, 2501
38955, -1596, -93465, 2505
38965, -1594, -93414, 2507
38973, -1591, -93365, 2511
38983, -1588, -93308, 2515
38991, -1585, -93264, 2517
39000, -1581, -93209, 2522
39008, -1578, -93168, 2523
39017, -1575, -93111, 2528
39026, -1572, -93064, 2529
39035, -1569, -93010, 2532
39045, -1566, -92959, 2535
39053, -1563, -92913, 2539
39063, -1560, -92857, 2543
39073, -1557, -92815, 2546
39081, -1553, -92758, 2549
39091, -1550, -92718, 2551
39099, -1546, -92669, 2557
39108, -1543, -92628, 2558
39117, -1540, -92578, 2563
39126, -1537, -92530, 2563
39134, -1534, -92485, 2566
39143, -1531, -92430, 2571
39152, -1528, -92391, 2573
39161, -1526, -92331, 2577
39170, -1522, -92289, 2579
39179, -1519, -92235, 2584
39188, -1516, -92192, 2584
39196, -1513, -92148, 2589
39204, -1510, -92100, 2591
39213, -1507, -92059, 2593
39221, -1505, -92005, 2597
39229, -1502, -91963, 2598
39238, -1499, -91914, 2605
39246, -1496, -91869, 2606
39255, -1492, -91824, 2610
39263, -1490, -91769, 2611
39272, -1486, -91724, 2616
39281, -1483, -91668, 2621
39290, -1480, -91627, 2621
39298, -1476, -91574, 2627
39307, -1473, -91527, 2628
39315, -1470, -91481, 2631
39323, -1467, -91428, 2635
39332, -1464, -91389, 2637
39340, -1461, -91337, 2641
39348, -1458, -91293, 2643
39357, -1455, -91242, 2648
39365, -1452, -91192, 2649
39373, -1449, -91150, 2653
39382, -1446, -91097, 2657
39390, -1443, -91056, 2658
39398, -1440, -91004, 2662
39407, -1437, -90957, 2664
39415, -1434, -90912, 2669
39424, -1431, -90862, 2671
39432, -1428, -90824, 2674
39440, -1424, -90776, 2678
39448, -1421, -90729, 2680
39457, -1419, -90697, 2678
39465, -1417, -90663, 2681
39473, -1415, -90624, 2686
39481, -1413, -90597, 2686
39490, -1412, -90578, 2685
39498, -1411, -90556, 2686
39506, -1409, -90524, 2691
39514, -1408, -90487, 2692
39523, -1406, -90463, 2692
39531, -1405, -90447, 2693
39540, -1403, -90434, 2693
39548, -1403, -90417, 2695
39556, -1401, -90396, 2698
39564, -1400, -90372, 2698
39573, -1399, -90353, 2700
39581, -1397, -90342, 2700
39589, -1397, -90335, 2699
39598, -1396, -90330, 2700
39606, -1396, -90326, 2700
39614, -1396, -90322, 2699
39623, -1396, -90316, 2701
39631, -1395, -90308, 2702
39639, -1395, -90298, 2701
39647, -1395, -90286, 2702
39656, -1394, -90273, 2704
39664, -1393, -90257, 2706
39672, -1392, -90240, 2705
39681, -1391, -90224, 2707
39689, -1390, -90212, 2707
39697, -1389, -90205, 2706
39706, -1389, -90200, 2707
39714, -1389, -90197, 2706
39723, -1389, -90195, 2706
39731, -1389, -90193, 2708
39741, -1389, -90193, 2706
39750, -1389, -90192, 2707
39758, -1389, -90192, 2708
39766, -1388, -90192, 2707
39775, -1389, -90192, 2706
39784, -1388, -90192, 2708
39793, -1388, -90191, 2707
39802, -1389, -90191, 2707
39811, -1389, -90191, 2706
39820, -1389, -90192, 2706
39829, -1389, -90192, 2707
39838, -1389, -90191, 2706
39847, -1389, -90191, 2707
39855, -1389, -90191, 2707
39864, -1389, -90190, 2707
39872, -1389, -90190, 2707
39881, -1389, -90189, 2707
39889, -1388, -90189, 2709
39899, -1388, -90187, 2706
39908, -1388, -90187, 2707
39917, -1388, -90186, 2707
39927, -1388, -90185, 2707
39935, -1389, -90185, 2708
39944, -1388, -90183, 2707
39952, -1388, -90182, 2708
39961, -1388, -90181, 2707
39969, -1388, -90180, 2708
39978, -1388, -90179, 2707
39986, -1388, -90178, 2708
39995, -1388, -90177, 2707
40003, -1388, -90176, 2707
40012, -1389, -90175, 2706
40021, -1388, -90174, 2709
40031, -1388, -90172, 2707
40040, -1388, -90171, 2707
40048, -1388, -90169, 2708
40057, -1388, -90168, 2708
40066, -1388, -90166, 2708
40074, -1388, -90165, 2708
40083, -1388, -90164, 2708
40091, -1387, -90162, 2709
42109, -1387, -90142, 2710
42118, -1387, -90142, 2710
42127, -1386, -90144, 2712
42136, -1385, -90147, 2710
42145, -1385, -90148, 2710
42154, -1385, -90146, 2710
42162, -1385, -90143, 2710
42171, -1384, -90121, 2716
42179, -1383, -90093, 2716
42187, -1381, -90060, 2719
42196, -1379, -90008, 2723
42204, -1376, -89966, 2724
42213, -1373, -89910, 2731
42221, -1370, -89864, 2730
42230, -1367, -89813, 2736
42239, -1364, -89758, 2738
42247, -1360, -89709, 2742
42256, -1358, -89651, 2744
42264, -1354, -89607, 2747
42272, -1351, -89552, 2752
42281, -1348, -89501, 2753
42290, -1345, -89447, 2758
42298, -1342, -89384, 2760
42308, -1338, -89336, 2764
42316, -1335, -89272, 2767
42325, -1332, -89223, 2769
42334, -1329, -89158, 2774
42343, -1325, -89108, 2777
42352, -1322, -89050, 2780
42360, -1319, -88994, 2781
42369, -1316, -88937, 2786
42378, -1313, -88879, 2789
42387, -1310, -88831, 2791
42395, -1307, -88769, 2796
42403, -1304, -88719, 2797
42412, -1301, -88649, 2802
42421, -1298, -88597, 2801
42430, -1295, -88538, 2809
42439, -1292, -88475, 2811
42447, -1289, -88419, 2812
42456, -1286, -88347, 2815
42466, -1282, -88298, 2819
42474, -1280, -88226, 2823
42483, -1277, -88173, 2825
42492, -1273, -88109, 2830
42500, -1270, -88054, 2831
42508, -1267, -88000, 2833
42517, -1264, -87924, 2838
42526, -1261, -87868, 2839
42535, -1259, -87799, 2844
42543, -1256, -87746, 2846
42552, -1252, -87675, 2850
42561, -1250, -87612, 2851
42569, -1246, -87550, 2856
42578, -1243, -87480, 2858
42587, -1240, -87422, 2861
42596, -1238, -87346, 2864
42604, -1235, -87292, 2866
42612, -1232, -87222, 2869
42621, -1229, -87157, 2872
42629, -1226, -87093, 2876
42637, -1223, -87021, 2878
42646, -1221, -86963, 2880
42654, -1217, -86884, 2885
42663, -1215, -86821, 2885
42671, -1212, -86748, 2891
42680, -1209, -86676, 2891
42688, -1206, -86606, 2895
42697, -1204, -86518, 2898
42707, -1200, -86452, 2901
42715, -1198, -86364, 2905
42724, -1195, -86298, 2905
42732, -1191, -86214, 2913
42741, -1188, -86136, 2913
42749, -1185, -86056, 2916
42758, -1183, -85970, 2918
42767, -1179, -85895, 2921
42775, -1177, -85794, 2925
42785, -1174, -85723, 2927
42794, -1171, -85615, 2933
42803, -1167, -85536, 2935
42812, -1164, -85440, 2940
42820, -1161, -85352, 2940
42829, -1157, -85269, 2944
42837, -1154, -85162, 2947
42846, -1151, -85077, 2950
42855, -1149, -84971, 2954
42864, -1145, -84887, 2956
42873, -1142, -84785, 2961
42881, -1139, -84698, 2961
42890, -1136, -84603, 2966
42899, -1133, -84499, 2968
42908, -1130, -84408, 2972
42917, -1127, -84301, 2974
42926, -1124, -84218, 2977
42935, -1121, -84106, 2983
42944, -1118, -84025, 2983
42952, -1115, -83916, 2988
42962, -1112, -83832, 2989
42971, -1108, -83737, 2994
42980, -1106, -83644, 2996
42989, -1102, -83556, 3000
42998, -1099, -83465, 3002
43006, -1096, -83388, 3006
43015, -1093, -83282, 3010
43025, -1090, -83208, 3012
43033, -1086, -83115, 3017
43042, -1083, -83038, 3016
43050, -1080, -82952, 3022
43059, -1077, -82870, 3024
43067, -1075, -82786, 3025
43077, -1072, -82700, 3030
43085, -1069, -82629, 3032
43094, -1066, -82535, 3037
43103, -1063, -82464, 3039
43111, -1059, -82376, 3044
43120, -1056, -82298, 3045
43129, -1053, -82216, 3050
43139, -1050, -82135, 3051
43147, -1047, -82066, 3054
43156, -1044, -81978, 3056
43164, -1041, -81912, 3060
43173, -1038, -81826, 3065
43181, -1036, -81757, 3065
43190, -1032, -81683, 3071
43199, -1029, -81607, 3073
43207, -1026, -81532, 3075
43217, -1023, -81450, 3079
43225, -1020, -81380, 3080
43235, -1017, -81292, 3086
43243, -1014, -81226, 3087
43252, -1011, -81146, 3092
43261, -1008, -81081, 3093
43269, -1005, -81011, 3097
43277, -1002, -80934, 3100
43286, -999, -80870, 3101
43295, -996, -80787, 3106
43304, -993, -80725, 3108
43313, -990, -80658, 3111
43322, -988, -80593, 3114
43331, -985, -80547, 3114
43340, -983, -80499, 3117
43349, -981, -80433, 3119
43358, -979, -80389, 3121
43367, -978, -80360, 3119
43376, -976, -80330, 3123
43384, -974, -80289, 3126
43393, -973, -80242, 3126
43402, -971, -80213, 3127
43410, -970, -80193, 3127
43419, -969, -80174, 3126
43429, -969, -80154, 3128
43437, -968, -80130, 3129
43445, -967, -80102, 3131
43454, -966, -80070, 3134
43462, -964, -80051, 3134
43471, -964, -80038, 3132
43479, -963, -80030, 3134
43488, -962, -80023, 3135
43497, -961, -80016, 3136
43505, -961, -80010, 3134
43513, -961, -80001, 3135
43523, -960, -79992, 3136
43532, -960, -79980, 3136
43540, -960, -79968, 3137
43549, -959, -79954, 3137
43558, -959, -79937, 3137
43567, -959, -79920, 3138
43577, -958, -79901, 3139
43587, -957, -79885, 3140
43595, -957, -79877, 3139
43604, -956, -79874, 3140
43613, -956, -79872, 3140
43621, -956, -79870, 3140
43629, -956, -79869, 3141
43639, -956, -79869, 3138
43648, -956, -79870, 3141
43657, -955, -79870, 3141
43666, -955, -79870, 3140
43674, -956, -79869, 3140
43684, -955, -79868, 3139
43692, -956, -79868, 3140
43701, -956, -79868, 3139
43709, -956, -79868, 3140
43718, -956, -79868, 3141
43727, -956, -79868, 3140
43735, -955, -79867, 3142
43744, -955, -79867, 3140
43753, -955, -79865, 3141
43762, -955, -79864, 3139
43771, -955, -79863, 3141
43780, -955, -79862, 3140
43788, -955, -79862, 3140
43797, -955, -79862, 3141
43807, -955, -79862, 3140
43816, -955, -79861, 3140
43825, -956, -79860, 3139
43833, -955, -79859, 3141
43842, -955, -79858, 3141
43850, -955, -79858, 3140
43859, -955, -79857, 3140
43867, -955, -79857, 3140
43876, -955, -79855, 3140
43885, -956, -79854, 3139
43894, -956, -79853, 3141
43903, -955, -79852, 3141
43912, -955, -79851, 3141
43920, -955, -79849, 3140
43928, -955, -79847, 3142
43937, -955, -79846, 3140
43945, -955, -79845, 3141
43954, -955, -79844, 3142
43962, -954, -79842, 3142
45981, -954, -79820, 3142
45989, -954, -79819, 3142
45998, -954, -79824, 3142
46006, -954, -79835, 3142
46015, -954, -79840, 3140
46023, -954, -79835, 3142
46032, -954, -79826, 3144
46040, -953, -79808, 3144
46049, -952, -79761, 3147
46057, -950, -79714, 3150
46066, -947, -79642, 3156
46075, -945, -79585, 3157
46084, -941, -79511, 3164
46093, -938, -79448, 3162
46102, -935, -79378, 3166
46111, -932, -79308, 3170
46120, -929, -79246, 3173
46128, -926, -79170, 3175
46137, -923, -79109, 3179
46146, -920, -79031, 3182
46155, -917, -78966, 3182
46164, -914, -78891, 3189
46173, -911, -78824, 3190
46182, -908, -78743, 3195
46192, -905, -78673, 3195
46201, -902, -78602, 3201
46210, -899, -78535, 3202
46219, -895, -78472, 3208
46228, -892, -78396, 3211
46236, -889, -78340, 3213
46245, -885, -78267, 3218
46253, -882, -78199, 3218
46263, -879, -78125, 3224
46271, -876, -78054, 3224
46281, -873, -77980, 3229
46290, -870, -77911, 3232
46299, -867, -77853, 3234
46307, -864, -77777, 3237
46316, -861, -77716, 3241
46325, -858, -77640, 3245
46333, -855, -77581, 3246
46341, -852, -77513, 3251
46350, -849, -77444, 3251
46358, -846, -77382, 3255
46367, -843, -77304, 3258
46376, -841, -77241, 3260
46385, -837, -77164, 3267
46393, -834, -77101, 3267
46403, -831, -77027, 3272
46411, -828, -76960, 3272
46420, -825, -76892, 3276
46428, -822, -76817, 3279
46437, -819, -76755, 3282
46446, -816, -76677, 3287
46454, -814, -76616, 3286
46463, -810, -76544, 3293
46472, -807, -76468, 3293
46481, -804, -76400, 3298
46490, -802, -76328, 3300
46498, -798, -76266, 3303
46507, -795, -76186, 3308
46516, -792, -76117, 3310
46525, -789, -76035, 3314
46534, -785, -75971, 3316
46542, -782, -75894, 3320
46553, -779, -75807, 3323
46562, -776, -75735, 3327
46570, -773, -75661, 3328
46578, -770, -75596, 3331
46587, -767, -75517, 3336
46595, -764, -75447, 3336
46605, -761, -75355, 3342
46614, -758, -75290, 3344
46622, -754, -75209, 3349
46631, -752, -75134, 3349
46639, -748, -75053, 3352
46649, -745, -74972, 3357
46657, -742, -74905, 3360
46666, -739, -74819, 3363
46674, -736, -74753, 3364
46683, -733, -74671, 3370
46691, -730, -74595, 3370
46699, -727, -74525, 3374
46708, -725, -74437, 3376
46716, -722, -74365, 3380
46725, -719, -74277, 3384
46733, -716, -74194, 3385
46743, -712, -74106, 3391
46751, -709, -74019, 3391
46761, -706, -73937, 3397
46769, -703, -73848, 3399
46778, -700, -73771, 3401
46786, -697, -73673, 3405
46795, -694, -73595, 3408
46804, -690, -73498, 3413
46813, -688, -73407, 3412
46823, -684, -73305, 3418
46832, -681, -73217, 3420
46841, -678, -73130, 3424
46849, -675, -73024, 3427
46859, -672, -72941, 3429
46867, -669, -72832, 3433
46876, -666, -72752, 3435
46885, -663, -72645, 3440
46893, -660, -72558, 3440
46902, -657, -72457, 3446
46911, -654, -72359, 3446
46920, -651, -72264, 3451
46929, -648, -72152, 3453
46938, -645, -72061, 3455
46946, -642, -71946, 3461
46955, -639, -71852, 3462
46964, -636, -71733, 3467
46973, -633, -71634, 3468
46982, -630, -71527, 3472
46990, -627, -71419, 3473
46998, -624, -71321, 3478
47007, -621, -71198, 3480
47015, -618, -71095, 3483
47024, -615, -70955, 3489
47035, -612, -70841, 3489
47044, -609, -70713, 3494
47052, -606, -70598, 3495
47061, -602, -70479, 3499
47070, -600, -70343, 3501
47079, -597, -70231, 3504
47088, -594, -70096, 3507
47096, -591, -69990, 3512
47104, -588, -69834, 3516
47114, -584, -69715, 3517
47123, -581, -69574, 3522
47131, -578, -69435, 3521
47141, -575, -69281, 3526
47151, -573, -69131, 3527
47160, -570, -68985, 3534
47169, -567, -68831, 3535
47178, -563, -68709, 3539
47187, -560, -68552, 3543
47195, -557, -68438, 3543
47203, -555, -68338, 3545
47212, -552, -68212, 3549
47220, -550, -68099, 3548
47230, -549, -68028, 3549
47238, -547, -67947, 3551
47247, -545, -67844, 3555
47255, -544, -67764, 3556
47264, -542, -67707, 3557
47274, -541, -67651, 3556
47284, -539, -67588, 3560
47292, -538, -67507, 3561
47301, -537, -67443, 3561
47310, -536, -67405, 3562
47318, -534, -67378, 3562
47326, -534, -67355, 3563
47335, -533, -67328, 3563
47344, -533, -67294, 3564
47353, -532, -67253, 3565
47361, -531, -67208, 3567
47370, -530, -67152, 3568
47379, -529, -67119, 3569
47388, -528, -67098, 3568
47396, -527, -67085, 3569
47405, -527, -67075, 3568
47415, -527, -67067, 3569
47424, -527, -67061, 3568
47432, -527, -67055, 3570
47441, -527, -67048, 3568
47449, -527, -67038, 3569
47459, -527, -67027, 3570
47468, -526, -67013, 3571
47477, -526, -66997, 3570
47485, -525, -66978, 3571
47495, -525, -66960, 3571
47504, -525, -66942, 3572
47513, -524, -66926, 3572
47521, -524, -66909, 3574
47529, -523, -66892, 3573
47538, -523, -66876, 3574
47546, -522, -66861, 3574
47554, -522, -66846, 3575
47564, -521, -66832, 3575
49584, -521, -66797, 3574
49592, -521, -66798, 3574
49602, -521, -66811, 3574
49611, -521, -66834, 3575
49620, -521, -66841, 3576
49629, -521, -66828, 3574
49637, -521, -66811, 3574
49646, -521, -66774, 3576
49654, -520, -66727, 3578
49663, -519, -66658, 3581
49671, -517, -66556, 3586
49679, -514, -66475, 3587
49688, -511, -66357, 3591
49697, -508, -66266, 3592
49705, -505, -66157, 3596
49714, -503, -66053, 3599
49722, -500, -65962, 3601
49731, -497, -65847, 3605
49739, -494, -65765, 3606
49747, -491, -65655, 3612
49756, -489, -65560, 3611
49765, -485, -65456, 3617
49774, -483, -65362, 3618
49783, -480, -65268, 3620
49792, -478, -65171, 3623
49801, -475, -65091, 3624
49809, -473, -64990, 3628
49818, -471, -64904, 3630
49828, -467, -64806, 3637
49836, -464, -64729, 3637
49845, -461, -64643, 3643
49853, -458, -64554, 3643
49862, -455, -64477, 3645
49871, -452, -64385, 3650
49879, -449, -64314, 3651
49888, -447, -64225, 3655
49897, -444, -64153, 3656
49906, -441, -64068, 3660
49915, -439, -63993, 3662
49923, -436, -63921, 3665
49932, -433, -63832, 3668
49941, -431, -63767, 3670
49949, -428, -63685, 3674
49958, -425, -63624, 3676
49966, -422, -63536, 3681
49975, -419, -63462, 3682
49985, -416, -63389, 3686
49994, -413, -63312, 3688
50002, -410, -63245, 3690
50011, -407, -63165, 3695
50020, -404, -63106, 3697
50029, -402, -63023, 3700
50038, -399, -62962, 3702
50046, -395, -62885, 3708
50055, -393, -62822, 3707
50064, -390, -62755, 3713
50072, -387, -62685, 3713
50081, -384, -62627, 3715
50090, -382, -62547, 3720
50099, -379, -62483, 3721
50108, -377, -62401, 3726
50118, -374, -62339, 3728
50128, -370, -62266, 3733
50136, -368, -62200, 3732
50146, -364, -62122, 3741
50156, -361, -62057, 3740
50165, -357, -61988, 3746
50174, -355, -61924, 3746
50183, -351, -61868, 3750
50191, -349, -61801, 3753
50199, -346, -61747, 3754
50208, -343, -61676, 3761
50217, -340, -61622, 3759
50225, -337, -61560, 3766
50233, -334, -61501, 3766
50242, -331, -61450, 3770
50250, -329, -61383, 3772
50259, -326, -61333, 3774
50267, -323, -61271, 3779
50275, -321, -61217, 3780
50283, -318, -61163, 3783
50292, -315, -61101, 3788
50300, -312, -61052, 3789
50308, -309, -60985, 3792
50317, -306, -60936, 3794
50326, -303, -60867, 3799
50335, -301, -60811, 3800
50344, -298, -60751, 3804
50353, -295, -60694, 3807
50362, -292, -60642, 3810
50371, -289, -60572, 3813
50380, -286, -60522, 3814
50389, -283, -60460, 3819
50398, -280, -60414, 3821
50406, -277, -60354, 3826
50414, -274, -60302, 3827
50423, -271, -60250, 3829
50432, -269, -60192, 3831
50440, -266, -60145, 3834
50449, -263, -60077, 3840
50459, -261, -60031, 3840
50468, -258, -59971, 3844
50476, -255, -59923, 3845
50485, -251, -59867, 3852
50494, -249, -59813, 3852
50503, -246, -59762, 3855
50511, -243, -59703, 3858
50520, -240, -59655, 3860
50529, -238, -59592, 3865
50538, -235, -59537, 3866
50548, -231, -59476, 3872
50557, -229, -59428, 3872
50565, -225, -59365, 3876
50575, -222, -59311, 3880
50584, -219, -59257, 3884
50593, -216, -59202, 3884
50601, -213, -59156, 3888
50610, -210, -59094, 3890
50618, -208, -59039, 3893
50628, -205, -58982, 3898
50637, -202, -58936, 3898
50645, -199, -58882, 3903
50653, -196, -58826, 3906
50662, -193, -58769, 3908
50671, -191, -58709, 3910
50680, -188, -58663, 3913
50689, -185, -58598, 3916
50698, -182, -58546, 3919
50707, -179, -58486, 3925
50716, -176, -58439, 3924
50724, -173, -58388, 3930
50732, -170, -58332, 3930
50741, -167, -58281, 3934
50750, -164, -58220, 3938
50758, -161, -58173, 3939
50767, -158, -58114, 3945
50776, -156, -58062, 3944
50784, -153, -58004, 3947
50793, -150, -57948, 3952
50802, -147, -57896, 3955
50811, -145, -57836, 3957
50820, -142, -57786, 3959
50828, -138, -57725, 3964
50836, -136, -57676, 3965
50845, -133, -57622, 3970
50853, -130, -57566, 3971
50862, -127, -57520, 3974
50870, -124, -57458, 3979
50880, -121, -57416, 3978
50889, -119, -57377, 3979
50899, -117, -57331, 3984
50907, -115, -57288, 3984
50916, -114, -57257, 3985
50925, -112, -57228, 3986
50933, -110, -57195, 3988
50942, -109, -57157, 3990
50950, -108, -57133, 3991
50959, -106, -57113, 3991
50969, -105, -57096, 3992
50978, -104, -57079, 3994
50987, -103, -57055, 3996
50995, -102, -57020, 3997
51005, -100, -56996, 3997
51014, -99, -56982, 3998
51022, -98, -56971, 3998
51031, -98, -56962, 3998
51040, -98, -56952, 3997
51049, -98, -56940, 3999
51057, -97, -56927, 4001
51066, -96, -56912, 4001
51074, -96, -56895, 4001
51084, -95, -56876, 4003
51094, -94, -56860, 4004
51103, -93, -56850, 4004
51111, -92, -56844, 4004
51120, -92, -56841, 4005
51129, -91, -56841, 4004
51138, -91, -56841, 4004
51146, -91, -56841, 4004
51155, -91, -56841, 4004
51164, -92, -56841, 4004
51172, -92, -56841, 4004
51180, -91, -56841, 4005
51189, -91, -56841, 4004
51198, -91, -56841, 4004
51207, -91, -56840, 4004
51216, -91, -56838, 4005
51226, -91, -56836, 4005
51234, -91, -56833, 4005
51243, -91, -56830, 4004
51252, -90, -56827, 4007
51261, -90, -56823, 4005
51269, -90, -56820, 4007
51278, -90, -56816, 4004
51286, -90, -56813, 4006
51296, -90, -56810, 4005
51304, -90, -56806, 4005
51312, -90, -56803, 4007
51321, -90, -56800, 4007
51329, -89, -56796, 4007
51338, -89, -56792, 4008
51347, -88, -56789, 4007
53366, -88, -56783, 4007
53375, -89, -56783, 4006
53385, -89, -56788, 4007
53394, -89, -56799, 4008
53403, -89, -56802, 4007
53413, -88, -56795, 4008
53421, -88, -56784, 4008
53430, -87, -56730, 4014
53439, -85, -56686, 4015
53448, -83, -56630, 4020
53457, -80, -56580, 4021
53465, -76, -56525, 4026
53474, -74, -56459, 4028
53483, -70, -56408, 4031
53491, -67, -56343, 4036
53500, -64, -56294, 4036
53508, -61, -56226, 4040
53517, -59, -56167, 4042
53526, -56, -56105, 4044
53535, -54, -56037, 4048
53544, -51, -55968, 4050
53554, -48, -55901, 4054
53562, -45, -55840, 4056
53572, -42, -55766, 4061
53580, -39, -55709, 4062
53589, -36, -55641, 4067
53597, -33, -55579, 4067
53606, -30, -55512, 4072
53615, -27, -55443, 4074
53623, -24, -55387, 4076
53631, -22, -55312, 4079
53640, -19, -55251, 4082
53648, -16, -55176, 4087
53657, -13, -55109, 4088
53666, -10, -55042, 4093
53674, -7, -54955, 4093
53684, -43, -54890, 2
53692, -1, -54810, 5
53701, 1, -54743, 7
53710, -24, -54663, 13
53718, -13, -54597, 11
53726, -19, -54521, 17
53735, -16, -54440, 18
53744, -13, -54369, 21
53752, -11, -54274, 24
53762, -9, -54193, 28
53771, -6, -54101, 31
53780, -3, -54027, 32
53789, -1, -53934, 37
53797, 2, -53860, 38
53806, 4, -53779, 41
53814, 6, -53688, 46
53823, 9, -53614, 47
53831, 12, -53517, 52
53840, 15, -53437, 53
53848, 19, -53345, 58
53856, 21, -53260, 60
53865, 24, -53169, 62
53874, 26, -53068, 66
53882, 28, -52984, 67
53891, 31, -52866, 74
53900, 34, -52778, 74
53909, 37, -52669, 78
53917, 39, -52578, 80
53926, 43, -52483, 83
53934, 45, -52375, 86
53943, 48, -52269, 88
53952, 50, -52153, 91
53961, 53, -52053, 94
53970, 55, -51938, 99
53979, 58, -51844, 99
53987, 61, -51740, 104
53995, 64, -51638, 105
54004, 66, -51546, 108
54012, 68, -51436, 113
54020, 71, -51349, 113
54029, 74, -51243, 119
54037, 77, -51152, 120
54045, 79, -51063, 123
54053, 82, -50960, 126
54061, 84, -50878, 126
54070, 87, -50773, 132
54078, 90, -50686, 134
54087, 93, -50584, 138
54096, 95, -50491, 139
54105, 98, -50404, 144
54113, 101, -50296, 146
54123, 104, -50210, 148
54132, 106, -50111, 153
54141, 109, -50034, 154
54149, 112, -49941, 160
54157, 115, -49860, 160
54166, 118, -49773, 165
54175, 120, -49683, 167
54183, 123, -49608, 168
54191, 125, -49512, 173
54200, 128, -49427, 174
54210, 131, -49335, 180
54218, 133, -49260, 181
54227, 136, -49179, 185
54235, 139, -49095, 186
54243, 142, -49025, 189
54251, 144, -48935, 194
54260, 146, -48855, 194
54269, 149, -48768, 199
54278, 152, -48694, 201
54286, 155, -48616, 205
54295, 158, -48529, 207
54304, 160, -48458, 209
54312, 163, -48362, 213
54322, 166, -48289, 216
54331, 168, -48198, 219
54340, 171, -48130, 221
54348, 174, -48049, 227
54356, 177, -47978, 227
54365, 180, -47907, 231
54374, 183, -47819, 234
54383, 185, -47752, 236
54391, 188, -47667, 240
54400, 190, -47601, 241
54408, 193, -47523, 246
54417, 196, -47449, 248
54425, 199, -47368, 252
54435, 201, -47283, 254
54445, 204, -47210, 256
54454, 207, -47131, 261
54462, 210, -47066, 263
54470, 213, -46987, 269
54479, 223, -46922, 268
54487, 218, -46844, 273
54496, 221, -46772, 273
54504, 224, -46701, 278
54514, 226, -46621, 281
54522, 230, -46547, 285
54532, 232, -46464, 287
54541, 235, -46399, 290
54550, 238, -46320, 294
54558, 241, -46254, 297
54566, 244, -46185, 299
54575, 247, -46112, 301
54583, 249, -46050, 305
54591, 252, -45972, 308
54600, 254, -45908, 311
54609, 258, -45829, 315
54617, 261, -45761, 316
54626, 264, -45693, 320
54635, 267, -45617, 323
54644, 269, -45542, 325
54653, 271, -45464, 329
54662, 274, -45395, 332
54671, 278, -45317, 336
54680, 280, -45252, 337
54688, 284, -45178, 343
54696, 286, -45113, 343
54705, 289, -45048, 346
54713, 291, -44962, 349
54723, 294, -44900, 352
54731, 297, -44822, 358
54740, 300, -44759, 358
54748, 303, -44678, 362
54758, 306, -44610, 364
54767, 308, -44559, 365
54776, 310, -44485, 370
54785, 321, -44431, 369
54794, 314, -44393, 371
54802, 316, -44354, 374
54810, 319, -44299, 378
54819, 321, -44258, 378
54827, 330, -44230, 376
54836, 324, -44201, 379
54845, 325, -44171, 380
54854, 326, -44134, 382
54862, 327, -44092, 384
54871, 335, -44064, 383
54879, 329, -44047, 383
54888, 330, -44038, 384
54896, 330, -44028, 385
54904, 331, -44014, 386
54913, 332, -43993, 388
54921, 339, -43966, 386
54929, 334, -43937, 390
54938, 335, -43908, 390
54946, 335, -43886, 390
54955, 336, -43871, 391
54963, 337, -43862, 391
54972, 337, -43856, 391
54980, 337, -43852, 391
54989, 338, -43848, 391
54998, 338, -43844, 391
55006, 338, -43840, 391
55014, 338, -43834, 391
55023, 338, -43827, 392
55032, 345, -43820, 390
55040, 338, -43812, 393
55050, 339, -43804, 394
55059, 339, -43795, 394
55067, 340, -43784, 394
55076, 340, -43775, 395
55085, 340, -43765, 396
55094, 348, -43755, 395
55102, 341, -43743, 395
55111, 341, -43729, 397
55120, 342, -43719, 397
55128, 342, -43713, 397
55136, 342, -43709, 397
55145, 343, -43707, 398
55154, 343, -43706, 398
55163, 343, -43705, 398
55172, 350, -43704, 397
55182, 343, -43704, 397
55191, 343, -43704, 398
55200, 350, -43704, 397
55209, 343, -43704, 397
55218, 343, -43703, 397
55226, 350, -43703, 396
55234, 342, -43702, 397
55243, 343, -43701, 398
55252, 343, -43700, 398
55261, 343, -43698, 398
55271, 343, -43698, 398
55281, 344, -43696, 398
57299, 344, -43682, 399
57308, 351, -43682, 398
57317, 344, -43688, 399
57325, 351, -43707, 397
57334, 344, -43720, 397
57343, 343, -43714, 398
57351, 343, -43692, 398
57361, 344, -43637, 404
57370, 346, -43584, 406
57379, 349, -43525, 411
57387, 352, -43451, 412
57396, 355, -43391, 415
57404, 358, -43314, 419
57412, 361, -43252, 420
57421, 363, -43169, 423
57430, 365, -43098, 427
57438, 368, -43030, 430
57447, 371, -42947, 433
57456, 374, -42881, 434
57464, 377, -42798, 439
57473, 380, -42735, 441
57481, 382, -42655, 446
57489, 385, -42581, 447
57498, 388, -42501, 449
57508, 391, -42417, 454
57516, 394, -42349, 457
57525, 397, -42268, 461
57533, 399, -42200, 461
57541, 402, -42115, 466
57550, 405, -42039, 467
57559, 408, -41957, 471
57568, 411, -41874, 475
57577, 414, -41803, 477
57585, 417, -41714, 482
57593, 420, -41642, 483
57602, 422, -41547, 487
57611, 425, -41476, 488
57619, 428, -41394, 494
57628, 431, -41311, 495
57636, 434, -41230, 498
57646, 437, -41132, 502
57654, 440, -41059, 505
57663, 443, -40968, 508
57671, 446, -40884, 508
57680, 449, -40796, 515
57689, 452, -40712, 516
57697, 455, -40630, 520
57706, 458, -40534, 523
57714, 461, -40460, 525
57722, 464, -40363, 528
57731, 467, -40282, 531
57739, 469, -40196, 534
57748, 471, -40096, 536
57756, 474, -40011, 540
57765, 478, -39909, 544
57773, 480, -39825, 544
57782, 483, -39713, 549
57792, 486, -39621, 550
57801, 489, -39523, 556
57809, 492, -39430, 559
57817, 495, -39342, 562
57826, 498, -39237, 564
57834, 501, -39154, 566
57842, 504, -39046, 572
57850, 507, -38956, 573
57859, 510, -38859, 577
57867, 513, -38749, 577
57875, 516, -38662, 581
57884, 518, -38546, 585
57892, 521, -38449, 586
57901, 524, -38320, 591
57910, 526, -38216, 591
57919, 530, -38107, 597
57927, 532, -37982, 598
57936, 534, -37876, 602
57945, 537, -37749, 606
57954, 540, -37651, 606
57962, 543, -37524, 612
57970, 546, -37417, 612
57979, 549, -37304, 617
57987, 552, -37175, 620
57995, 555, -37059, 621
58005, 558, -36920, 626
58013, 561, -36808, 626
58022, 564, -36668, 634
58030, 567, -36548, 634
58038, 570, -36426, 637
58047, 573, -36282, 641
58055, 576, -36168, 643
58063, 579, -36018, 647
58072, 582, -35893, 649
58080, 585, -35740, 652
58089, 587, -35605, 655
58098, 590, -35475, 658
58106, 593, -35312, 662
58116, 596, -35174, 665
58125, 599, -35026, 668
58134, 602, -34911, 669
58142, 605, -34770, 675
58151, 608, -34652, 676
58159, 611, -34535, 679
58167, 614, -34405, 683
58175, 617, -34302, 685
58184, 620, -34170, 690
58192, 623, -34069, 690
58200, 626, -33933, 696
58210, 629, -33824, 697
58219, 631, -33710, 701
58227, 634, -33581, 703
58237, 637, -33481, 707
58246, 640, -33362, 710
58254, 644, -33271, 715
58263, 647, -33140, 717
58272, 650, -33041, 719
58282, 654, -32933, 724
58290, 656, -32839, 724
58298, 659, -32752, 729
58306, 662, -32644, 731
58315, 665, -32561, 735
58324, 668, -32457, 739
58332, 672, -32373, 741
58341, 675, -32277, 744
58350, 677, -32177, 747
58359, 680, -32087, 751
58368, 683, -31986, 753
58377, 686, -31908, 757
58386, 689, -31814, 759
58394, 692, -31742, 762
58402, 695, -31646, 767
58411, 698, -31567, 767
58420, 701, -31482, 773
58429, 704, -31396, 775
58438, 707, -31320, 777
58447, 710, -31230, 782
58456, 714, -31159, 785
58465, 717, -31070, 790
58473, 720, -31000, 790
58482, 724, -30910, 795
58491, 727, -30842, 796
58500, 730, -30769, 800
58508, 733, -30695, 804
58516, 736, -30637, 805
58525, 739, -30563, 810
58533, 740, -30500, 810
58541, 743, -30452, 811
58550, 745, -30385, 816
58560, 748, -30330, 818
58568, 750, -30292, 820
58577, 752, -30245, 821
58586, 754, -30192, 823
58595, 756, -30149, 824
58604, 757, -30124, 825
58613, 758, -30103, 826
58621, 760, -30079, 827
58629, 761, -30048, 828
58638, 762, -30009, 832
58647, 768, -29973, 831
58656, 765, -29955, 832
58665, 766, -29945, 832
58673, 766, -29937, 832
58682, 766, -29926, 832
58691, 767, -29914, 833
58699, 767, -29899, 835
58708, 768, -29881, 836
58717, 769, -29863, 837
58725, 771, -29842, 839
58734, 777, -29823, 838
60752, 772, -29776, 839
60760, 773, -29776, 839
60769, 778, -29779, 838
60777, 778, -29797, 837
60785, 773, -29810, 838
60793, 773, -29810, 838
60802, 773, -29797, 840
60810, 774, -29768, 843
60818, 776, -29714, 846
60826, 778, -29670, 849
60835, 780, -29609, 852
60843, 782, -29554, 853
60852, 785, -29492, 858
60860, 788, -29427, 860
60868, 791, -29372, 863
60877, 794, -29302, 868
60886, 797, -29239, 869
60895, 801, -29163, 875
60905, 805, -29104, 876
60915, 809, -29036, 882
60923, 812, -28978, 883
60932, 815, -28915, 888
60940, 818, -28856, 890
60949, 822, -28801, 893
60957, 824, -28726, 895
60967, 828, -28674, 900
60976, 831, -28610, 903
60984, 834, -28558, 905
60993, 837, -28494, 910
61002, 840, -28437, 911
61010, 844, -28381, 916
61019, 846, -28318, 917
61028, 850, -28267, 921
61036, 853, -28203, 926
61044, 860, -28155, 925
61053, 859, -28099, 932
61061, 862, -28043, 933
61070, 865, -27989, 935
61078, 868, -27922, 940
61088, 871, -27872, 942
61097, 874, -27801, 948
61106, 877, -27745, 949
61116, 881, -27680, 953
61125, 884, -27628, 956
61134, 888, -27570, 962
61143, 891, -27520, 963
61151, 895, -27469, 967
61159, 898, -27413, 969
61168, 901, -27369, 972
61176, 904, -27311, 977
61185, 907, -27264, 977
61193, 911, -27203, 984
61202, 914, -27154, 984
61211, 918, -27102, 989
61220, 921, -27046, 992
61228, 924, -26992, 993
61238, 927, -26928, 998
61247, 930, -26883, 1001
61256, 933, -26825, 1004
61264, 936, -26777, 1006
61273, 940, -26719, 1012
61282, 943, -26666, 1013
61290, 946, -26620, 1017
61298, 949, -26565, 1020
61307, 953, -26520, 1023
61315, 956, -26462, 1028
61323, 959, -26415, 1028
61331, 962, -26364, 1032
61340, 966, -26310, 1036
61349, 969, -26258, 1037
61358, 972, -26198, 1043
61366, 975, -26154, 1045
61374, 978, -26100, 1048
61383, 981, -26052, 1050
61391, 985, -26000, 1054
61400, 988, -25942, 1058
61408, 990, -25889, 1059
61418, 993, -25832, 1063
61427, 997, -25778, 1066
61436, 1000, -25716, 1072
61445, 1003, -25665, 1073
61454, 1007, -25610, 1079
61463, 1015, -25562, 1078
61471, 1015, -25512, 1084
61480, 1018, -25456, 1086
61488, 1021, -25409, 1089
61496, 1023, -25347, 1092
61506, 1027, -25298, 1094
61515, 1030, -25234, 1100
61524, 1033, -25186, 1101
61533, 1036, -25132, 1106
61541, 1040, -25083, 1109
61550, 1043, -25036, 1112
61558, 1046, -24976, 1114
61567, 1049, -24922, 1118
61577, 1053, -24858, 1122
61586, 1056, -24816, 1125
61594, 1060, -24759, 1129
61602, 1063, -24708, 1130
61611, 1067, -24653, 1134
61620, 1070, -24599, 1137
61628, 1073, -24556, 1140
61636, 1076, -24496, 1146
61645, 1079, -24447, 1147
61653, 1083, -24389, 1151
61662, 1086, -24338, 1153
61670, 1089, -24290, 1156
61679, 1093, -24230, 1159
61687, 1096, -24178, 1163
61696, 1099, -24117, 1167
61704, 1102, -24069, 1169
61713, 1106, -24014, 1173
61721, 1109, -23958, 1174
61730, 1112, -23903, 1178
61738, 1115, -23842, 1182
61747, 1119, -23793, 1183
61755, 1122, -23729, 1190
61764, 1125, -23675, 1190
61772, 1129, -23614, 1195
61781, 1132, -23555, 1198
61790, 1135, -23502, 1201
61798, 1138, -23437, 1204
61806, 1142, -23386, 1205
61815, 1145, -23323, 1210
61823, 1148, -23272, 1213
61831, 1151, -23212, 1217
61840, 1155, -23144, 1220
61848, 1159, -23089, 1224
61856, 1163, -23022, 1227
61865, 1166, -22968, 1229
61874, 1169, -22904, 1233
61882, 1172, -22843, 1233
61890, 1174, -22798, 1236
61898, 1178, -22749, 1239
61907, 1180, -22690, 1242
61915, 1182, -22650, 1242
61923, 1184, -22616, 1243
61931, 1186, -22574, 1245
61940, 1188, -22528, 1249
61948, 1189, -22497, 1249
61956, 1194, -22474, 1248
61964, 1192, -22455, 1250
61973, 1193, -22433, 1251
61981, 1194, -22404, 1254
61989, 1195, -22369, 1255
61997, 1198, -22334, 1256
62006, 1199, -22313, 1256
62014, 1200, -22298, 1257
62022, 1204, -22289, 1256
62030, 1201, -22281, 1257
62038, 1201, -22277, 1257
62047, 1202, -22270, 1258
62055, 1202, -22261, 1258
62063, 1203, -22251, 1260
62071, 1203, -22238, 1260
62080, 1204, -22224, 1262
62088, 1208, -22209, 1261
62096, 1206, -22195, 1263
62104, 1206, -22184, 1263
62113, 1207, -22172, 1264
62121, 1210, -22161, 1263
64139, 1208, -22133, 1264
64148, 1208, -22133, 1264
64156, 1211, -22138, 1263
64165, 1210, -22158, 1260
64174, 1207, -22171, 1262
64182, 1207, -22168, 1263
64191, 1207, -22155, 1263
64199, 1208, -22113, 1268
64208, 1210, -22057, 1270
64217, 1212, -22004, 1274
64225, 1216, -21931, 1278
64233, 1220, -21870, 1281
64242, 1223, -21795, 1285
64250, 1226, -21731, 1286
64258, 1231, -21661, 1291
64267, 1234, -21580, 1293
64275, 1237, -21516, 1296
64284, 1240, -21430, 1301
64292, 1244, -21358, 1301
64301, 1247, -21264, 1306
64310, 1250, -21190, 1308
64319, 1254, -21111, 1314
64327, 1258, -21025, 1316
64336, 1261, -20952, 1319
64345, 1265, -20859, 1325
64353, 1268, -20784, 1325
64362, 1273, -20695, 1330
64370, 1276, -20615, 1331
64378, 1279, -20536, 1336
64386, 1282, -20446, 1338
64395, 1284, -20370, 1339
64403, 1289, -20268, 1347
64412, 1294, -20184, 1346
64421, 1295, -20080, 1352
64430, 1298, -19992, 1353
64439, 1303, -19883, 1358
64449, 1306, -19786, 1362
64457, 1309, -19699, 1364
64465, 1313, -19590, 1368
64474, 1317, -19507, 1370
64482, 1321, -19400, 1377
64491, 1326, -19293, 1376
64501, 1328, -19175, 1383
64510, 1332, -19081, 1385
64519, 1335, -18984, 1388
64528, 1338, -18878, 1391
64536, 1342, -18789, 1395
64545, 1346, -18680, 1398
64554, 1350, -18592, 1403
64562, 1353, -18490, 1407
64571, 1359, -18406, 1406
64579, 1361, -18313, 1411
64588, 1364, -18218, 1413
64596, 1366, -18137, 1417
64605, 1370, -18037, 1421
64613, 1374, -17961, 1424
64621, 1377, -17869, 1429
64630, 1382, -17784, 1429
64638, 1385, -17706, 1433
64646, 1388, -17615, 1436
64654, 1392, -17540, 1438
64663, 1395, -17445, 1445
64672, 1398, -17367, 1445
64680, 1401, -17279, 1450
64689, 1406, -17197, 1452
64697, 1409, -17127, 1455
64705, 1412, -17033, 1461
64714, 1415, -16959, 1461
64723, 1420, -16867, 1467
64732, 1423, -16792, 1468
64740, 1426, -16696, 1472
64750, 1429, -16617, 1474
64759, 1433, -16533, 1481
64768, 1437, -16446, 1482
64777, 1440, -16376, 1485
64786, 1444, -16287, 1491
64794, 1448, -16221, 1491
64803, 1451, -16139, 1496
64811, 1455, -16072, 1498
64819, 1458, -15992, 1503
64828, 1461, -15911, 1506
64837, 1465, -15842, 1509
64846, 1468, -15757, 1511
64854, 1472, -15683, 1515
64864, 1476, -15601, 1521
64872, 1479, -15530, 1521
64882, 1483, -15441, 1528
64891, 1486, -15375, 1529
64899, 1490, -15306, 1534
64908, 1494, -15227, 1535
64917, 1498, -15158, 1539
64926, 1501, -15079, 1544
64934, 1504, -15015, 1546
64943, 1508, -14931, 1550
64952, 1511, -14861, 1550
64961, 1515, -14783, 1558
64970, 1518, -14714, 1559
64979, 1522, -14643, 1562
64988, 1525, -14570, 1565
64996, 1529, -14508, 1570
65005, 1534, -14429, 1574
65013, 1537, -14369, 1576
65021, 1541, -14296, 1581
65030, 1545, -14229, 1583
65038, 1549, -14164, 1586
65047, 1553, -14089, 1590
65055, 1556, -14031, 1590
65063, 1559, -13954, 1597
65072, 1562, -13889, 1598
65081, 1565, -13819, 1603
65089, 1569, -13745, 1605
65099, 1573, -13668, 1610
65108, 1577, -13590, 1613
65118, 1581, -13528, 1615
65126, 1584, -13451, 1619
65135, 1589, -13392, 1623
65143, 1592, -13317, 1627
65152, 1595, -13253, 1629
65161, 1599, -13183, 1636
65169, 1609, -13110, 1635
65179, 1607, -13055, 1639
65188, 1611, -12992, 1643
65196, 1614, -12939, 1644
65205, 1616, -12902, 1644
65213, 1618, -12864, 1647
65222, 1621, -12817, 1649
65230, 1623, -12774, 1652
65238, 1628, -12747, 1651
65246, 1626, -12727, 1651
65255, 1627, -12707, 1653
65264, 1628, -12686, 1654
65272, 1628, -12658, 1655
65280, 1630, -12624, 1658
65289, 1631, -12593, 1658
65297, 1632, -12572, 1658
65306, 1633, -12559, 1659
65314, 1634, -12553, 1660
65323, 1639, -12549, 1658
65331, 1634, -12545, 1659
65339, 1635, -12539, 1660
65348, 1635, -12530, 1660
65356, 1635, -12518, 1661
65364, 1637, -12505, 1662
65373, 1638, -12489, 1662
65382, 1638, -12473, 1663
65390, 1639, -12459, 1664
65398, 1640, -12444, 1664
65407, 1640, -12430, 1666
65415, 1646, -12418, 1665
65423, 1642, -12406, 1666
65432, 1642, -12394, 1666
65440, 1642, -12387, 1666
65449, 1642, -12381, 1666
65457, 1643, -12378, 1666
