9031, 0.00, -63400
9041, -0.95, -63289
9049, -4.73, -62663
9059, -10.41, -61660
9069, -16.08, -60759
9078, -18.92, -59991
9089, -21.76, -59337
9098, -25.54, -58572
9108, -31.22, -57911
9117, -34.06, -57341
9125, -35.95, -56864
9135, -39.73, -56331
9144, -44.46, -55825
9152, -46.35, -55396
9161, -47.30, -55079
9169, -49.19, -54795
9177, -52.03, -54459
9186, -55.81, -54077
9194, -58.65, -53712
9203, -60.54, -53372
9211, -63.38, -53019
9220, -67.16, -52639
9228, -69.06, -52305
9237, -70.00, -52040
9245, -72.84, -51769
9253, -75.68, -51434
9262, -77.57, -51110
9270, -80.41, -50805
9279, -82.30, -50500
9287, -85.14, -50163
9296, -87.98, -49816
9304, -89.87, -49487
9312, -91.76, -49195
9321, -93.65, -48890
9330, -96.49, -48529
9338, -99.33, -48155
9347, -101.22, -47837
9355, -102.17, -47565
9363, -104.06, -47276
9372, -106.90, -46894
9380, -108.79, -46492
9389, -110.68, -46147
9397, -111.63, -45823
9405, -113.52, -45501
9414, -115.41, -45174
9422, -118.25, -44828
9430, -119.19, -44520
9439, -120.14, -44289
9447, -122.03, -44046
9455, -123.92, -43750
9464, -126.76, -43458
9472, -127.71, -43250
9480, -126.76, -43122
9489, -128.65, -42954
9497, -131.49, -42693
9506, -133.38, -42452
9514, -133.38, -42300
9522, -134.33, -42153
9531, -136.22, -41977
9539, -138.11, -41799
9547, -139.06, -41638
9555, -140.00, -41491
9564, -140.95, -41353
9572, -142.84, -41209
9581, -143.79, -41050
9589, -145.68, -40899
9597, -146.63, -40769
9606, -147.57, -40660
9614, -147.57, -40554
9623, -149.46, -40436
9631, -151.36, -40285
9640, -152.30, -40149
9648, -152.30, -40061
9656, -153.25, -39983
9665, -154.19, -39870
9673, -156.09, -39741
9681, -157.03, -39621
9690, -157.98, -39514
9698, -157.98, -39437
9707, -158.92, -39355
9715, -159.87, -39242
9724, -160.82, -39123
9732, -162.71, -39015
9740, -162.71, -38937
9749, -162.71, -38882
9757, -163.65, -38804
9766, -165.55, -38686
9774, -166.49, -38560
9782, -166.49, -38483
9791, -166.49, -38427
9799, -167.44, -38344
9807, -168.38, -38250
9816, -170.28, -38150
9824, -170.28, -38054
9832, -170.28, -37988
9840, -170.28, -37968
9849, -170.28, -37939
9857, -171.22, -37857
9865, -173.11, -37743
9874, -174.06, -37638
9882, -175.01, -37552
9890, -175.01, -37490
9899, -175.01, -37454
9907, -174.06, -37458
9915, -174.06, -37433
9924, -175.95, -37344
9932, -177.84, -37208
9940, -179.74, -37060
9949, -179.74, -36961
9957, -178.79, -36925
9966, -178.79, -36904
9974, -177.84, -36922
9982, -178.79, -36886
9991, -180.68, -36799
9999, -181.63, -36691
10008, -182.57, -36585
10016, -182.57, -36500
10024, -182.57, -36475
10033, -181.63, -36476
10041, -182.57, -36435
10049, -184.47, -36332
10058, -185.41, -36216
10066, -186.36, -36118
10074, -185.41, -36081
10083, -185.41, -36077
10091, -184.47, -36102
10100, -184.47, -36109
10108, -185.41, -36037
10116, -187.30, -35918
10125, -188.25, -35786
10133, -188.25, -35697
10141, -188.25, -35681
10150, -187.30, -35672
10158, -188.25, -35628
10167, -189.20, -35528
10175, -191.09, -35407
10183, -191.09, -35337
10192, -190.14, -35317
10200, -190.14, -35331
10209, -189.20, -35375
10217, -189.20, -35386
10225, -190.14, -35325
10234, -192.03, -35213
10242, -192.98, -35086
10251, -193.92, -34963
10259, -192.98, -34930
10267, -192.98, -34923
10276, -192.03, -34959
10284, -192.03, -34936
10292, -193.92, -34852
10301, -194.87, -34735
10309, -195.82, -34600
10318, -195.82, -34484
10326, -195.82, -34452
10334, -195.82, -34433
10343, -195.82, -34425
10351, -194.87, -34457
10359, -194.87, -34487
10368, -195.82, -34444
10376, -195.82, -34376
10385, -195.82, -34334
10393, -195.82, -34304
10402, -196.76, -34248
10410, -196.76, -34194
10418, -196.76, -34162
10427, -196.76, -34135
10436, -197.71, -34074
10444, -197.71, -34020
10452, -197.71, -33986
10461, -197.71, -33958
10469, -198.65, -33900
10477, -198.65, -33846
10486, -198.65, -33811
10494, -198.65, -33779
10503, -199.60, -33720
10511, -199.60, -33671
10520, -199.60, -33639
10528, -199.60, -33604
10537, -199.60, -33537
10545, -200.55, -33485
10554, -200.55, -33438
10562, -200.55, -33377
10570, -201.49, -33310
10579, -201.49, -33268
10587, -200.55, -33247
10595, -200.55, -33275
10604, -200.55, -33280
10612, -200.55, -33248
10621, -201.49, -33208
10629, -201.49, -33144
10637, -201.49, -33089
10646, -201.49, -33057
10654, -201.49, -33054
10663, -200.55, -33089
10671, -200.55, -33121
10679, -200.55, -33112
10688, -201.49, -33048
10696, -202.44, -32961
10705, -202.44, -32905
10713, -202.44, -32848
10721, -202.44, -32773
10730, -203.38, -32706
10738, -202.44, -32667
10747, -202.44, -32650
10755, -202.44, -32664
10764, -201.49, -32708
10772, -201.49, -32736
10780, -201.49, -32717
10789, -202.44, -32650
10797, -202.44, -32554
10805, -203.38, -32489
10814, -203.38, -32428
10822, -204.33, -32341
13840, -204.33, -32174
13849, -205.28, -32083
13857, -208.11, -31734
13867, -211.90, -31254
13876, -215.68, -30511
13886, -219.47, -29606
13895, -224.20, -28718
13904, -227.98, -27913
13913, -229.87, -27224
13921, -232.71, -26553
13930, -235.55, -25910
13938, -239.33, -25167
13948, -244.06, -24533
13957, -245.95, -24024
13965, -246.90, -23626
13974, -248.79, -23245
13983, -252.58, -22784
13992, -256.36, -22241
14002, -260.14, -21732
14011, -262.98, -21273
14021, -266.77, -20816
14031, -269.60, -20432
14039, -271.49, -20079
14048, -274.33, -19732
14056, -276.22, -19370
14065, -279.06, -18991
14073, -280.95, -18614
14081, -283.79, -18234
14090, -286.63, -17857
14098, -288.52, -17504
14106, -289.47, -17200
14115, -291.36, -16872
14123, -294.20, -16480
14131, -296.09, -16083
14140, -297.98, -15718
14148, -299.87, -15355
14157, -301.77, -14964
14165, -303.66, -14549
14174, -306.50, -14134
14182, -307.44, -13732
14190, -309.33, -13376
14199, -311.23, -13002
14207, -313.12, -12579
14216, -315.01, -12180
14224, -316.90, -11815
14233, -317.85, -11497
14241, -319.74, -11204
14249, -320.69, -10922
14258, -322.58, -10640
14266, -324.47, -10367
14275, -326.36, -10104
14283, -327.31, -9866
14291, -328.25, -9668
14300, -330.15, -9464
14308, -332.04, -9229
14316, -332.98, -9009
14325, -333.93, -8839
14333, -334.88, -8668
14341, -336.77, -8477
14350, -338.66, -8287
14358, -339.61, -8117
14366, -340.55, -7957
14375, -341.50, -7814
14383, -342.44, -7666
14392, -344.34, -7506
14400, -345.28, -7351
14409, -346.23, -7218
14417, -347.17, -7089
14425, -348.12, -6939
14434, -350.01, -6790
14442, -350.96, -6639
14451, -351.90, -6503
14459, -352.85, -6400
14467, -352.85, -6290
14476, -353.79, -6175
14484, -355.69, -6040
14493, -357.58, -5890
14501, -357.58, -5755
14509, -358.52, -5662
14518, -357.58, -5619
14526, -357.58, -5584
14535, -359.47, -5479
14543, -362.31, -5304
14551, -364.20, -5122
14560, -364.20, -4998
14568, -364.20, -4939
14576, -363.25, -4935
14585, -363.25, -4906
14593, -365.15, -4786
14601, -367.04, -4639
14610, -367.04, -4530
14618, -367.98, -4428
14627, -367.98, -4349
14635, -368.93, -4260
14643, -369.88, -4157
14652, -370.82, -4052
14660, -370.82, -3979
14669, -370.82, -3896
14677, -371.77, -3801
14685, -373.66, -3697
14693, -373.66, -3594
14702, -374.61, -3499
14710, -374.61, -3433
14719, -374.61, -3359
14727, -375.55, -3275
14735, -376.50, -3186
14744, -376.50, -3092
14752, -377.44, -2990
14761, -378.39, -2897
14769, -378.39, -2803
14777, -379.34, -2746
14786, -379.34, -2699
14794, -379.34, -2624
14803, -380.28, -2535
14811, -381.23, -2415
14820, -382.17, -2313
14828, -382.17, -2248
14836, -382.17, -2186
14845, -382.17, -2129
14853, -383.12, -2047
14861, -384.07, -1933
14870, -384.07, -1834
14878, -384.07, -1768
14886, -385.01, -1702
14895, -385.96, -1599
14903, -385.96, -1508
14911, -386.90, -1437
14920, -386.90, -1371
14928, -386.90, -1324
14936, -386.90, -1250
14945, -388.80, -1145
14953, -388.80, -1049
14961, -388.80, -981
14970, -389.74, -890
14978, -389.74, -781
14986, -390.69, -683
14995, -390.69, -612
15003, -390.69, -550
15011, -390.69, -484
15020, -391.63, -426
15028, -391.63, -324
15037, -391.63, -243
15046, -392.58, -181
15054, -392.58, -117
15062, -392.58, -53
15071, -392.58, -7
15079, -393.53, 82
15087, -393.53, 156
15096, -393.53, 206
15104, -393.53, 278
15113, -394.47, 364
15121, -394.47, 452
15129, -394.47, 517
15138, -395.42, 578
15146, -395.42, 656
15154, -395.42, 763
15163, -396.36, 829
15171, -395.42, 866
15179, -395.42, 888
15188, -395.42, 929
15196, -396.36, 1062
15204, -397.31, 1210
15213, -397.31, 1295
15221, -397.31, 1346
15230, -397.31, 1378
15238, -397.31, 1404
15247, -397.31, 1488
15255, -398.26, 1570
15263, -398.26, 1679
15272, -399.20, 1781
15280, -399.20, 1844
15288, -398.26, 1884
15297, -398.26, 1910
15305, -399.20, 1990
15313, -400.15, 2145
15322, -400.15, 2317
15330, -401.09, 2521
15338, -401.09, 2644
15347, -401.09, 2709
15355, -401.09, 2728
15363, -401.09, 2735
15372, -401.09, 2752
15380, -401.09, 2788
15388, -401.09, 2818
15396, -401.09, 2857
15405, -402.04, 2952
15413, -402.04, 3031
15422, -402.04, 3091
15430, -402.04, 3156
15439, -402.04, 3258
15447, -402.99, 3338
15455, -402.99, 3400
15464, -402.99, 3479
15472, -402.99, 3584
15480, -402.99, 3657
15489, -402.99, 3717
15497, -403.93, 3798
15505, -403.93, 3914
15514, -403.93, 3989
15522, -403.93, 4023
15530, -403.93, 4027
15539, -403.93, 4009
15547, -403.93, 3996
15555, -403.93, 3993
15564, -403.93, 4005
15572, -403.93, 4035
15580, -403.93, 4056
15589, -403.93, 4075
15597, -403.93, 4105
15605, -403.93, 4170
15614, -404.88, 4245
15622, -403.93, 4295
15630, -404.88, 4349
15639, -404.88, 4435
15647, -404.88, 4516
15655, -404.88, 4567
15664, -404.88, 4605
15672, -404.88, 4645
15680, -404.88, 4717
15689, -405.82, 4793
15697, -405.82, 4841
15705, -405.82, 4878
15714, -405.82, 4951
15722, -406.77, 5041
15730, -406.77, 5097
15739, -406.77, 5137
15747, -406.77, 5219
15755, -407.72, 5317
15764, -407.72, 5377
15772, -407.72, 5406
15780, -407.72, 5403
15789, -406.77, 5394
15797, -406.77, 5387
15805, -406.77, 5368
15814, -406.77, 5315
15822, -406.77, 5285
15830, -406.77, 5275
15839, -406.77, 5276
15847, -406.77, 5286
15855, -406.77, 5290
15863, -406.77, 5294
15872, -405.82, 5300
15880, -405.82, 5309
15889, -406.77, 5345
15897, -406.77, 5401
15905, -407.72, 5520
15914, -407.72, 5592
15922, -406.77, 5614
15931, -406.77, 5620
15939, -406.77, 5600
15947, -406.77, 5557
15955, -406.77, 5544
15964, -406.77, 5544
15972, -406.77, 5550
15980, -406.77, 5552
15989, -406.77, 5555
15997, -405.82, 5560
16005, -406.77, 5588
16013, -406.77, 5634
16022, -406.77, 5733
16030, -407.72, 5817
16038, -407.72, 5854
16047, -406.77, 5861
16055, -406.77, 5851
16063, -406.77, 5807
16072, -406.77, 5788
16080, -406.77, 5784
16088, -406.77, 5790
16097, -406.77, 5797
16105, -406.77, 5801
16113, -406.77, 5804
16122, -406.77, 5811
16130, -406.77, 5820
16138, -406.77, 5833
16147, -406.77, 5853
16155, -406.77, 5880
16163, -406.77, 5897
16172, -406.77, 5906
16180, -406.77, 5913
16188, -406.77, 5923
16196, -406.77, 5934
16205, -406.77, 5956
16213, -406.77, 5996
16221, -407.72, 6051
16229, -407.72, 6088
16238, -406.77, 6114
16246, -407.72, 6159
16255, -407.72, 6238
16263, -407.72, 6293
16271, -407.72, 6324
16279, -407.72, 6345
16288, -407.72, 6360
16296, -407.72, 6372
16305, -407.72, 6384
16313, -407.72, 6399
16321, -407.72, 6417
16330, -407.72, 6445
16338, -407.72, 6484
16346, -407.72, 6528
16354, -407.72, 6552
16363, -407.72, 6568
16371, -407.72, 6580
16379, -407.72, 6589
16388, -407.72, 6599
16396, -407.72, 6612
16404, -407.72, 6631
16413, -407.72, 6658
16421, -407.72, 6687
16429, -408.66, 6732
19448, -407.72, 6826
19458, -408.66, 6868
19466, -409.61, 7090
19476, -413.39, 7466
19485, -417.18, 8030
19495, -421.91, 8627
19504, -425.69, 9200
19513, -429.47, 9771
19523, -433.26, 10358
19533, -437.99, 10879
19542, -440.82, 11314
19550, -443.66, 11762
19560, -447.45, 12205
19568, -450.28, 12661
19578, -454.07, 13079
19586, -456.91, 13490
19595, -459.74, 13877
19603, -462.58, 14297
19612, -465.42, 14722
19621, -468.26, 15187
19631, -472.04, 15682
19641, -475.83, 16144
19650, -477.72, 16540
19660, -479.61, 16853
19668, -482.45, 17262
19678, -486.23, 17699
19687, -488.12, 18120
19696, -489.07, 18412
19706, -490.96, 18724
19714, -494.75, 19245
19724, -497.58, 19740
19732, -499.48, 20149
19741, -501.37, 20494
19750, -503.26, 20871
19759, -506.10, 21226
19768, -508.93, 21567
19776, -509.88, 21855
19785, -510.83, 22101
19794, -512.72, 22326
19803, -515.56, 22602
19811, -517.45, 22868
19819, -518.39, 23084
19827, -520.29, 23296
19836, -523.12, 23535
19844, -525.02, 23755
19852, -525.96, 23922
19861, -526.91, 24085
19869, -528.80, 24263
19878, -530.69, 24448
19886, -532.58, 24632
19894, -533.53, 24800
19902, -534.48, 24943
19911, -536.37, 25094
19919, -538.26, 25270
19927, -539.21, 25440
19936, -541.10, 25573
19944, -542.04, 25693
19952, -542.99, 25819
19961, -543.94, 25955
19969, -545.83, 26104
19977, -547.72, 26247
19985, -548.67, 26374
19994, -549.61, 26488
20002, -550.56, 26594
20010, -551.50, 26709
20019, -553.40, 26833
20027, -554.34, 26952
20035, -555.29, 27054
20044, -555.29, 27154
20052, -557.18, 27268
20060, -558.13, 27383
20069, -560.02, 27499
20077, -560.02, 27600
20085, -560.96, 27681
20094, -561.91, 27768
20102, -562.86, 27883
20110, -564.75, 28006
20119, -565.69, 28117
20127, -565.69, 28203
20135, -566.64, 28271
20143, -566.64, 28346
20152, -568.53, 28446
20160, -569.48, 28550
20168, -569.48, 28643
20176, -570.42, 28739
20185, -572.32, 28852
20193, -572.32, 28951
20201, -573.26, 29014
20210, -573.26, 29072
20218, -574.21, 29157
20226, -575.15, 29257
20235, -576.10, 29365
20243, -577.05, 29469
20252, -577.99, 29543
20260, -577.99, 29606
20268, -578.94, 29673
20276, -578.94, 29731
20285, -579.88, 29808
20293, -580.83, 29898
20301, -581.77, 29991
20310, -581.77, 30070
20318, -581.77, 30125
20326, -582.72, 30198
20334, -583.67, 30309
20343, -584.61, 30425
20351, -584.61, 30498
20359, -584.61, 30548
20368, -585.56, 30623
20376, -586.50, 30691
20384, -586.50, 30772
20393, -587.45, 30844
20401, -587.45, 30928
20409, -588.40, 31000
20418, -588.40, 31080
20426, -589.34, 31149
20434, -589.34, 31230
20443, -590.29, 31292
20451, -590.29, 31368
20459, -591.23, 31436
20467, -591.23, 31495
20476, -591.23, 31565
20484, -592.18, 31619
20492, -592.18, 31678
20501, -592.18, 31747
20509, -593.13, 31815
20517, -594.07, 31911
20526, -595.02, 32020
20534, -595.02, 32099
20542, -595.02, 32144
20550, -595.02, 32159
20559, -594.07, 32138
20567, -594.07, 32152
20575, -595.02, 32227
20584, -596.91, 32366
20592, -597.86, 32530
20600, -597.86, 32589
20609, -596.91, 32600
20617, -596.91, 32595
20625, -595.96, 32552
20634, -596.91, 32590
20642, -597.86, 32684
20650, -598.80, 32795
20659, -598.80, 32894
20667, -599.75, 33007
20675, -599.75, 33086
20684, -599.75, 33133
20692, -599.75, 33151
20700, -598.80, 33110
20709, -598.80, 33127
20717, -600.69, 33224
20725, -601.64, 33361
20733, -601.64, 33474
20742, -601.64, 33531
20750, -601.64, 33563
20758, -600.69, 33550
20767, -600.69, 33516
20775, -600.69, 33559
20783, -601.64, 33675
20792, -602.59, 33793
20800, -602.59, 33867
20808, -602.59, 33916
20817, -602.59, 33953
20825, -602.59, 34005
20833, -602.59, 34058
20842, -603.53, 34156
20850, -603.53, 34240
20858, -604.48, 34321
20867, -604.48, 34380
20876, -604.48, 34435
20884, -604.48, 34492
20892, -604.48, 34537
20901, -604.48, 34585
20909, -605.42, 34679
20918, -605.42, 34757
20926, -605.42, 34826
20935, -606.37, 34891
20943, -606.37, 34963
20951, -606.37, 35039
20960, -606.37, 35084
20968, -606.37, 35093
20976, -605.42, 35036
20985, -605.42, 34986
20993, -605.42, 35015
21001, -606.37, 35123
21009, -607.32, 35247
21018, -607.32, 35333
21026, -607.32, 35413
21034, -607.32, 35511
21043, -608.26, 35594
21051, -608.26, 35653
21059, -608.26, 35723
21068, -608.26, 35821
21076, -609.21, 35910
21084, -609.21, 35961
21092, -608.26, 35969
21101, -608.26, 35920
21109, -607.32, 35852
21117, -606.37, 35718
21126, -606.37, 35719
21134, -608.26, 35878
21142, -609.21, 36101
21151, -610.15, 36309
21159, -609.21, 36353
21167, -608.26, 36281
21176, -607.32, 36128
21184, -607.32, 36073
21192, -608.26, 36171
21201, -609.21, 36329
21209, -610.15, 36517
21217, -610.15, 36663
21225, -610.15, 36675
21234, -609.21, 36670
21242, -608.26, 36584
21250, -608.26, 36540
21259, -609.21, 36596
21267, -610.15, 36727
21276, -611.10, 36899
21284, -611.10, 36981
21292, -610.15, 36975
21301, -610.15, 36933
21309, -609.21, 36839
21317, -609.21, 36839
21326, -610.15, 36914
21334, -611.10, 37043
21343, -611.10, 37212
21351, -611.10, 37263
21359, -610.15, 37254
21368, -610.15, 37226
21376, -609.21, 37142
21384, -609.21, 37122
21393, -610.15, 37180
21401, -611.10, 37302
21410, -612.05, 37462
21418, -612.05, 37536
21426, -611.10, 37529
21434, -610.15, 37473
21443, -610.15, 37415
21451, -611.10, 37498
21459, -612.05, 37620
21468, -612.05, 37759
21476, -612.99, 37871
21484, -612.05, 37917
21493, -612.05, 37895
21501, -611.10, 37857
21509, -611.10, 37841
21518, -612.05, 37908
21526, -612.05, 37987
21534, -612.99, 38099
21543, -612.99, 38179
21551, -612.99, 38191
21559, -612.05, 38143
21568, -612.05, 38112
21576, -612.05, 38107
21584, -612.05, 38177
21593, -612.99, 38243
21601, -612.99, 38297
21609, -612.99, 38373
21618, -613.94, 38450
24636, -611.10, 38476
24645, -612.05, 38557
24654, -613.94, 38786
24662, -615.83, 39127
24671, -618.67, 39501
24680, -621.51, 39900
24689, -623.40, 40325
24697, -626.24, 40765
24706, -629.07, 41205
24715, -631.91, 41636
24723, -634.75, 42072
24732, -638.53, 42521
24741, -640.43, 42939
24749, -643.26, 43389
24759, -647.05, 43814
24768, -649.89, 44230
24778, -653.67, 44672
24788, -657.45, 45069
24796, -660.29, 45445
24805, -662.18, 45791
24813, -665.02, 46203
24823, -667.86, 46570
24831, -671.64, 46966
24840, -673.53, 47311
24848, -675.43, 47621
24857, -677.32, 47949
24866, -680.16, 48316
24874, -683.94, 48736
24883, -685.83, 49099
24891, -686.78, 49402
24900, -688.67, 49712
24908, -691.51, 50132
24917, -695.29, 50680
24927, -698.13, 51126
24936, -700.02, 51529
24945, -701.91, 51885
24953, -703.81, 52285
24961, -706.64, 52740
24970, -709.48, 53186
24979, -711.37, 53610
24989, -712.32, 53931
24998, -715.16, 54274
25008, -718.00, 54587
25016, -718.94, 54832
25025, -719.89, 55033
25034, -720.83, 55247
25042, -724.62, 55529
25051, -726.51, 55787
25059, -727.46, 55994
25067, -728.40, 56194
25075, -730.29, 56414
25084, -732.18, 56640
25092, -734.08, 56860
25100, -735.97, 57065
25108, -736.91, 57238
25117, -737.86, 57408
25125, -739.75, 57582
25133, -740.70, 57752
25142, -742.59, 57924
25150, -744.48, 58090
25158, -745.43, 58248
25166, -746.37, 58402
25175, -747.32, 58551
25183, -749.21, 58709
25191, -751.10, 58873
25200, -752.05, 59025
25208, -753.00, 59127
25216, -753.94, 59237
25225, -754.89, 59370
25233, -756.78, 59515
25241, -757.73, 59663
25249, -758.67, 59801
25258, -759.62, 59916
25266, -760.56, 60031
25274, -761.51, 60152
25282, -762.46, 60279
25291, -764.35, 60403
25299, -765.29, 60515
25307, -765.29, 60611
25315, -766.24, 60710
25324, -767.19, 60841
25332, -769.08, 60979
25340, -770.02, 61105
25348, -770.02, 61207
25357, -770.97, 61295
25365, -771.92, 61378
25373, -772.86, 61494
25381, -773.81, 61617
25390, -774.75, 61720
25398, -774.75, 61830
25406, -775.70, 61920
25415, -776.65, 62025
25423, -777.59, 62150
25431, -778.54, 62273
25440, -779.48, 62379
25448, -779.48, 62469
25457, -780.43, 62543
25465, -780.43, 62635
25473, -781.38, 62744
25481, -782.32, 62868
25490, -783.27, 62997
25498, -784.21, 63108
25506, -784.21, 63195
25515, -785.16, 63282
25523, -786.11, 63392
25531, -786.11, 63479
25539, -786.11, 63546
25548, -787.05, 63642
25557, -788.94, 63789
25565, -789.89, 63936
25573, -789.89, 64053
25582, -790.84, 64169
25590, -790.84, 64274
25598, -791.78, 64383
25606, -792.73, 64484
25615, -792.73, 64582
25623, -792.73, 64640
25631, -792.73, 64706
25640, -793.67, 64826
25648, -794.62, 64961
25657, -795.57, 65073
25665, -795.57, 65186
25673, -795.57, 65269
25682, -795.57, 65300
25690, -795.57, 65266
25698, -795.57, 65320
25706, -796.51, 65432
25715, -797.46, 65545
25723, -797.46, 65665
25731, -798.40, 65746
25739, -798.40, 65813
25748, -798.40, 65890
25756, -798.40, 65973
25764, -799.35, 66056
25773, -799.35, 66185
25781, -800.30, 66318
25789, -801.24, 66432
25798, -801.24, 66509
25806, -801.24, 66584
25814, -801.24, 66699
25823, -802.19, 66839
25831, -803.13, 66969
25839, -802.19, 67052
25847, -803.13, 67144
25856, -804.08, 67271
25864, -804.08, 67415
25872, -805.03, 67553
25881, -805.03, 67625
25889, -805.03, 67665
25897, -804.08, 67650
25906, -804.08, 67590
25914, -804.08, 67646
25922, -805.97, 67812
25931, -806.92, 68029
25939, -806.92, 68168
25947, -805.97, 68198
25956, -805.97, 68209
25964, -805.97, 68193
25973, -805.97, 68289
25981, -806.92, 68458
25989, -807.86, 68604
25998, -807.86, 68791
26006, -808.81, 68896
26014, -807.86, 68889
26023, -806.92, 68857
26031, -806.92, 68777
26039, -806.92, 68775
26048, -807.86, 68924
26056, -808.81, 69055
26064, -808.81, 69226
26073, -808.81, 69276
26081, -807.86, 69244
26089, -807.86, 69174
26098, -806.92, 69062
26106, -807.86, 69112
26114, -808.81, 69250
26122, -808.81, 69361
26131, -808.81, 69464
26139, -808.81, 69550
26147, -808.81, 69649
26155, -809.75, 69734
26164, -809.75, 69820
26172, -809.75, 69901
26180, -809.75, 69995
26189, -810.70, 70072
26197, -810.70, 70150
26206, -810.70, 70236
26214, -811.65, 70323
26222, -811.65, 70387
26231, -811.65, 70455
26239, -811.65, 70542
26247, -811.65, 70626
26255, -812.59, 70685
26264, -812.59, 70754
26272, -812.59, 70850
26280, -813.54, 70932
26289, -812.59, 70976
26297, -812.59, 70974
26305, -811.65, 70919
26314, -811.65, 70878
26322, -812.59, 70946
26330, -812.59, 71046
26339, -813.54, 71152
26347, -813.54, 71227
26355, -813.54, 71255
26364, -812.59, 71236
26372, -812.59, 71174
26380, -812.59, 71155
26388, -812.59, 71230
26397, -813.54, 71336
26405, -813.54, 71435
26413, -814.48, 71504
26422, -814.48, 71573
26430, -814.48, 71668
26439, -815.43, 71752
26447, -814.48, 71789
26455, -814.48, 71764
26464, -813.54, 71713
26472, -814.48, 71758
26480, -814.48, 71819
26488, -815.43, 71880
26497, -815.43, 71967
26505, -815.43, 72033
26513, -815.43, 72057
26522, -815.43, 72050
26530, -814.48, 72015
26538, -814.48, 71963
26546, -814.48, 71946
26555, -814.48, 72017
26563, -815.43, 72096
26571, -815.43, 72172
26580, -816.38, 72255
26588, -816.38, 72300
26596, -815.43, 72282
26605, -815.43, 72233
26613, -814.48, 72167
26621, -813.54, 72066
26629, -814.48, 72096
26638, -815.43, 72238
26646, -817.32, 72419
26654, -817.32, 72589
26663, -817.32, 72619
26671, -815.43, 72550
26679, -814.48, 72430
26687, -814.48, 72435
26696, -816.38, 72529
26704, -817.32, 72651
26712, -818.27, 72804
29731, -812.59, 72834
29739, -813.54, 72938
29749, -816.38, 73211
29758, -819.21, 73625
29767, -823.00, 74121
29777, -826.78, 74660
29786, -830.57, 75230
29796, -835.30, 75757
29805, -839.08, 76247
29813, -841.92, 76726
29822, -845.70, 77183
29831, -848.54, 77658
29840, -852.32, 78114
29848, -855.16, 78578
29857, -858.95, 79081
29866, -862.73, 79529
29875, -865.57, 79951
29884, -868.41, 80423
29893, -872.19, 80875
29902, -875.03, 81363
29912, -877.87, 81830
29921, -881.65, 82281
29930, -884.49, 82709
29939, -886.38, 83112
29947, -889.22, 83543
29956, -892.05, 84080
29966, -895.84, 84588
29974, -897.73, 85056
29983, -898.68, 85384
29992, -900.57, 85723
30001, -903.41, 86178
30010, -907.19, 86675
30019, -909.08, 87051
30028, -910.03, 87327
30036, -911.92, 87617
30046, -915.70, 87931
30054, -917.60, 88216
30063, -918.54, 88451
30071, -920.43, 88685
30079, -923.27, 88951
30087, -925.16, 89208
30096, -926.11, 89421
30104, -928.00, 89628
30112, -930.84, 89862
30121, -932.73, 90083
30129, -932.73, 90254
30138, -934.62, 90432
30146, -937.46, 90655
30154, -939.35, 90860
30163, -940.30, 91014
30171, -941.25, 91152
30179, -943.14, 91308
30187, -944.08, 91467
30196, -945.98, 91629
30204, -946.92, 91790
30212, -948.81, 91950
30221, -950.71, 92108
30229, -951.65, 92264
30238, -953.54, 92414
30246, -954.49, 92557
30254, -956.38, 92692
30263, -957.33, 92822
30271, -958.27, 92942
30279, -959.22, 93055
30288, -960.17, 93175
30296, -962.06, 93316
30304, -963.00, 93453
30313, -963.95, 93567
30321, -964.89, 93682
30329, -965.84, 93813
30337, -967.73, 93949
30346, -968.68, 94087
30354, -969.62, 94203
30362, -969.62, 94308
30370, -971.52, 94415
30379, -972.46, 94560
30387, -973.41, 94696
30395, -974.35, 94789
30404, -974.35, 94885
30412, -975.30, 94982
30420, -977.19, 95098
30428, -978.14, 95238
30437, -979.08, 95363
30445, -979.08, 95456
30453, -979.08, 95535
30462, -980.98, 95653
30470, -981.92, 95768
30478, -981.92, 95880
30486, -982.87, 95987
30495, -983.81, 96117
30503, -984.76, 96233
30511, -985.71, 96343
30519, -985.71, 96427
30528, -985.71, 96502
30536, -986.65, 96604
30544, -988.54, 96758
30553, -989.49, 96904
30561, -989.49, 97019
30569, -989.49, 97088
30577, -989.49, 97086
30586, -989.49, 97138
30594, -991.38, 97257
30602, -992.33, 97392
30610, -992.33, 97478
30619, -992.33, 97562
30627, -993.27, 97658
30635, -994.22, 97775
30644, -994.22, 97883
30652, -995.17, 98000
30660, -996.11, 98119
30668, -996.11, 98223
30677, -996.11, 98287
30685, -997.06, 98357
30693, -998.00, 98486
30701, -998.00, 98619
30710, -998.00, 98700
30718, -998.95, 98790
30726, -999.90, 98933
30735, -999.90, 99074
30743, -999.90, 99160
30751, -1000.84, 99262
30759, -1001.79, 99410
30768, -1002.73, 99562
30776, -1002.73, 99659
30784, -1002.73, 99741
30792, -1003.68, 99840
30801, -1003.68, 99924
30809, -1003.68, 99987
30817, -1004.63, 100095
30826, -1005.57, 100234
30834, -1005.57, 100390
30842, -1005.57, 100500
30850, -1006.52, 100643
30859, -1007.46, 100797
30867, -1007.46, 100976
30875, -1007.46, 101067
30884, -1006.52, 101040
30892, -1006.52, 101055
30900, -1008.41, 101183
30909, -1009.36, 101406
30917, -1010.30, 101678
30926, -1010.30, 101851
30934, -1009.36, 101890
30942, -1009.36, 101913
30951, -1008.41, 101858
30959, -1008.41, 101844
30967, -1010.30, 101973
30975, -1011.25, 102183
30984, -1012.19, 102430
30992, -1012.19, 102521
31000, -1011.25, 102522
31009, -1011.25, 102516
31017, -1010.30, 102454
31026, -1011.25, 102495
31034, -1012.19, 102619
31042, -1012.19, 102730
31050, -1012.19, 102828
31059, -1012.19, 102894
31067, -1013.14, 102978
31075, -1013.14, 103062
31083, -1013.14, 103140
31092, -1013.14, 103198
31100, -1014.09, 103277
31108, -1014.09, 103355
31117, -1014.09, 103424
31125, -1014.09, 103483
31133, -1014.09, 103565
31142, -1015.03, 103637
31150, -1015.03, 103706
31158, -1015.03, 103770
31167, -1015.03, 103849
31175, -1015.98, 103913
31183, -1015.98, 103977
31191, -1015.98, 104046
31200, -1015.98, 104124
31208, -1015.98, 104183
31216, -1016.92, 104254
31225, -1016.92, 104348
31233, -1016.92, 104412
31241, -1016.92, 104461
31249, -1017.87, 104522
31258, -1017.87, 104607
31266, -1017.87, 104666
31274, -1017.87, 104713
31283, -1017.87, 104774
31291, -1018.82, 104856
31299, -1018.82, 104911
31308, -1018.82, 104961
31316, -1018.82, 105025
31324, -1019.76, 105100
31332, -1019.76, 105152
31341, -1019.76, 105203
31349, -1020.71, 105272
31357, -1020.71, 105341
31366, -1020.71, 105386
31374, -1020.71, 105434
31382, -1020.71, 105502
31391, -1021.65, 105569
31399, -1021.65, 105611
31407, -1021.65, 105664
31416, -1021.65, 105737
31424, -1021.65, 105796
31432, -1021.65, 105831
31441, -1021.65, 105856
31449, -1021.65, 105877
31457, -1021.65, 105901
31466, -1021.65, 105929
31474, -1021.65, 105967
31482, -1022.60, 106012
31490, -1022.60, 106043
31499, -1022.60, 106066
31507, -1022.60, 106118
31515, -1023.55, 106193
34533, -1024.49, 106309
34542, -1025.44, 106359
34550, -1027.33, 106521
34558, -1029.22, 106766
34566, -1031.11, 107067
34575, -1033.95, 107409
34583, -1036.79, 107774
34591, -1039.63, 108163
34600, -1041.52, 108573
34608, -1044.36, 108979
34616, -1047.19, 109383
34624, -1050.03, 109792
34633, -1052.87, 110221
34641, -1056.65, 110659
34649, -1059.49, 111086
34657, -1061.38, 111496
34666, -1064.22, 111913
34674, -1067.06, 112344
34682, -1070.84, 112806
34691, -1073.68, 113234
34699, -1075.57, 113631
34707, -1078.41, 114039
34716, -1080.30, 114456
34724, -1083.14, 114888
34732, -1085.98, 115343
34741, -1088.82, 115794
34749, -1090.71, 116257
34757, -1093.55, 116744
34766, -1095.44, 117238
34774, -1098.28, 117750
34782, -1101.12, 118261
34791, -1103.01, 118729
34799, -1104.90, 119136
34807, -1106.79, 119527
34816, -1109.63, 119923
34824, -1111.52, 120299
34832, -1114.36, 120650
34841, -1115.31, 120966
34849, -1117.20, 121253
34857, -1120.03, 121541
34866, -1120.98, 121801
34874, -1121.93, 122009
34882, -1123.82, 122221
34890, -1126.66, 122476
34899, -1128.55, 122718
34907, -1130.44, 122927
34915, -1131.39, 123121
34924, -1133.28, 123318
34932, -1135.17, 123523
34940, -1138.01, 123749
34949, -1138.95, 123962
34957, -1139.90, 124131
34966, -1141.79, 124300
34974, -1144.63, 124519
34983, -1146.52, 124725
34991, -1146.52, 124864
34999, -1148.41, 125007
35007, -1150.31, 125194
35016, -1152.20, 125379
35024, -1153.14, 125529
35032, -1154.09, 125667
35041, -1155.04, 125812
35049, -1156.93, 125968
35057, -1158.82, 126146
35065, -1159.77, 126305
35074, -1160.71, 126432
35082, -1161.66, 126554
35090, -1162.60, 126707
35098, -1164.50, 126874
35107, -1166.39, 127049
35115, -1167.33, 127199
35123, -1167.33, 127312
35132, -1168.28, 127423
35140, -1170.17, 127593
35148, -1172.06, 127768
35157, -1173.01, 127908
35165, -1173.01, 128027
35173, -1173.96, 128129
35182, -1174.90, 128256
35190, -1176.79, 128424
35198, -1177.74, 128583
35207, -1177.74, 128713
35215, -1178.69, 128838
35223, -1180.58, 129006
35232, -1181.52, 129169
35240, -1181.52, 129286
35248, -1182.47, 129395
35257, -1183.42, 129555
35265, -1185.31, 129724
35273, -1185.31, 129867
35281, -1186.25, 130006
35290, -1187.20, 130122
35298, -1187.20, 130247
35306, -1188.15, 130348
35315, -1189.09, 130479
35323, -1190.04, 130640
35331, -1190.98, 130796
35340, -1190.98, 130937
35348, -1191.93, 131067
35356, -1192.88, 131225
35365, -1193.82, 131389
35373, -1193.82, 131499
35381, -1194.77, 131629
35390, -1195.71, 131777
35398, -1195.71, 131927
35406, -1195.71, 132026
35414, -1196.66, 132163
35423, -1197.60, 132376
35431, -1198.55, 132597
35439, -1199.50, 132759
35448, -1199.50, 132861
35456, -1199.50, 132923
35464, -1199.50, 133010
35473, -1201.39, 133202
35481, -1201.39, 133392
35489, -1201.39, 133506
35498, -1202.33, 133639
35506, -1203.28, 133857
35514, -1203.28, 134069
35523, -1204.23, 134198
35531, -1204.23, 134300
35539, -1204.23, 134448
35548, -1205.17, 134606
35556, -1206.12, 134821
35564, -1207.06, 135054
35573, -1207.06, 135212
35581, -1207.06, 135293
35589, -1206.12, 135297
35598, -1206.12, 135276
35606, -1207.06, 135430
35615, -1208.96, 135624
35623, -1208.96, 135802
35632, -1208.96, 135919
35640, -1208.96, 136008
35648, -1209.90, 136140
35657, -1210.85, 136294
35665, -1210.85, 136459
35673, -1211.79, 136580
35681, -1211.79, 136688
35690, -1211.79, 136785
35698, -1211.79, 136871
35706, -1212.74, 136995
35715, -1213.69, 137108
35723, -1213.69, 137180
35732, -1213.69, 137226
35740, -1213.69, 137259
35748, -1213.69, 137324
35757, -1214.63, 137413
35765, -1214.63, 137498
35773, -1214.63, 137554
35781, -1214.63, 137628
35790, -1215.58, 137707
35798, -1215.58, 137792
35806, -1215.58, 137847
35815, -1215.58, 137913
35823, -1216.52, 137982
35831, -1216.52, 138061
35840, -1216.52, 138115
35848, -1217.47, 138176
35857, -1217.47, 138235
35865, -1217.47, 138301
35873, -1217.47, 138354
35882, -1217.47, 138414
35890, -1218.42, 138469
35898, -1218.42, 138534
35906, -1218.42, 138595
35915, -1218.42, 138657
35923, -1219.36, 138713
35932, -1219.36, 138777
35940, -1219.36, 138844
35948, -1219.36, 138899
35957, -1219.36, 138948
35965, -1220.31, 139024
35973, -1220.31, 139095
35982, -1220.31, 139150
35990, -1220.31, 139202
35999, -1221.25, 139268
36007, -1221.25, 139328
36015, -1221.25, 139374
36024, -1221.25, 139423
36032, -1222.20, 139490
36040, -1222.20, 139546
36049, -1222.20, 139588
36057, -1222.20, 139637
36065, -1223.15, 139708
36073, -1223.15, 139764
36082, -1223.15, 139803
36090, -1223.15, 139852
36098, -1224.09, 139925
36107, -1224.09, 139978
36115, -1224.09, 140018
36123, -1224.09, 140066
36132, -1225.04, 140136
36140, -1225.04, 140183
36148, -1225.04, 140220
36157, -1225.04, 140276
36165, -1225.98, 140344
36173, -1225.98, 140389
36182, -1225.98, 140422
36190, -1225.98, 140477
36199, -1226.93, 140547
36207, -1226.93, 140589
36215, -1226.93, 140618
36223, -1226.93, 140675
36232, -1227.88, 140747
39250, -1228.82, 140862
39260, -1229.77, 140917
39268, -1231.66, 141105
39278, -1234.50, 141374
39286, -1237.34, 141688
39294, -1240.17, 142039
39303, -1243.96, 142422
39311, -1246.80, 142826
39319, -1249.63, 143245
39328, -1252.47, 143672
39336, -1256.26, 144110
39344, -1259.09, 144559
39353, -1261.93, 144977
39361, -1265.72, 145445
39370, -1268.55, 145900
39378, -1271.39, 146350
39386, -1274.23, 146803
39395, -1277.07, 147255
39403, -1279.90, 147701
39411, -1282.74, 148142
39419, -1285.58, 148579
39428, -1288.42, 149041
39436, -1291.26, 149544
39445, -1294.09, 150062
39453, -1296.93, 150582
39462, -1299.77, 151080
39470, -1301.66, 151545
39478, -1304.50, 151971
39487, -1306.39, 152378
39495, -1309.23, 152776
39503, -1312.07, 153162
39512, -1313.96, 153507
39520, -1315.85, 153799
39528, -1317.74, 154068
39537, -1319.64, 154358
39545, -1322.47, 154662
39553, -1325.31, 154936
39562, -1326.26, 155153
39570, -1327.20, 155329
39578, -1329.10, 155516
39587, -1331.93, 155758
39595, -1333.83, 155992
39603, -1335.72, 156186
39612, -1336.66, 156367
39620, -1338.56, 156552
39629, -1340.45, 156743
39637, -1343.29, 156956
39645, -1345.18, 157155
39653, -1345.18, 157312
39662, -1347.07, 157471
39670, -1349.91, 157679
39679, -1351.80, 157882
39687, -1352.74, 158014
39696, -1353.69, 158143
39704, -1355.58, 158286
39712, -1356.53, 158434
39721, -1358.42, 158585
39729, -1359.37, 158735
39737, -1361.26, 158887
39746, -1363.15, 159038
39754, -1364.10, 159181
39762, -1365.04, 159319
39771, -1365.99, 159451
39779, -1367.88, 159594
39787, -1368.83, 159757
39796, -1370.72, 159915
39804, -1371.66, 160053
39812, -1372.61, 160178
39820, -1373.56, 160293
39829, -1374.50, 160412
39837, -1375.45, 160550
39845, -1377.34, 160698
39854, -1378.29, 160855
39862, -1379.23, 160997
39871, -1380.18, 161106
39879, -1380.18, 161220
39887, -1382.07, 161347
39896, -1383.02, 161479
39904, -1383.96, 161612
39912, -1384.91, 161739
39920, -1385.85, 161870
39929, -1385.85, 161998
39937, -1386.80, 162120
39945, -1387.75, 162258
39954, -1389.64, 162425
39962, -1390.58, 162566
39970, -1390.58, 162657
39979, -1390.58, 162761
39987, -1391.53, 162899
39996, -1393.42, 163061
40004, -1394.37, 163237
40012, -1395.31, 163392
40020, -1395.31, 163501
40029, -1395.31, 163590
40037, -1396.26, 163719
40045, -1397.21, 163872
40054, -1398.15, 164039
40062, -1399.10, 164181
40070, -1399.10, 164302
40078, -1400.04, 164415
40087, -1400.99, 164559
40095, -1400.99, 164676
40104, -1400.99, 164776
40112, -1401.94, 164904
40120, -1402.88, 165106
40129, -1403.83, 165302
40137, -1403.83, 165426
40145, -1403.83, 165540
40154, -1404.77, 165680
40162, -1405.72, 165835
40170, -1405.72, 165979
40178, -1406.67, 166150
40187, -1406.67, 166292
40195, -1407.61, 166462
40204, -1408.56, 166605
40212, -1408.56, 166728
40220, -1408.56, 166818
40229, -1408.56, 166935
40237, -1409.50, 167132
40245, -1410.45, 167345
40254, -1411.40, 167521
40262, -1411.40, 167643
40270, -1411.40, 167741
40279, -1412.34, 167874
40287, -1413.29, 168056
40295, -1413.29, 168216
40303, -1413.29, 168346
40312, -1414.23, 168491
40320, -1415.18, 168665
40328, -1415.18, 168816
40337, -1416.13, 168952
40345, -1416.13, 169085
40353, -1416.13, 169168
40362, -1416.13, 169245
40370, -1417.07, 169377
40378, -1418.02, 169488
40387, -1418.02, 169573
40395, -1418.02, 169645
40403, -1418.02, 169711
40411, -1418.02, 169764
40420, -1418.96, 169862
40428, -1418.96, 169955
40436, -1418.96, 170010
40445, -1418.96, 170070
40453, -1419.91, 170176
40462, -1419.91, 170254
40470, -1419.91, 170305
40478, -1420.86, 170375
40487, -1420.86, 170470
40496, -1420.86, 170543
40504, -1420.86, 170590
40512, -1421.80, 170654
40521, -1421.80, 170731
40529, -1421.80, 170793
40537, -1421.80, 170836
40545, -1421.80, 170898
40554, -1422.75, 170971
40562, -1422.75, 171032
40571, -1422.75, 171077
40579, -1423.69, 171141
40587, -1423.69, 171207
40596, -1423.69, 171262
40604, -1423.69, 171305
40612, -1423.69, 171372
40620, -1424.64, 171435
40629, -1424.64, 171492
40637, -1424.64, 171541
40645, -1424.64, 171609
40654, -1425.58, 171666
40662, -1425.58, 171719
40670, -1425.58, 171773
40679, -1425.58, 171839
40687, -1425.58, 171891
40695, -1426.53, 171947
40703, -1426.53, 172025
40712, -1426.53, 172080
40720, -1426.53, 172124
40728, -1427.48, 172173
40736, -1427.48, 172243
40745, -1427.48, 172295
40753, -1427.48, 172332
40761, -1427.48, 172384
40770, -1428.42, 172454
40778, -1428.42, 172505
40787, -1428.42, 172550
40795, -1428.42, 172600
40803, -1429.37, 172667
40811, -1429.37, 172714
40820, -1429.37, 172757
40828, -1429.37, 172813
40836, -1430.31, 172876
40845, -1430.31, 172919
40853, -1430.31, 172963
40861, -1430.31, 173022
40870, -1431.26, 173078
40878, -1431.26, 173114
40886, -1431.26, 173161
40895, -1431.26, 173226
40903, -1432.21, 173277
40911, -1432.21, 173312
40920, -1432.21, 173360
40928, -1432.21, 173430
40936, -1433.15, 173479
43955, -1432.21, 173570
43963, -1433.15, 173654
43973, -1435.99, 173915
43983, -1439.77, 174231
43991, -1442.61, 174596
44000, -1446.40, 174996
44009, -1449.23, 175399
44017, -1453.02, 175825
44025, -1455.86, 176251
44034, -1458.69, 176677
44042, -1461.53, 177115
44050, -1464.37, 177559
44059, -1468.15, 178019
44067, -1470.99, 178468
44075, -1472.88, 178893
44084, -1475.72, 179319
44092, -1478.56, 179766
44100, -1482.34, 180243
44109, -1484.24, 180685
44117, -1486.13, 181075
44125, -1488.02, 181485
44134, -1491.80, 181965
44142, -1494.64, 182484
44150, -1496.53, 183003
44158, -1499.37, 183522
44167, -1502.21, 184027
44175, -1504.10, 184509
44183, -1505.99, 184945
44192, -1508.83, 185370
44200, -1511.67, 185779
44209, -1513.56, 186134
44217, -1515.45, 186442
44225, -1517.34, 186749
44234, -1520.18, 187067
44242, -1523.02, 187381
44250, -1523.97, 187659
44259, -1525.86, 187886
44267, -1527.75, 188113
44275, -1529.64, 188376
44284, -1532.48, 188649
44292, -1534.37, 188891
44301, -1535.32, 189069
44309, -1537.21, 189260
44317, -1539.10, 189489
44326, -1541.94, 189731
44334, -1543.83, 189936
44343, -1543.83, 190074
44351, -1544.78, 190220
44359, -1547.62, 190423
44367, -1549.51, 190633
44376, -1551.40, 190820
44384, -1552.35, 190995
44392, -1553.29, 191154
44401, -1555.18, 191331
44409, -1558.02, 191547
44417, -1559.91, 191750
44426, -1559.91, 191883
44434, -1560.86, 192020
44442, -1562.75, 192207
44451, -1564.64, 192409
44459, -1566.54, 192602
44467, -1567.48, 192764
44475, -1568.43, 192902
44484, -1569.37, 193035
44492, -1570.32, 193204
44500, -1572.21, 193392
44508, -1574.10, 193592
44517, -1575.05, 193775
44525, -1575.05, 193891
44533, -1576.00, 194029
44542, -1577.89, 194238
44550, -1579.78, 194454
44558, -1580.72, 194636
44567, -1581.67, 194777
44575, -1581.67, 194918
44583, -1582.62, 195072
44592, -1584.51, 195281
44600, -1585.45, 195476
44608, -1586.40, 195647
44617, -1587.35, 195790
44625, -1587.35, 195951
44634, -1589.24, 196142
44642, -1591.13, 196381
44650, -1592.08, 196593
44659, -1592.08, 196768
44667, -1592.08, 196864
44675, -1592.08, 196914
44683, -1593.02, 197076
44692, -1594.91, 197350
44700, -1595.86, 197605
44708, -1595.86, 197768
44717, -1596.81, 197928
44725, -1597.75, 198145
44734, -1598.70, 198377
44742, -1599.64, 198549
44750, -1599.64, 198724
44758, -1600.59, 198875
44767, -1600.59, 199047
44775, -1601.54, 199264
44783, -1602.48, 199506
44791, -1603.43, 199776
44800, -1604.37, 200021
44808, -1604.37, 200213
44816, -1604.37, 200368
44825, -1605.32, 200566
44833, -1606.27, 200786
44841, -1607.21, 200995
44850, -1608.16, 201198
44858, -1608.16, 201322
44866, -1608.16, 201422
44875, -1608.16, 201570
44883, -1609.10, 201749
44891, -1611.00, 201980
44899, -1611.94, 202213
44908, -1611.94, 202396
44916, -1611.00, 202451
44925, -1611.00, 202447
44933, -1611.94, 202552
44941, -1613.83, 202769
44950, -1614.78, 203007
44958, -1615.73, 203183
44966, -1614.78, 203246
44974, -1613.83, 203254
44983, -1613.83, 203199
44991, -1613.83, 203270
44999, -1615.73, 203457
45007, -1616.67, 203655
45016, -1617.62, 203847
45024, -1617.62, 203978
45032, -1617.62, 203995
45041, -1616.67, 204007
45049, -1617.62, 204086
45057, -1619.51, 204252
45066, -1620.46, 204444
45074, -1621.40, 204640
45083, -1621.40, 204698
45091, -1620.46, 204715
45100, -1619.51, 204664
45108, -1619.51, 204676
45116, -1621.40, 204784
45125, -1622.35, 204957
45133, -1623.29, 205144
45141, -1624.24, 205313
45150, -1624.24, 205352
45158, -1623.29, 205353
45166, -1622.35, 205307
45174, -1623.29, 205360
45183, -1624.24, 205467
45191, -1625.19, 205575
45200, -1625.19, 205680
45208, -1626.13, 205788
45217, -1627.08, 205882
45225, -1626.13, 205939
45233, -1626.13, 205968
45241, -1625.19, 205937
45250, -1625.19, 205920
45258, -1626.13, 205991
45266, -1627.08, 206080
45275, -1627.08, 206134
45283, -1627.08, 206168
45291, -1627.08, 206190
45300, -1627.08, 206220
45308, -1627.08, 206290
45316, -1628.02, 206347
45325, -1628.02, 206424
45333, -1628.97, 206497
45341, -1628.97, 206542
45350, -1628.97, 206574
45358, -1628.97, 206599
45366, -1628.97, 206635
45374, -1628.97, 206695
45383, -1629.92, 206744
45391, -1629.92, 206809
45399, -1630.86, 206878
45408, -1630.86, 206921
45416, -1630.86, 206939
45424, -1629.92, 206936
45433, -1628.97, 206894
45441, -1629.92, 206914
45449, -1629.92, 206962
45458, -1630.86, 207034
45466, -1630.86, 207089
45474, -1630.86, 207125
45483, -1631.81, 207168
45491, -1631.81, 207232
45500, -1631.81, 207280
45508, -1631.81, 207318
45516, -1631.81, 207360
45525, -1632.75, 207417
45533, -1632.75, 207462
45541, -1632.75, 207496
45550, -1632.75, 207543
45558, -1633.70, 207602
45566, -1633.70, 207642
45574, -1633.70, 207679
45583, -1633.70, 207727
45591, -1634.65, 207784
45600, -1634.65, 207826
45608, -1634.65, 207866
45616, -1634.65, 207914
45625, -1635.59, 207961
45633, -1635.59, 207996
45641, -1635.59, 208037
45649, -1635.59, 208091
45658, -1636.54, 208140
45666, -1636.54, 208172
45674, -1636.54, 208214
45683, -1637.48, 208275
48701, -1636.54, 208394
48709, -1636.54, 208387
48718, -1635.59, 208278
48726, -1632.75, 208111
48734, -1630.86, 207901
48743, -1628.02, 207608
48751, -1625.19, 207252
48759, -1622.35, 206857
48768, -1619.51, 206427
48776, -1616.67, 205953
48784, -1612.89, 205463
48793, -1610.05, 204966
48801, -1607.21, 204467
48809, -1604.37, 203879
48818, -1600.59, 203215
48826, -1597.75, 202520
48835, -1594.91, 201811
48843, -1592.08, 201037
48851, -1589.24, 200273
48860, -1586.40, 199553
48868, -1583.56, 198896
48876, -1580.72, 198284
48885, -1578.83, 197717
48893, -1576.00, 197173
48901, -1573.16, 196666
48910, -1570.32, 196205
48918, -1567.48, 195774
48926, -1565.59, 195373
48935, -1563.70, 195008
48943, -1560.86, 194647
48951, -1558.02, 194303
48959, -1556.13, 194008
48968, -1554.24, 193747
48976, -1552.35, 193473
48985, -1549.51, 193184
48993, -1546.67, 192901
49002, -1544.78, 192655
49010, -1543.83, 192450
49018, -1541.94, 192242
49027, -1539.10, 192006
49035, -1537.21, 191776
49043, -1535.32, 191575
49052, -1533.43, 191378
49060, -1531.53, 191174
49068, -1529.64, 190972
49077, -1527.75, 190772
49085, -1525.86, 190580
49093, -1523.97, 190394
49102, -1522.07, 190213
49110, -1520.18, 190042
49118, -1518.29, 189874
49127, -1517.34, 189713
49135, -1515.45, 189545
49144, -1513.56, 189363
49152, -1511.67, 189190
49160, -1510.72, 189036
49169, -1509.78, 188884
49177, -1507.88, 188720
49186, -1505.99, 188548
49194, -1504.10, 188374
49202, -1503.15, 188222
49211, -1502.21, 188090
49219, -1501.26, 187953
49228, -1498.43, 187782
49236, -1497.48, 187628
49244, -1497.48, 187501
49252, -1495.59, 187365
49261, -1493.70, 187156
49269, -1491.80, 186960
49278, -1491.80, 186825
49286, -1490.86, 186711
49294, -1489.91, 186561
49303, -1488.02, 186391
49311, -1486.13, 186215
49319, -1486.13, 186074
49328, -1486.13, 185982
49336, -1484.24, 185847
49344, -1482.34, 185601
49353, -1480.45, 185353
49361, -1479.51, 185195
49369, -1479.51, 185073
49378, -1479.51, 184968
49386, -1477.61, 184837
49394, -1475.72, 184602
49402, -1474.78, 184366
49411, -1473.83, 184155
49419, -1472.88, 184033
49427, -1473.83, 184022
49436, -1473.83, 183961
49444, -1471.94, 183774
49452, -1470.99, 183571
49460, -1470.05, 183401
49469, -1469.10, 183257
49477, -1469.10, 183151
49486, -1468.15, 183019
49494, -1467.21, 182861
49502, -1466.26, 182727
49511, -1466.26, 182620
49519, -1465.32, 182503
49527, -1464.37, 182369
49536, -1463.42, 182252
49544, -1463.42, 182175
49552, -1462.48, 182089
49560, -1461.53, 181989
49569, -1461.53, 181897
49577, -1461.53, 181837
49586, -1460.59, 181754
49594, -1459.64, 181614
49602, -1458.69, 181479
49610, -1457.75, 181393
49619, -1457.75, 181329
49627, -1457.75, 181278
49635, -1457.75, 181265
49644, -1457.75, 181305
49652, -1457.75, 181253
49660, -1456.80, 181145
49669, -1454.91, 181020
49677, -1454.91, 180925
49686, -1453.96, 180850
49694, -1453.96, 180786
49702, -1453.02, 180714
49711, -1453.02, 180662
49719, -1453.02, 180617
49727, -1452.07, 180564
49735, -1451.13, 180499
49744, -1451.13, 180455
49752, -1451.13, 180419
49760, -1451.13, 180382
49769, -1450.18, 180318
49777, -1449.23, 180227
49786, -1448.29, 180135
49794, -1448.29, 180055
49803, -1447.34, 179977
49811, -1447.34, 179913
49819, -1447.34, 179870
49828, -1447.34, 179845
49836, -1446.40, 179822
49845, -1446.40, 179757
49853, -1445.45, 179702
49861, -1445.45, 179667
49869, -1445.45, 179645
49878, -1445.45, 179632
49886, -1445.45, 179611
49894, -1444.50, 179553
49903, -1443.56, 179504
49911, -1443.56, 179475
49920, -1443.56, 179455
49928, -1443.56, 179438
49936, -1442.61, 179405
49945, -1442.61, 179346
49953, -1441.67, 179305
49961, -1441.67, 179272
49970, -1441.67, 179242
49978, -1441.67, 179208
49986, -1440.72, 179156
49995, -1440.72, 179114
50003, -1439.77, 179075
50012, -1439.77, 179032
50020, -1438.83, 178978
50028, -1438.83, 178939
50037, -1438.83, 178924
50045, -1438.83, 178933
50053, -1439.77, 178969
50062, -1439.77, 179003
50070, -1438.83, 178990
50078, -1437.88, 178931
50087, -1437.88, 178844
50095, -1437.88, 178849
50103, -1438.83, 178880
50112, -1438.83, 178927
50120, -1438.83, 178973
50128, -1437.88, 178947
50137, -1437.88, 178900
50145, -1436.94, 178840
50153, -1436.94, 178786
50162, -1436.94, 178763
50170, -1436.94, 178768
50178, -1436.94, 178799
50187, -1437.88, 178833
50195, -1436.94, 178850
50203, -1436.94, 178849
50212, -1435.99, 178828
50220, -1435.99, 178785
50228, -1435.99, 178756
50237, -1435.99, 178751
50245, -1435.99, 178764
50253, -1436.94, 178795
50261, -1436.94, 178830
50270, -1435.99, 178834
50278, -1435.99, 178784
50286, -1435.04, 178722
50295, -1434.10, 178645
50303, -1434.10, 178628
50312, -1435.04, 178684
50320, -1435.99, 178770
50328, -1436.94, 178874
50336, -1436.94, 178905
50345, -1435.04, 178840
50353, -1434.10, 178730
50361, -1434.10, 178707
50370, -1435.04, 178735
50378, -1435.04, 178792
50386, -1435.99, 178851
50394, -1435.99, 178935
50403, -1435.99, 178944
50411, -1435.04, 178909
50419, -1434.10, 178836
50428, -1434.10, 178797
50436, -1435.04, 178810
50445, -1435.04, 178844
50453, -1435.99, 178901
50461, -1435.99, 178962
50470, -1435.04, 178948
50478, -1434.10, 178900
50486, -1433.15, 178818
53504, -1424.64, 178561
53513, -1425.58, 178558
53523, -1423.69, 178433
53532, -1420.86, 178196
53541, -1417.07, 177900
53550, -1414.23, 177570
53558, -1411.40, 177211
53566, -1408.56, 176841
53574, -1405.72, 176457
53583, -1401.94, 176052
53591, -1399.10, 175647
53599, -1396.26, 175254
53608, -1393.42, 174840
53616, -1390.58, 174395
53624, -1387.75, 173949
53633, -1383.96, 173495
53641, -1382.07, 173065
53649, -1380.18, 172692
53658, -1377.34, 172298
53666, -1374.50, 171836
53674, -1371.66, 171377
53683, -1369.77, 170897
53691, -1366.93, 170382
53699, -1364.10, 169845
53708, -1362.20, 169311
53716, -1359.37, 168760
53724, -1357.47, 168169
53733, -1354.64, 167534
53741, -1351.80, 166904
53749, -1349.91, 166333
53758, -1348.02, 165848
53766, -1346.12, 165393
53774, -1343.29, 164919
53783, -1340.45, 164469
53791, -1339.50, 164089
53799, -1337.61, 163783
53808, -1335.72, 163474
53816, -1332.88, 163130
53824, -1330.99, 162807
53832, -1329.10, 162527
53841, -1327.20, 162269
53849, -1325.31, 162018
53857, -1323.42, 161780
53865, -1321.53, 161555
53874, -1320.58, 161342
53882, -1318.69, 161145
53890, -1316.80, 160948
53899, -1314.91, 160739
53907, -1313.01, 160538
53915, -1311.12, 160363
53923, -1310.18, 160207
53932, -1309.23, 160065
53940, -1307.34, 159913
53948, -1305.45, 159735
53956, -1304.50, 159571
53965, -1302.61, 159432
53973, -1301.66, 159309
53981, -1300.72, 159181
53989, -1298.82, 159046
53998, -1296.93, 158899
54006, -1295.99, 158763
54014, -1295.04, 158667
54022, -1294.09, 158563
54031, -1292.20, 158444
54039, -1291.26, 158324
54047, -1290.31, 158221
54056, -1288.42, 158102
54064, -1287.47, 157982
54073, -1285.58, 157862
54081, -1285.58, 157769
54089, -1284.63, 157673
54098, -1282.74, 157566
54106, -1281.80, 157467
54114, -1281.80, 157392
54122, -1279.90, 157304
54131, -1278.96, 157198
54139, -1278.01, 157094
54147, -1277.07, 157012
54155, -1276.12, 156944
54164, -1276.12, 156866
54172, -1274.23, 156772
54181, -1272.34, 156664
54189, -1271.39, 156563
54197, -1271.39, 156475
54206, -1270.45, 156419
54214, -1270.45, 156399
54222, -1269.50, 156339
54230, -1268.55, 156255
54239, -1267.61, 156175
54247, -1266.66, 156092
54255, -1265.72, 156029
54264, -1265.72, 155965
54272, -1264.77, 155902
54280, -1263.82, 155819
54288, -1262.88, 155735
54297, -1262.88, 155669
54305, -1261.93, 155608
54314, -1260.99, 155535
54322, -1260.04, 155452
54330, -1260.04, 155399
54338, -1259.09, 155353
54347, -1258.15, 155285
54355, -1258.15, 155227
54363, -1258.15, 155181
54371, -1257.20, 155129
54380, -1256.26, 155043
54388, -1255.31, 154953
54396, -1254.36, 154897
54405, -1254.36, 154864
54413, -1254.36, 154845
54421, -1253.42, 154814
54429, -1252.47, 154741
54438, -1252.47, 154663
54446, -1251.53, 154616
54454, -1251.53, 154583
54463, -1250.58, 154535
54471, -1250.58, 154482
54479, -1249.63, 154437
54487, -1249.63, 154381
54496, -1248.69, 154334
54504, -1248.69, 154297
54512, -1247.74, 154251
54520, -1247.74, 154197
54529, -1247.74, 154160
54537, -1246.80, 154107
54545, -1245.85, 154039
54554, -1244.90, 153946
54562, -1244.90, 153888
54570, -1244.90, 153861
54579, -1244.90, 153859
54587, -1244.90, 153881
54595, -1244.90, 153871
54603, -1243.96, 153835
54612, -1243.01, 153768
54620, -1243.01, 153701
54628, -1242.07, 153623
54636, -1241.12, 153572
54645, -1241.12, 153541
54653, -1241.12, 153522
54661, -1241.12, 153511
54669, -1241.12, 153512
54678, -1241.12, 153551
54686, -1241.12, 153564
54694, -1241.12, 153539
54702, -1240.17, 153494
54711, -1239.23, 153432
54719, -1239.23, 153362
54727, -1238.28, 153288
54736, -1238.28, 153250
54744, -1238.28, 153233
54752, -1238.28, 153245
54760, -1238.28, 153265
54769, -1238.28, 153259
54777, -1237.34, 153226
54785, -1237.34, 153198
54793, -1237.34, 153172
54802, -1236.39, 153129
54810, -1236.39, 153081
54818, -1235.44, 153047
54827, -1235.44, 153015
54835, -1235.44, 152976
54843, -1234.50, 152924
54851, -1234.50, 152882
54860, -1234.50, 152858
54868, -1234.50, 152848
54876, -1234.50, 152877
54884, -1235.44, 152913
54893, -1235.44, 152932
54901, -1234.50, 152906
54909, -1233.55, 152840
54917, -1232.61, 152751
54926, -1231.66, 152650
54934, -1231.66, 152635
54942, -1233.55, 152684
54950, -1233.55, 152774
54959, -1233.55, 152811
54967, -1232.61, 152781
54975, -1232.61, 152760
54984, -1232.61, 152736
54992, -1231.66, 152687
55000, -1231.66, 152627
55008, -1230.71, 152591
55017, -1231.66, 152586
55025, -1231.66, 152616
55033, -1231.66, 152653
55041, -1232.61, 152726
55050, -1232.61, 152743
55058, -1231.66, 152710
55066, -1230.71, 152650
55075, -1230.71, 152601
55083, -1229.77, 152533
55091, -1228.82, 152470
55099, -1229.77, 152458
55108, -1230.71, 152506
55116, -1231.66, 152605
55124, -1231.66, 152680
55132, -1230.71, 152671
55141, -1229.77, 152630
55149, -1229.77, 152555
55157, -1229.77, 152547
55165, -1229.77, 152575
55174, -1230.71, 152610
55182, -1230.71, 152652
55190, -1230.71, 152658
55199, -1230.71, 152642
55207, -1229.77, 152626
55215, -1229.77, 152591
55224, -1228.82, 152533
55232, -1228.82, 152499
55240, -1228.82, 152505
55249, -1228.82, 152527
55257, -1228.82, 152541
55265, -1228.82, 152551
55273, -1228.82, 152562
55282, -1228.82, 152575
55290, -1228.82, 152590
55298, -1228.82, 152609
55306, -1228.82, 152635
55315, -1229.77, 152665
55323, -1229.77, 152699
55331, -1229.77, 152719
55340, -1228.82, 152699
55348, -1228.82, 152663
55356, -1227.88, 152595
58375, -1223.15, 152458
58383, -1224.09, 152462
58392, -1224.09, 152440
58400, -1223.15, 152402
58409, -1223.15, 152345
58417, -1222.20, 152274
58426, -1221.25, 152180
58435, -1220.31, 152074
58443, -1219.36, 151946
58452, -1218.42, 151802
58460, -1217.47, 151646
58469, -1215.58, 151473
58478, -1214.63, 151295
58486, -1213.69, 151107
58494, -1212.74, 150906
58503, -1211.79, 150695
58511, -1209.90, 150463
58520, -1208.01, 150223
58529, -1207.06, 149973
58538, -1205.17, 149726
58547, -1203.28, 149467
58556, -1201.39, 149224
58564, -1199.50, 148983
58572, -1198.55, 148732
58581, -1196.66, 148474
58590, -1194.77, 148215
58598, -1192.88, 147950
58606, -1190.98, 147668
58614, -1188.15, 147370
58623, -1186.25, 147081
58631, -1184.36, 146800
58639, -1181.52, 146492
58647, -1179.63, 146156
58656, -1176.79, 145822
58664, -1173.96, 145498
58672, -1172.06, 145173
58681, -1169.23, 144865
58689, -1167.33, 144546
58697, -1164.50, 144224
58705, -1162.60, 143905
58714, -1159.77, 143584
58722, -1157.87, 143265
58730, -1155.04, 142936
58739, -1152.20, 142600
58747, -1150.31, 142272
58755, -1148.41, 141964
58764, -1145.58, 141646
58772, -1143.68, 141322
58780, -1141.79, 141026
58789, -1139.90, 140716
58797, -1137.06, 140369
58805, -1135.17, 140010
58813, -1133.28, 139666
58822, -1131.39, 139310
58830, -1128.55, 138921
58838, -1126.66, 138533
58846, -1124.76, 138181
58855, -1123.82, 137826
58863, -1121.93, 137449
58871, -1120.03, 137024
58880, -1117.20, 136538
58888, -1115.31, 136071
58896, -1114.36, 135680
58904, -1112.47, 135278
58913, -1110.58, 134799
58921, -1108.68, 134333
58929, -1107.74, 133918
58938, -1105.85, 133511
58946, -1103.95, 133116
58954, -1103.01, 132752
58962, -1101.12, 132440
58971, -1100.17, 132153
58979, -1098.28, 131853
58987, -1096.39, 131560
58996, -1095.44, 131276
59004, -1093.55, 131011
59012, -1092.60, 130766
59020, -1090.71, 130537
59029, -1089.76, 130322
59037, -1088.82, 130128
59045, -1086.93, 129946
59054, -1085.98, 129775
59062, -1085.03, 129617
59070, -1084.09, 129454
59078, -1083.14, 129273
59087, -1081.25, 129079
59095, -1079.36, 128891
59103, -1078.41, 128736
59112, -1078.41, 128641
59120, -1077.47, 128542
59128, -1075.57, 128395
59136, -1074.63, 128251
59145, -1073.68, 128145
59153, -1072.74, 128042
59161, -1071.79, 127930
59169, -1070.84, 127818
59178, -1069.90, 127713
59186, -1068.95, 127603
59194, -1068.01, 127500
59203, -1067.06, 127407
59211, -1066.11, 127309
59219, -1065.17, 127225
59227, -1065.17, 127141
59236, -1064.22, 127049
59244, -1062.33, 126941
59252, -1061.38, 126849
59260, -1061.38, 126785
59269, -1061.38, 126718
59277, -1059.49, 126631
59285, -1058.55, 126548
59294, -1057.60, 126472
59302, -1057.60, 126417
59310, -1057.60, 126377
59319, -1056.65, 126312
59327, -1054.76, 126213
59335, -1053.82, 126108
59343, -1052.87, 126031
59352, -1052.87, 125966
59360, -1051.92, 125917
59368, -1051.92, 125878
59377, -1050.98, 125827
59385, -1050.03, 125772
59393, -1050.03, 125708
59401, -1049.09, 125649
59410, -1048.14, 125587
59418, -1048.14, 125529
59426, -1047.19, 125493
59435, -1047.19, 125468
59443, -1047.19, 125428
59451, -1046.25, 125374
59460, -1045.30, 125295
59468, -1044.36, 125220
59476, -1043.41, 125157
59485, -1043.41, 125116
59493, -1043.41, 125095
59501, -1043.41, 125113
59510, -1043.41, 125115
59518, -1042.46, 125079
59526, -1041.52, 125016
59535, -1040.57, 124953
59543, -1039.63, 124890
59551, -1039.63, 124854
59560, -1040.57, 124853
59568, -1040.57, 124865
59576, -1039.63, 124813
59585, -1038.68, 124752
59593, -1037.74, 124712
59601, -1037.74, 124672
59609, -1036.79, 124617
59618, -1036.79, 124585
59626, -1036.79, 124567
59634, -1036.79, 124572
59643, -1037.74, 124605
59651, -1036.79, 124590
59659, -1035.84, 124529
59667, -1033.95, 124452
59676, -1033.95, 124385
59684, -1033.95, 124378
59692, -1034.90, 124397
59700, -1035.84, 124439
59709, -1034.90, 124427
59717, -1033.95, 124381
59725, -1033.01, 124336
59733, -1032.06, 124276
59742, -1032.06, 124235
59750, -1032.06, 124238
59759, -1033.01, 124248
59767, -1033.01, 124270
59776, -1033.01, 124315
59784, -1033.01, 124304
59792, -1032.06, 124286
59801, -1032.06, 124258
59809, -1031.11, 124228
59817, -1031.11, 124197
59825, -1031.11, 124177
59834, -1031.11, 124170
59842, -1031.11, 124185
59850, -1032.06, 124218
59858, -1031.11, 124234
59867, -1031.11, 124222
59875, -1030.17, 124196
59883, -1030.17, 124175
59892, -1030.17, 124154
59900, -1029.22, 124121
59908, -1029.22, 124085
59917, -1028.28, 124058
59925, -1028.28, 124028
59933, -1027.33, 123987
59942, -1027.33, 123950
59950, -1027.33, 123933
59958, -1027.33, 123943
59966, -1028.28, 123969
59975, -1028.28, 123986
59983, -1027.33, 123976
59991, -1026.38, 123937
59999, -1025.44, 123874
60008, -1025.44, 123875
60016, -1026.38, 123904
60025, -1027.33, 123943
60033, -1028.28, 124000
60041, -1028.28, 124026
60050, -1026.38, 123988
60058, -1025.44, 123934
60067, -1024.49, 123849
60075, -1024.49, 123805
60083, -1025.44, 123833
60091, -1025.44, 123862
60100, -1026.38, 123910
60108, -1026.38, 123948
60116, -1025.44, 123939
60125, -1024.49, 123900
60133, -1023.55, 123841
63151, -1015.98, 123695
63160, -1016.92, 123696
63168, -1015.98, 123650
63177, -1014.09, 123563
63186, -1013.14, 123444
63194, -1010.30, 123290
63203, -1008.41, 123109
63211, -1006.52, 122890
63219, -1003.68, 122630
63227, -1000.84, 122337
63236, -998.00, 122041
63244, -995.17, 121733
63253, -992.33, 121390
63261, -989.49, 121021
63269, -986.65, 120606
63277, -983.81, 120155
63286, -980.03, 119659
63294, -977.19, 119167
63302, -975.30, 118664
63310, -972.46, 118128
63319, -969.62, 117617
63327, -966.79, 117102
63336, -963.95, 116617
63344, -962.06, 116152
63352, -959.22, 115709
63360, -956.38, 115272
63369, -953.54, 114856
63377, -951.65, 114465
63385, -948.81, 114103
63394, -946.92, 113751
63402, -945.03, 113398
63410, -942.19, 113046
63419, -940.30, 112709
63427, -938.41, 112420
63435, -936.52, 112133
63444, -934.62, 111827
63452, -931.79, 111516
63460, -929.89, 111218
63469, -928.00, 110969
63477, -926.11, 110727
63485, -924.22, 110455
63494, -922.33, 110168
63502, -920.43, 109878
63510, -917.60, 109590
63519, -916.65, 109344
63527, -915.70, 109149
63535, -913.81, 108946
63543, -911.92, 108688
63552, -910.03, 108427
63560, -908.14, 108180
63568, -907.19, 107940
63576, -906.24, 107705
63585, -903.41, 107434
63593, -901.51, 107175
63601, -901.51, 107015
63609, -900.57, 106841
63618, -898.68, 106569
63626, -895.84, 106258
63634, -894.89, 106002
63643, -894.89, 105815
63651, -893.00, 105599
63659, -891.11, 105268
63668, -889.22, 104936
63676, -888.27, 104669
63684, -887.32, 104427
63692, -886.38, 104169
63701, -884.49, 103885
63709, -882.60, 103542
63717, -881.65, 103243
63726, -880.70, 103012
63734, -879.76, 102786
63742, -878.81, 102495
63751, -876.92, 102158
63759, -875.97, 101807
63767, -874.08, 101477
63776, -874.08, 101228
63784, -873.14, 100976
63792, -871.24, 100711
63800, -870.30, 100462
63809, -869.35, 100288
63817, -869.35, 100106
63825, -867.46, 99913
63834, -866.51, 99716
63842, -865.57, 99523
63850, -864.62, 99334
63859, -863.68, 99155
63867, -862.73, 98994
63875, -861.78, 98837
63883, -860.84, 98690
63892, -860.84, 98562
63900, -859.89, 98414
63908, -858.00, 98244
63917, -857.05, 98101
63925, -857.05, 98004
63933, -857.05, 97909
63941, -856.11, 97785
63950, -854.22, 97642
63958, -853.27, 97496
63966, -852.32, 97378
63975, -852.32, 97287
63983, -851.38, 97197
63991, -850.43, 97087
64000, -849.49, 97000
64008, -849.49, 96937
64016, -848.54, 96859
64024, -847.59, 96779
64033, -847.59, 96690
64041, -846.65, 96635
64049, -846.65, 96595
64058, -845.70, 96526
64066, -845.70, 96462
64074, -844.76, 96378
64082, -843.81, 96306
64091, -843.81, 96225
64099, -842.86, 96160
64107, -841.92, 96082
64116, -841.92, 96017
64124, -841.92, 95977
64132, -840.97, 95924
64141, -840.03, 95838
64149, -839.08, 95753
64157, -839.08, 95698
64166, -838.13, 95655
64174, -838.13, 95604
64182, -837.19, 95553
64191, -837.19, 95519
64199, -837.19, 95488
64207, -836.24, 95452
64215, -836.24, 95410
64224, -836.24, 95382
64232, -835.30, 95347
64240, -834.35, 95283
64249, -833.40, 95216
64257, -833.40, 95154
64265, -833.40, 95118
64274, -833.40, 95100
64282, -833.40, 95110
64290, -833.40, 95128
64298, -833.40, 95104
64307, -832.46, 95066
64315, -831.51, 95009
64323, -831.51, 94972
64332, -830.57, 94951
64340, -831.51, 94938
64348, -831.51, 94928
64357, -830.57, 94893
64365, -829.62, 94853
64373, -829.62, 94829
64382, -829.62, 94814
64390, -829.62, 94805
64398, -829.62, 94794
64407, -828.67, 94753
64415, -827.73, 94716
64423, -827.73, 94694
64431, -827.73, 94678
64440, -827.73, 94665
64448, -826.78, 94640
64457, -826.78, 94600
64465, -826.78, 94573
64473, -825.84, 94552
64482, -825.84, 94528
64490, -824.89, 94498
64498, -824.89, 94462
64507, -824.89, 94438
64515, -824.89, 94426
64523, -824.89, 94434
64532, -824.89, 94465
64540, -824.89, 94485
64548, -824.89, 94488
64556, -824.89, 94463
64565, -823.94, 94441
64573, -823.94, 94421
64581, -823.94, 94393
64589, -823.00, 94353
64598, -822.05, 94324
64606, -823.00, 94310
64614, -823.00, 94320
64623, -823.00, 94346
64631, -823.00, 94364
64639, -823.00, 94372
64648, -823.00, 94365
64656, -822.05, 94340
64664, -822.05, 94319
64672, -822.05, 94299
64681, -821.11, 94268
64689, -821.11, 94230
64697, -820.16, 94203
64706, -820.16, 94179
64714, -819.21, 94135
64722, -819.21, 94098
64731, -819.21, 94088
64739, -820.16, 94108
64747, -820.16, 94138
64755, -821.11, 94190
64764, -820.16, 94197
64772, -819.21, 94177
64780, -819.21, 94132
64789, -819.21, 94136
64797, -819.21, 94162
64805, -820.16, 94187
64813, -820.16, 94219
64822, -820.16, 94222
64830, -819.21, 94206
64838, -819.21, 94197
64847, -819.21, 94183
64855, -818.27, 94143
67873, -813.54, 94060
67882, -814.48, 94067
67892, -813.54, 94045
67900, -812.59, 94000
67908, -811.65, 93939
67916, -810.70, 93861
67925, -809.75, 93770
67933, -808.81, 93665
67941, -806.92, 93547
67950, -805.03, 93418
67958, -804.08, 93281
67966, -802.19, 93136
67975, -800.30, 92985
67983, -798.40, 92825
67991, -796.51, 92655
67999, -794.62, 92479
68008, -792.73, 92294
68016, -790.84, 92104
68024, -788.94, 91907
68033, -786.11, 91702
68041, -784.21, 91497
68049, -782.32, 91291
68058, -779.48, 91071
68066, -777.59, 90850
68075, -774.75, 90620
68083, -772.86, 90371
68091, -770.02, 90107
68100, -767.19, 89836
68108, -764.35, 89568
68116, -762.46, 89312
68124, -760.56, 89062
68133, -758.67, 88803
68141, -755.83, 88514
68149, -753.00, 88210
68157, -751.10, 87910
68166, -749.21, 87604
68174, -747.32, 87294
68182, -745.43, 86970
68191, -742.59, 86639
68199, -740.70, 86294
68207, -738.81, 85968
68215, -736.91, 85630
68224, -735.02, 85283
68232, -733.13, 84933
68240, -731.24, 84599
68249, -729.35, 84254
68257, -727.46, 83904
68265, -724.62, 83561
68273, -722.73, 83239
68282, -721.78, 82987
68290, -719.89, 82723
68298, -718.00, 82439
68307, -716.10, 82150
68315, -714.21, 81866
68323, -712.32, 81590
68332, -710.43, 81324
68340, -708.54, 81072
68348, -707.59, 80833
68357, -705.70, 80588
68365, -702.86, 80323
68373, -701.91, 80083
68382, -700.97, 79897
68390, -699.08, 79697
68398, -697.18, 79460
68407, -695.29, 79227
68415, -694.35, 79021
68423, -692.45, 78823
68432, -690.56, 78618
68440, -689.62, 78427
68448, -688.67, 78259
68457, -686.78, 78086
68465, -684.89, 77874
68473, -682.99, 77675
68481, -682.99, 77525
68490, -682.05, 77366
68498, -680.16, 77180
68506, -678.26, 76986
68515, -677.32, 76810
68523, -676.37, 76648
68531, -675.43, 76495
68540, -674.48, 76331
68548, -672.59, 76143
68556, -671.64, 75962
68565, -670.70, 75798
68573, -669.75, 75643
68581, -667.86, 75469
68590, -666.91, 75308
68598, -665.97, 75170
68606, -665.02, 75039
68615, -664.07, 74889
68623, -663.13, 74734
68631, -662.18, 74575
68640, -661.24, 74409
68648, -660.29, 74250
68656, -659.34, 74098
68665, -658.40, 73941
68673, -657.45, 73778
68682, -656.51, 73641
68690, -655.56, 73496
68698, -654.62, 73362
68707, -653.67, 73228
68715, -653.67, 73110
68723, -652.72, 72974
68731, -651.78, 72802
68740, -650.83, 72621
68748, -649.89, 72491
68756, -649.89, 72380
68765, -648.94, 72257
68773, -647.99, 72148
68781, -647.05, 71996
68790, -647.05, 71848
68798, -646.10, 71719
68806, -646.10, 71616
68814, -645.16, 71469
68823, -644.21, 71304
68831, -643.26, 71142
68839, -643.26, 70986
68847, -642.32, 70870
68856, -642.32, 70779
68864, -641.37, 70660
68872, -640.43, 70527
68880, -639.48, 70378
68889, -639.48, 70240
68897, -639.48, 70155
68905, -638.53, 70058
68914, -637.59, 69875
68922, -636.64, 69673
68930, -636.64, 69546
68938, -636.64, 69452
68947, -635.70, 69331
68955, -634.75, 69200
68963, -634.75, 69103
68971, -634.75, 68993
68980, -633.80, 68864
68988, -633.80, 68776
68996, -632.86, 68694
69005, -632.86, 68597
69013, -631.91, 68488
69021, -631.91, 68416
69029, -631.91, 68360
69038, -630.97, 68256
69046, -630.02, 68121
69054, -629.07, 67946
69063, -629.07, 67841
69071, -629.07, 67804
69079, -629.07, 67800
69087, -630.02, 67845
69096, -629.07, 67834
69104, -629.07, 67758
69112, -628.13, 67632
69120, -627.18, 67523
69129, -627.18, 67455
69137, -627.18, 67413
69145, -627.18, 67385
69153, -626.24, 67342
69162, -626.24, 67243
69170, -625.29, 67168
69178, -625.29, 67121
69186, -625.29, 67089
69195, -625.29, 67065
69203, -625.29, 67022
69211, -624.34, 66934
69219, -624.34, 66867
69228, -623.40, 66818
69236, -623.40, 66779
69244, -623.40, 66741
69253, -622.45, 66677
69261, -622.45, 66613
69269, -622.45, 66554
69277, -621.51, 66499
69286, -621.51, 66438
69294, -620.56, 66367
69303, -620.56, 66322
69311, -620.56, 66301
69319, -620.56, 66316
69328, -621.51, 66377
69336, -621.51, 66406
69344, -620.56, 66340
69353, -619.61, 66240
69361, -618.67, 66150
69369, -619.61, 66120
69378, -619.61, 66171
69386, -620.56, 66281
69394, -620.56, 66306
69402, -619.61, 66249
69411, -618.67, 66140
69419, -617.72, 66003
69427, -617.72, 65979
69436, -618.67, 66007
69444, -618.67, 66068
69452, -619.61, 66130
69460, -618.67, 66102
69469, -617.72, 66049
69477, -617.72, 65988
69486, -616.78, 65912
69494, -616.78, 65864
69502, -616.78, 65861
69510, -617.72, 65906
69519, -617.72, 65964
69527, -618.67, 66069
69535, -617.72, 66079
69544, -616.78, 66023
69552, -615.83, 65921
69560, -614.88, 65791
69569, -615.83, 65776
69577, -616.78, 65849
69585, -617.72, 65979
69593, -616.78, 66011
69602, -615.83, 65954
69610, -615.83, 65904
69618, -615.83, 65870
69627, -614.88, 65816
69635, -614.88, 65733
69643, -613.94, 65684
72661, -617.72, 65767
72671, -617.72, 65767
72680, -615.83, 65626
72690, -613.94, 65363
72700, -611.10, 65056
72708, -608.26, 64734
72717, -605.42, 64394
72725, -603.53, 64051
72733, -601.64, 63743
72741, -599.75, 63480
72750, -597.86, 63209
72758, -595.02, 62924
72766, -593.13, 62638
72775, -591.23, 62380
72783, -588.40, 62124
72791, -586.50, 61854
72800, -583.67, 61594
72808, -581.77, 61320
72816, -578.94, 61040
72825, -576.10, 60759
72833, -573.26, 60483
72841, -570.42, 60196
72850, -567.59, 59904
72858, -564.75, 59623
72866, -561.91, 59348
72875, -560.02, 59093
72883, -558.13, 58855
72891, -555.29, 58611
72900, -552.45, 58354
72908, -550.56, 58093
72916, -547.72, 57835
72925, -545.83, 57569
72933, -542.99, 57307
72941, -540.15, 57037
72950, -538.26, 56766
72958, -536.37, 56502
72967, -533.53, 56228
72975, -531.64, 55955
72983, -529.75, 55706
72992, -527.85, 55441
73000, -525.02, 55140
73008, -523.12, 54826
73017, -521.23, 54511
73025, -518.39, 54175
73033, -516.50, 53843
73042, -515.56, 53562
73050, -513.66, 53255
73058, -510.83, 52874
73067, -509.88, 52497
73075, -507.99, 52164
73083, -506.10, 51816
73092, -503.26, 51429
73100, -501.37, 51070
73108, -500.42, 50778
73117, -498.53, 50501
73125, -496.64, 50194
73134, -493.80, 49899
73142, -492.85, 49677
73150, -492.85, 49539
73159, -491.91, 49390
73167, -490.02, 49166
73175, -488.12, 48914
73183, -486.23, 48662
73192, -484.34, 48433
73200, -483.39, 48249
73208, -482.45, 48065
73217, -480.56, 47873
73225, -479.61, 47676
73233, -477.72, 47480
73242, -476.77, 47290
73250, -474.88, 47104
73259, -473.93, 46933
73267, -472.99, 46768
73275, -471.10, 46595
73284, -469.20, 46401
73292, -468.26, 46223
73300, -467.31, 46107
73309, -467.31, 46001
73317, -465.42, 45861
73325, -464.47, 45701
73334, -462.58, 45534
73342, -461.64, 45379
73351, -460.69, 45252
73359, -459.74, 45130
73367, -458.80, 44995
73376, -457.85, 44858
73384, -456.91, 44721
73392, -455.96, 44582
73400, -454.07, 44445
73409, -454.07, 44339
73417, -453.12, 44264
73425, -453.12, 44170
73434, -451.23, 44039
73442, -450.28, 43892
73451, -449.34, 43772
73459, -448.39, 43658
73467, -448.39, 43558
73476, -447.45, 43446
73484, -445.55, 43310
73492, -444.61, 43177
73501, -443.66, 43080
73509, -443.66, 43023
73517, -443.66, 43001
73526, -444.61, 43019
73534, -443.66, 42949
73542, -441.77, 42813
73551, -439.88, 42636
73559, -438.93, 42453
73567, -438.93, 42397
73576, -439.88, 42420
73584, -439.88, 42449
73592, -438.93, 42378
73601, -437.04, 42215
73609, -435.15, 42035
73617, -435.15, 41884
73626, -434.20, 41753
73634, -433.26, 41667
73642, -433.26, 41613
73651, -433.26, 41581
73659, -434.20, 41598
73667, -434.20, 41626
73676, -432.31, 41543
73684, -431.36, 41380
73693, -429.47, 41200
73701, -428.53, 41027
73709, -428.53, 40936
73717, -429.47, 40940
73726, -429.47, 40988
73734, -428.53, 40917
73742, -427.58, 40816
73751, -426.63, 40728
73759, -426.63, 40634
73767, -425.69, 40577
73776, -426.63, 40559
73784, -426.63, 40578
73793, -426.63, 40602
73801, -424.74, 40515
73810, -423.80, 40400
73818, -422.85, 40287
73826, -422.85, 40187
73835, -422.85, 40158
73843, -423.80, 40191
73851, -422.85, 40167
73860, -421.91, 40104
73868, -421.91, 40009
73876, -420.96, 39930
73884, -420.96, 39880
73893, -420.96, 39849
73901, -420.96, 39830
73909, -420.96, 39805
73918, -420.01, 39727
73926, -419.07, 39664
73934, -419.07, 39622
73943, -419.07, 39594
73951, -419.07, 39571
73960, -418.12, 39532
73968, -418.12, 39455
73976, -417.18, 39400
73985, -417.18, 39358
73993, -417.18, 39318
74001, -416.23, 39275
74009, -416.23, 39221
74018, -416.23, 39160
74026, -415.28, 39123
74035, -416.23, 39124
74043, -416.23, 39177
74051, -416.23, 39228
74060, -416.23, 39237
74068, -415.28, 39191
74076, -415.28, 39146
74084, -415.28, 39110
74093, -415.28, 39063
74101, -414.34, 38984
74109, -413.39, 38920
74118, -413.39, 38867
74126, -413.39, 38801
74134, -412.45, 38709
74143, -412.45, 38645
74151, -412.45, 38627
74159, -412.45, 38656
74168, -413.39, 38710
74176, -412.45, 38731
74184, -412.45, 38662
74193, -411.50, 38576
74201, -410.55, 38468
74209, -410.55, 38422
74218, -411.50, 38483
74226, -412.45, 38596
74234, -411.50, 38601
74243, -411.50, 38570
74251, -410.55, 38535
74260, -410.55, 38472
74268, -409.61, 38391
74276, -409.61, 38358
74284, -410.55, 38402
74293, -410.55, 38463
74301, -411.50, 38578
74309, -411.50, 38613
74318, -410.55, 38571
74326, -409.61, 38472
74334, -408.66, 38392
77353, -413.39, 38510
77363, -413.39, 38481
77372, -411.50, 38178
77382, -406.77, 37711
77391, -403.93, 37157
77400, -401.09, 36526
77408, -397.31, 35870
77417, -394.47, 35154
77427, -391.63, 34480
77437, -387.85, 33854
77446, -383.12, 33309
77455, -380.28, 32849
77464, -377.44, 32436
77472, -374.61, 32023
77480, -371.77, 31614
77489, -367.98, 31212
77497, -365.15, 30835
77505, -363.25, 30488
77514, -359.47, 30159
77522, -357.58, 29858
77530, -354.74, 29586
77539, -352.85, 29315
77547, -350.01, 29036
77556, -346.23, 28754
77564, -344.34, 28498
77572, -342.44, 28299
77580, -340.55, 28097
77589, -337.71, 27856
77597, -333.93, 27597
77606, -332.04, 27366
77614, -331.09, 27197
77623, -329.20, 27035
77631, -326.36, 26810
77639, -322.58, 26558
77648, -321.63, 26353
77656, -320.69, 26212
77665, -318.79, 26064
77673, -315.01, 25839
77681, -312.17, 25604
77690, -311.23, 25415
77698, -310.28, 25260
77706, -308.39, 25091
77715, -305.55, 24869
77723, -302.71, 24650
77731, -301.77, 24477
77740, -300.82, 24347
77748, -299.87, 24201
77756, -297.98, 24013
77765, -295.14, 23798
77773, -294.20, 23613
77781, -293.25, 23487
77790, -292.31, 23357
77798, -289.47, 23159
77806, -287.58, 22947
77814, -286.63, 22756
77823, -284.74, 22565
77831, -282.85, 22365
77839, -281.90, 22175
77848, -280.95, 22001
77856, -279.06, 21813
77865, -277.17, 21574
77873, -276.22, 21339
77881, -274.33, 21148
77890, -273.39, 20974
77898, -272.44, 20785
77906, -270.55, 20569
77915, -269.60, 20323
77923, -267.71, 20076
77931, -266.77, 19855
77940, -265.82, 19650
77948, -264.87, 19466
77956, -263.93, 19276
77964, -262.04, 19062
77973, -261.09, 18859
77981, -260.14, 18698
77989, -259.20, 18533
77998, -258.25, 18355
78006, -257.31, 18171
78014, -255.41, 17986
78023, -254.47, 17831
78031, -254.47, 17699
78039, -253.52, 17570
78048, -251.63, 17398
78056, -250.68, 17228
78064, -249.74, 17115
78073, -249.74, 17027
78081, -248.79, 16924
78089, -247.85, 16801
78097, -246.90, 16657
78106, -245.95, 16504
78114, -245.01, 16386
78122, -244.06, 16267
78131, -244.06, 16177
78139, -243.12, 16069
78147, -242.17, 15942
78156, -240.28, 15816
78164, -240.28, 15718
78172, -240.28, 15646
78181, -239.33, 15568
78189, -238.39, 15495
78198, -237.44, 15399
78206, -237.44, 15308
78214, -236.49, 15226
78223, -236.49, 15166
78231, -235.55, 15080
78239, -234.60, 14985
78248, -233.66, 14893
78256, -232.71, 14807
78264, -232.71, 14745
78273, -232.71, 14697
78281, -231.76, 14636
78289, -230.82, 14569
78297, -230.82, 14492
78306, -229.87, 14418
78314, -228.93, 14343
78323, -228.93, 14271
78331, -228.93, 14227
78339, -227.98, 14181
78347, -227.03, 14096
78356, -226.09, 13993
78364, -226.09, 13928
78372, -226.09, 13891
78381, -226.09, 13877
78389, -226.09, 13875
78397, -225.14, 13856
78406, -225.14, 13823
78414, -224.20, 13774
78422, -224.20, 13739
78431, -224.20, 13708
78439, -223.25, 13648
78447, -222.30, 13572
78456, -221.36, 13495
78464, -221.36, 13434
78472, -221.36, 13369
78480, -220.41, 13319
78489, -220.41, 13291
78497, -220.41, 13271
78506, -219.47, 13237
78514, -219.47, 13176
78522, -218.52, 13123
78531, -218.52, 13082
78539, -218.52, 13052
78547, -218.52, 13029
78556, -217.57, 13005
78564, -217.57, 12959
78572, -216.63, 12895
78581, -216.63, 12857
78589, -216.63, 12834
78597, -216.63, 12820
78605, -216.63, 12808
78614, -215.68, 12775
78622, -214.74, 12730
78631, -214.74, 12703
78639, -214.74, 12686
78647, -214.74, 12675
78656, -214.74, 12660
78664, -213.79, 12612
78673, -212.84, 12571
78681, -212.84, 12545
78689, -212.84, 12528
78697, -212.84, 12511
78706, -211.90, 12475
78714, -211.90, 12430
78722, -211.90, 12397
78731, -211.90, 12370
78739, -210.95, 12328
78747, -210.95, 12284
78756, -210.01, 12255
78764, -210.01, 12224
78773, -209.06, 12177
78781, -209.06, 12127
78789, -209.06, 12098
78797, -209.06, 12087
78806, -209.06, 12089
78814, -209.06, 12095
78822, -209.06, 12096
78831, -209.06, 12093
78839, -209.06, 12083
78847, -208.11, 12071
78856, -208.11, 12061
78864, -208.11, 12045
78872, -207.17, 12010
78881, -207.17, 11975
78889, -207.17, 11951
78897, -206.22, 11921
78905, -206.22, 11861
78914, -205.28, 11816
78922, -205.28, 11799
78930, -205.28, 11797
78939, -205.28, 11799
78947, -205.28, 11802
78955, -205.28, 11806
78963, -205.28, 11814
78972, -205.28, 11823
78980, -205.28, 11836
78988, -205.28, 11856
78997, -205.28, 11871
79005, -205.28, 11881
79013, -205.28, 11885
79022, -205.28, 11887
79030, -205.28, 11885
79038, -205.28, 11881
79047, -205.28, 11875
79055, -204.33, 11867
