5091, 2074, -2
5095, 2073, -2
5099, 2073, -13
5102, 2073, -34
5106, 2072, -67
5109, 2070, -113
5112, 2068, -193
5117, 2064, -276
5120, 2061, -385
5124, 2057, -490
5128, 2053, -604
5131, 2049, -737
5135, 2045, -877
5138, 2040, -1016
5141, 2036, -1156
5145, 2031, -1302
5148, 2027, -1450
5151, 2023, -1599
5154, 2019, -1760
5157, 2015, -1911
5161, 2012, -2069
5164, 2008, -2218
5167, 2004, -2373
5170, 2001, -2525
5173, 1997, -2680
5176, 1994, -2825
5180, 1991, -2974
5183, 1988, -3126
5186, 1985, -3263
5189, 1982, -3403
5192, 1979, -3532
5196, 1977, -3663
5199, 1974, -3793
5202, 1972, -3909
5205, 1969, -4039
5209, 1966, -4159
5212, 1964, -4277
5215, 1961, -4400
5219, 1958, -4503
5222, 1956, -4601
5225, 1954, -4740
5230, 1951, -4840
5234, 1949, -4947
5237, 1946, -5044
5241, 1943, -5140
5245, 1941, -5243
5249, 1938, -5332
5252, 1936, -5407
5256, 1935, -5482
5259, 1932, -5567
5263, 1930, -5645
5266, 1928, -5708
5270, 1927, -5771
5273, 1924, -5843
5276, 1923, -5906
5280, 1921, -5958
5283, 1920, -6009
5286, 1918, -6064
5289, 1916, -6121
5292, 1915, -6171
5296, 1914, -6212
5299, 1913, -6251
5302, 1912, -6296
5305, 1910, -6350
5309, 1909, -6414
5313, 1908, -6456
5317, 1906, -6489
5320, 1905, -6533
5324, 1904, -6580
5327, 1902, -6625
5331, 1901, -6665
5334, 1900, -6695
5338, 1899, -6723
5341, 1898, -6751
5344, 1897, -6789
5348, 1896, -6827
5352, 1895, -6866
5355, 1894, -6900
5359, 1893, -6925
5362, 1892, -6952
5366, 1892, -6974
5370, 1891, -6999
5373, 1891, -7025
5377, 1889, -7057
5380, 1888, -7090
5383, 1887, -7117
5387, 1886, -7139
5390, 1885, -7157
5393, 1885, -7171
5396, 1885, -7185
5399, 1884, -7200
5402, 1884, -7215
5406, 1883, -7235
5409, 1882, -7257
5413, 1881, -7281
5416, 1880, -7308
5420, 1880, -7329
5423, 1879, -7348
5427, 1879, -7363
5430, 1879, -7375
5434, 1879, -7386
5437, 1879, -7397
5440, 1879, -7409
5445, 1878, -7425
5449, 1878, -7438
5452, 1877, -7457
5457, 1876, -7475
5460, 1875, -7501
5465, 1874, -7521
5468, 1873, -7538
5471, 1873, -7550
5475, 1872, -7565
5479, 1872, -7574
5483, 1871, -7581
5486, 1871, -7587
5489, 1871, -7593
5493, 1871, -7598
5496, 1871, -7602
5499, 1871, -7606
5502, 1871, -7611
5506, 1871, -7618
5510, 1871, -7625
5514, 1871, -7635
5518, 1871, -7644
5521, 1870, -7655
5525, 1869, -7671
5529, 1869, -7684
5533, 1868, -7702
5536, 1867, -7716
5540, 1867, -7736
5543, 1867, -7751
5548, 1866, -7760
5551, 1866, -7766
5554, 1865, -7772
5557, 1865, -7777
5560, 1865, -7781
5563, 1865, -7786
5567, 1865, -7789
5570, 1866, -7791
5573, 1865, -7793
5576, 1865, -7796
5580, 1865, -7798
5583, 1865, -7798
5586, 1865, -7799
5589, 1865, -7801
5592, 1865, -7803
5596, 1865, -7804
5599, 1865, -7804
5602, 1865, -7803
5605, 1865, -7805
5608, 1865, -7805
5611, 1865, -7807
5614, 1864, -7808
5617, 1864, -7810
5621, 1865, -7812
5624, 1864, -7814
5627, 1864, -7817
5630, 1865, -7821
5633, 1865, -7824
5637, 1864, -7829
5640, 1864, -7833
5643, 1864, -7838
5646, 1863, -7843
5649, 1863, -7848
5652, 1863, -7854
5655, 1863, -7860
5658, 1862, -7865
5662, 1862, -7871
5665, 1862, -7876
5668, 1862, -7880
5671, 1861, -7886
5674, 1861, -7890
5677, 1861, -7896
5680, 1861, -7900
5683, 1860, -7906
5687, 1860, -7912
5690, 1860, -7917
5693, 1860, -7925
5696, 1860, -7930
5699, 1860, -7934
5702, 1860, -7937
5706, 1860, -7943
5709, 1860, -7946
5712, 1859, -7950
5715, 1860, -7955
5718, 1860, -7958
5721, 1860, -7960
5724, 1860, -7964
5728, 1860, -7969
5731, 1860, -7972
5734, 1859, -7976
5737, 1859, -7979
5740, 1859, -7983
5743, 1858, -7986
5746, 1858, -3
5750, 1858, -5
5753, 1858, -7
5756, 1858, -10
5759, 1858, -11
5763, 1858, -11
5766, 1858, -13
5769, 1858, -14
5772, 1858, -16
5775, 1858, -16
5779, 1858, -18
5782, 1858, -18
5785, 1858, -19
5789, 1858, -20
5793, 1857, -20
5796, 1858, -21
5800, 1858, -22
5804, 1859, -22
5807, 1859, -22
5811, 1859, -22
5814, 1858, -22
5817, 1858, -22
5820, 1858, -22
5823, 1858, -23
5826, 1858, -24
5830, 1858, -23
5833, 1858, -23
5836, 1858, -23
5840, 1858, -24
5843, 1858, -24
5847, 1858, -24
5851, 1858, -24
5854, 1857, -24
5859, 1857, -24
5862, 1857, -23
5866, 1857, -23
5870, 1857, -23
5873, 1857, -21
5877, 1857, -22
5880, 1858, -23
5883, 1858, -23
5886, 1858, -24
5889, 1858, -24
5892, 1858, -25
5896, 1858, -25
5899, 1857, -23
5902, 1857, -22
5905, 1857, -22
5908, 1857, -21
5912, 1857, -21
5915, 1858, -20
5918, 1857, -20
5921, 1857, -20
5924, 1858, -21
5927, 1857, -21
5931, 1858, -21
5934, 1858, -21
5937, 1858, -20
5940, 1858, -19
5943, 1858, -19
5946, 1858, -19
5949, 1858, -20
5953, 1858, -20
5956, 1858, -21
5959, 1858, -21
5962, 1858, -20
5965, 1858, -18
5969, 1858, -18
5972, 1857, -18
5975, 1857, -18
5978, 1858, -18
5981, 1858, -17
5984, 1858, -18
5987, 1858, -18
5990, 1858, -17
5994, 1858, -17
5998, 1858, -17
6001, 1858, -17
6005, 1858, -18
6009, 1858, -18
6013, 1858, -18
6018, 1858, -17
6021, 1858, -17
6024, 1858, -15
6027, 1858, -15
6031, 1858, -15
6034, 1858, -15
6037, 1858, -13
6040, 1858, -12
6043, 1858, -14
6048, 1858, -14
6051, 1857, -13
6054, 1858, -13
6057, 1858, -11
6061, 1858, -10
6064, 1858, -9
6068, 1858, -9
6071, 1858, -9
6074, 1858, -10
6078, 1858, -10
6081, 1858, -9
6084, 1858, -8
6087, 1858, -7
6091, 1858, -7
6094, 1858, -8
6099, 1858, -7
6102, 1858, -6
6106, 1858, -4
6110, 1858, -5
6113, 1858, -5
6116, 1858, -6
6120, 1858, -6
6123, 1858, -6
6127, 1857, -5
6130, 1857, -6
6133, 1857, -5
6137, 1857, -5
6140, 1857, -5
6143, 1858, -5
6146, 1858, -6
6149, 1858, -7
6153, 1858, -5
6156, 1858, -6
6159, 1858, -6
6162, 1858, -6
6165, 1858, -6
6168, 1858, -6
6172, 1858, -6
6175, 1858, -6
6178, 1858, -6
6181, 1858, -6
6184, 1858, -5
6187, 1858, -4
6190, 1858, -4
6194, 1858, -4
6197, 1858, -4
6200, 1858, -4
6203, 1858, -3
6207, 1858, -3
6210, 1858, -3
6213, 1858, -2
6218, 1858, -2
6221, 1858, -2
6225, 1858, -2
6229, 1857, -2
6232, 1858, -2
6236, 1858, -2
6239, 1858, -2
6242, 1858, -2
6246, 1858, -2
6249, 1858, -2
6252, 1858, -2
6256, 1858, -1
6259, 1858, -1
6262, 1858, -2
6265, 1858, -2
6268, 1858, -2
6271, 1858, -2
6275, 1858, -1
6279, 1858, -1
6283, 1859, -1
6286, 1859, -1
6290, 1858, -1
6294, 1858, -1
6298, 1858, -1
6302, 1858, -1
6305, 1858, -1
6309, 1858, 0
8323, 1858, -2
8327, 1858, -2
8331, 1858, -9
8335, 1857, -29
8339, 1856, -58
8342, 1854, -98
8346, 1850, -155
8349, 1847, -213
8352, 1844, -278
8355, 1839, -357
8358, 1835, -434
8361, 1831, -513
8365, 1827, -599
8368, 1823, -683
8371, 1820, -772
8374, 1816, -863
8377, 1812, -953
8380, 1808, -1044
8384, 1804, -1134
8387, 1800, -1223
8390, 1796, -1311
8394, 1793, -1398
8397, 1790, -1480
8400, 1786, -1567
8403, 1783, -1652
8407, 1780, -1745
8410, 1776, -1834
8414, 1772, -1929
8418, 1769, -2008
8421, 1766, -2089
8425, 1762, -2176
8429, 1759, -2250
8433, 1756, -2329
8436, 1753, -2395
8440, 1750, -2468
8444, 1747, -2533
8447, 1744, -2593
8450, 1741, -2653
8454, 1739, -2706
8457, 1736, -2756
8460, 1734, -2816
8464, 1731, -2864
8467, 1730, -2910
8470, 1727, -2960
8473, 1725, -3008
8477, 1724, -3053
8480, 1722, -3101
8483, 1719, -3154
8487, 1718, -3199
8490, 1716, -3242
8494, 1713, -3289
8497, 1711, -3332
8501, 1710, -3371
8504, 1708, -3408
8508, 1706, -3451
8512, 1704, -3500
8516, 1703, -3532
8519, 1701, -3564
8523, 1699, -3599
8526, 1698, -3637
8530, 1696, -3672
8534, 1695, -3703
8537, 1693, -3731
8541, 1692, -3763
8544, 1691, -3796
8548, 1690, -3826
8551, 1689, -3854
8555, 1687, -3875
8558, 1687, -3895
8561, 1686, -3916
8565, 1684, -3941
8568, 1683, -3971
8571, 1682, -3993
8574, 1681, -4013
8577, 1680, -4029
8580, 1680, -4052
8585, 1679, -4075
8589, 1678, -4096
8592, 1677, -4125
8596, 1675, -4147
8599, 1674, -4169
8604, 1673, -4184
8607, 1673, -4196
8611, 1672, -4209
8614, 1672, -4223
8617, 1672, -4240
8621, 1671, -4263
8624, 1669, -4289
8628, 1668, -4309
8631, 1667, -4329
8636, 1666, -4345
8640, 1665, -4354
8643, 1666, -4363
8646, 1665, -4375
8650, 1665, -4389
8655, 1665, -4404
8659, 1664, -4419
8663, 1663, -4438
8667, 1662, -4452
8671, 1661, -4464
8674, 1660, -4475
8677, 1659, -4483
8680, 1659, -4489
8683, 1659, -4494
8687, 1659, -4500
8690, 1659, -4505
8693, 1658, -4509
8696, 1658, -4514
8699, 1658, -4520
8703, 1658, -4526
8706, 1658, -4535
8709, 1658, -4543
8712, 1657, -4553
8715, 1656, -4563
8718, 1656, -4576
8721, 1655, -4588
8724, 1654, -4602
8727, 1654, -4616
8730, 1653, -4627
8734, 1652, -4635
8737, 1652, -4642
8740, 1652, -4647
8743, 1652, -4652
8746, 1652, -4657
8750, 1652, -4661
8753, 1652, -4663
8756, 1652, -4667
8759, 1652, -4668
8762, 1652, -4670
8766, 1652, -4672
8770, 1652, -4676
8775, 1652, -4679
8778, 1651, -4682
8782, 1651, -4686
8785, 1651, -4688
8789, 1651, -4690
8792, 1651, -4693
8795, 1650, -4696
8798, 1650, -4699
8802, 1650, -4703
8805, 1650, -4710
8809, 1650, -4715
8812, 1649, -4720
8816, 1649, -4727
8820, 1648, -4736
8825, 1648, -4744
8828, 1647, -4751
8832, 1647, -4757
8835, 1646, -4764
8839, 1646, -4774
8843, 1646, -4780
8846, 1645, -4785
8850, 1645, -4788
8853, 1645, -4791
8856, 1645, -4793
8859, 1645, -4795
8863, 1645, -4798
8868, 1645, -4799
8871, 1645, -4800
8876, 1646, -4801
8879, 1646, -4801
8883, 1645, -4802
8888, 1645, -4803
8891, 1645, -4803
8895, 1645, -4804
8898, 1645, -4804
8901, 1646, -4804
8904, 1645, -4805
8908, 1645, -4804
8911, 1645, -4805
8914, 1645, -4804
8918, 1645, -4804
8922, 1645, -4805
8925, 1645, -4805
8929, 1645, -4806
8932, 1645, -4806
8937, 1645, -4805
8940, 1645, -4805
8943, 1645, -4805
8947, 1645, -4805
8951, 1645, -4806
8956, 1645, -4806
8959, 1645, -4806
8962, 1645, -4807
8967, 1646, -4806
8971, 1645, -4807
8974, 1645, -4807
8978, 1645, -4807
8983, 1645, -4808
8987, 1645, -4809
8990, 1645, -4810
8994, 1645, -4810
8998, 1646, -4811
9003, 1645, -4811
9006, 1645, -4811
9010, 1645, -4811
9013, 1645, -4812
9016, 1645, -4813
9019, 1645, -4814
9023, 1645, -4817
9026, 1645, -4818
9029, 1644, -4820
9033, 1645, -4822
9037, 1645, -4823
9041, 1645, -4824
9045, 1645, -4825
9049, 1645, -4827
9052, 1645, -4829
9055, 1645, -4832
9058, 1644, -4834
9062, 1644, -4835
9065, 1644, -4837
9068, 1644, -4840
9071, 1644, -4841
9074, 1644, -4843
9078, 1644, -4845
9081, 1644, -4846
9084, 1643, -4850
9087, 1643, -4852
9091, 1643, -4853
9094, 1643, -4856
9097, 1642, -4859
9101, 1643, -3
9104, 1643, -6
9108, 1643, -7
9111, 1643, -6
9114, 1643, -7
9117, 1642, -9
9120, 1642, -11
9124, 1642, -13
9127, 1642, -17
9130, 1643, -19
9133, 1642, -20
9137, 1642, -22
9140, 1642, -24
9143, 1642, -26
9147, 1642, -27
9150, 1642, -28
9153, 1641, -31
9156, 1642, -31
9159, 1641, -34
9162, 1641, -38
9165, 1642, -39
9168, 1641, -41
9172, 1641, -42
9175, 1641, -42
9178, 1640, -43
9182, 1640, -44
9185, 1641, -46
9189, 1640, -46
9192, 1641, -46
9196, 1641, -48
9200, 1641, -50
9204, 1641, -51
9209, 1641, -54
9212, 1641, -57
9217, 1640, -61
9221, 1639, -65
9226, 1640, -68
9229, 1640, -70
9232, 1640, -74
9236, 1639, -78
9239, 1640, -81
9242, 1639, -85
9246, 1638, -88
9249, 1638, -91
9252, 1638, -95
9257, 1638, -98
9260, 1638, -99
9263, 1638, -102
9268, 1638, -102
9272, 1638, -104
9275, 1638, -104
9278, 1639, -104
9282, 1639, -105
9286, 1639, -106
9291, 1638, -106
9294, 1638, -105
9297, 1638, -105
9302, 1638, -105
9306, 1638, -105
9311, 1638, -103
9315, 1638, -103
9319, 1638, -102
9323, 1638, -101
9327, 1638, -100
9332, 1638, -99
9336, 1638, -99
9339, 1638, -99
9343, 1638, -98
9346, 1638, -98
9349, 1638, -97
9352, 1638, -96
9355, 1639, -96
9359, 1639, -96
9362, 1639, -94
9365, 1639, -92
9370, 1639, -90
9374, 1639, -89
9378, 1639, -88
9382, 1639, -85
9387, 1639, -82
9391, 1639, -79
9395, 1639, -78
9399, 1639, -78
9402, 1639, -78
9406, 1640, -77
9409, 1639, -76
9414, 1639, -75
9418, 1639, -74
9423, 1639, -74
9427, 1639, -74
9431, 1639, -73
9434, 1639, -73
9439, 1639, -72
9443, 1639, -71
9448, 1639, -72
9451, 1638, -72
9454, 1638, -72
9457, 1639, -71
9461, 1639, -71
9464, 1639, -71
9467, 1639, -69
9470, 1639, -68
9473, 1640, -68
9477, 1639, -67
9480, 1639, -67
9483, 1639, -66
9486, 1639, -66
9489, 1639, -66
9492, 1639, -66
9496, 1639, -65
9499, 1639, -65
9502, 1639, -65
9505, 1639, -64
9508, 1639, -63
9511, 1639, -62
9514, 1639, -61
9517, 1640, -61
9521, 1640, -60
9524, 1640, -60
9527, 1639, -59
9530, 1639, -59
9533, 1639, -57
9538, 1639, -55
9542, 1639, -55
9546, 1640, -54
9550, 1639, -53
9554, 1640, -51
9558, 1640, -51
9561, 1640, -51
9565, 1640, -50
9568, 1640, -49
9572, 1640, -48
9575, 1640, -47
9578, 1639, -44
9582, 1640, -43
9586, 1640, -43
9590, 1640, -42
9594, 1641, -41
9597, 1641, -37
9602, 1641, -37
9606, 1641, -38
9609, 1641, -37
9613, 1641, -36
9617, 1641, -35
9622, 1641, -34
9625, 1641, -34
9629, 1640, -33
9632, 1641, -32
9637, 1641, -31
9640, 1641, -30
9643, 1641, -28
9647, 1641, -28
9650, 1641, -28
9653, 1641, -27
9656, 1641, -26
9659, 1641, -26
9663, 1641, -25
9666, 1641, -24
9669, 1641, -24
9672, 1641, -23
9675, 1641, -21
9679, 1641, -21
9682, 1641, -19
9685, 1641, -19
9688, 1641, -18
9692, 1641, -17
9695, 1641, -17
9699, 1641, -16
9703, 1641, -15
9706, 1641, -13
9710, 1641, -13
9713, 1641, -13
9718, 1641, -12
9721, 1641, -13
9724, 1641, -10
9728, 1641, -9
9731, 1641, -7
9735, 1641, -6
9739, 1641, -6
9742, 1641, -6
9745, 1641, -5
9748, 1641, -3
9751, 1641, -2
9754, 1641, 0
9758, 1642, 3
9761, 1642, 7
9764, 1642, 11
9767, 1642, 14
9770, 1643, 17
9773, 1643, 20
9776, 1643, 23
9779, 1643, 26
9783, 1643, 30
9786, 1643, 32
9789, 1643, 33
9792, 1643, 35
9795, 1643, 37
9798, 1643, 39
9801, 1643, 39
9804, 1644, 40
9807, 1643, 40
9810, 1643, 42
9814, 1643, 43
9817, 1643, 43
9820, 1643, 43
9823, 1643, 44
9826, 1643, 44
9829, 1643, 45
9832, 1643, 45
9835, 1643, 44
9838, 1643, 44
9841, 1643, 42
9844, 1643, 41
9847, 1643, 40
9850, 1643, 39
9853, 1643, 40
9856, 1643, 39
9859, 1643, 39
9863, 1643, 39
9866, 1643, 38
9869, 1643, 37
9872, 1643, 36
9875, 1643, 35
9878, 1643, 33
9881, 1644, 32
9884, 1644, 31
9887, 1643, 31
9890, 1643, 31
9893, 1643, 30
9896, 1643, 30
9899, 1642, 29
9902, 1643, 27
9906, 1643, 25
9909, 1643, 23
9912, 1643, 21
9915, 1643, 19
9918, 1643, 17
9921, 1643, 13
9924, 1642, 12
9927, 1642, 8
9932, 1643, 7
9936, 1642, 6
9939, 1642, 7
9942, 1643, 7
9945, 1643, 6
9948, 1642, 5
9951, 1643, 5
9954, 1643, 5
9957, 1643, 4
9960, 1643, 4
9963, 1643, 4
9966, 1642, 4
9969, 1642, 4
9972, 1643, 3
9976, 1643, 3
9979, 1643, 2
9982, 1643, 2
9985, 1643, 1
9988, 1643, 2
9991, 1643, 1
9994, 1643, 0
9997, 1643, 0
10000, 1643, 2
10003, 1642, 4
10007, 1642, 5
10010, 1642, 5
10013, 1642, 3
10016, 1642, 3
10020, 1642, 2
10023, 1642, 3
10026, 1642, 2
10029, 1643, 3
10032, 1642, 2
10035, 1642, 1
10038, 1642, 1
10041, 1642, 2
10044, 1642, 1
10048, 1643, 0
10051, 1643, 1
10054, 1643, 0
10057, 1643, -1
10060, 1643, -1
10063, 1643, -1
10066, 1643, -1
10069, 1642, -1
10072, 1643, 0
10076, 1642, -2
10079, 1643, -2
10082, 1643, -2
10085, 1643, -5
10088, 1643, -4
10092, 1643, -4
10095, 1643, -4
10098, 1643, -5
10101, 1643, -6
10104, 1642, -7
10107, 1642, -8
10110, 1642, -8
10114, 1642, -9
10117, 1642, -10
10120, 1642, -10
10123, 1642, -10
10126, 1642, -11
10129, 1642, -11
10133, 1642, -11
10136, 1642, -12
10139, 1642, -15
10142, 1642, -16
10145, 1642, -16
10148, 1642, -16
10151, 1642, -16
10155, 1642, -18
10158, 1642, -18
10161, 1642, -19
10164, 1642, -21
10167, 1641, -22
10170, 1641, -22
10173, 1641, -24
10177, 1641, -24
10180, 1641, -24
10183, 1641, -25
10186, 1641, -25
10189, 1641, -25
10193, 1641, -25
10196, 1641, -26
10199, 1641, -26
10203, 1642, -26
10207, 1642, -28
10210, 1641, -28
10213, 1642, -28
10216, 1642, -30
12229, 1642, -47
12232, 1642, -47
12236, 1642, -53
12239, 1640, -67
12242, 1638, -93
12245, 1635, -133
12249, 1632, -178
12252, 1628, -232
12255, 1624, -296
12259, 1619, -363
12262, 1615, -434
12265, 1610, -513
12269, 1606, -594
12272, 1601, -675
12276, 1597, -760
12279, 1592, -844
12283, 1588, -930
12286, 1583, -1017
12290, 1579, -1093
12293, 1575, -1182
12297, 1572, -1275
12300, 1568, -1363
12304, 1564, -1436
12307, 1560, -1514
12311, 1556, -1587
12314, 1553, -1663
12317, 1550, -1738
12321, 1546, -1810
12324, 1543, -1883
12328, 1541, -1948
12331, 1538, -2017
12334, 1535, -2084
12338, 1532, -2142
12341, 1529, -2203
12344, 1527, -2261
12348, 1524, -2316
12351, 1522, -2378
12354, 1519, -2429
12357, 1517, -2478
12360, 1515, -2534
12363, 1512, -2588
12367, 1511, -2643
12371, 1509, -2700
12374, 1507, -2756
12377, 1505, -2800
12381, 1503, -2845
12384, 1500, -2900
12387, 1498, -2946
12391, 1496, -2986
12394, 1495, -3029
12398, 1492, -3078
12401, 1491, -3122
12404, 1490, -3158
12408, 1488, -3195
12411, 1486, -3240
12415, 1485, -3282
12418, 1484, -3318
12421, 1482, -3349
12425, 1481, -3380
12428, 1480, -3420
12432, 1478, -3463
12435, 1477, -3494
12438, 1476, -3523
12441, 1474, -3549
12445, 1473, -3577
12448, 1472, -3609
12451, 1470, -3641
12454, 1469, -3669
12457, 1468, -3693
12460, 1467, -3713
12463, 1467, -3734
12467, 1467, -3758
12470, 1466, -3783
12473, 1465, -3812
12476, 1463, -3840
12479, 1462, -3863
12482, 1460, -3882
12485, 1460, -3900
12488, 1459, -3916
12491, 1459, -3932
12494, 1459, -3951
12497, 1458, -3973
12500, 1457, -4000
12503, 1456, -4027
12506, 1455, -4048
12509, 1454, -4066
12513, 1453, -4082
12516, 1453, -4103
12520, 1453, -4121
12525, 1453, -4136
12528, 1452, -4152
12531, 1451, -4171
12534, 1450, -4191
12537, 1449, -4213
12540, 1448, -4232
12544, 1448, -4247
12547, 1447, -4259
12550, 1446, -4270
12553, 1446, -4280
12556, 1446, -4289
12559, 1446, -4298
12563, 1446, -4306
12566, 1445, -4317
12569, 1445, -4328
12572, 1445, -4341
12575, 1444, -4358
12578, 1443, -4375
12582, 1442, -4397
12585, 1441, -4421
12590, 1440, -4434
12593, 1439, -4449
12598, 1439, -4461
12601, 1439, -4470
12606, 1439, -4476
12609, 1439, -4481
12612, 1439, -4486
12617, 1439, -4490
12621, 1439, -4496
12626, 1439, -4501
12629, 1438, -4509
12633, 1438, -4523
12638, 1437, -4532
12641, 1437, -4543
12644, 1436, -4554
12647, 1436, -4567
12651, 1435, -4580
12654, 1434, -4594
12657, 1434, -4610
12660, 1434, -4624
12664, 1433, -4635
12667, 1433, -4643
12670, 1433, -4654
12675, 1433, -4660
12678, 1433, -4664
12681, 1433, -4668
12684, 1433, -4672
12687, 1433, -4674
12690, 1433, -4676
12694, 1433, -4679
12697, 1433, -4682
12702, 1432, -4684
12706, 1432, -4685
12711, 1432, -4686
12715, 1432, -4687
12719, 1432, -4688
12723, 1432, -4691
12727, 1432, -4693
12732, 1432, -4695
12735, 1431, -4699
12738, 1431, -4703
12743, 1431, -4708
12747, 1431, -4711
12750, 1431, -4715
12754, 1431, -4719
12757, 1430, -4723
12760, 1430, -4727
12764, 1430, -4732
12767, 1429, -4736
12770, 1429, -4741
12773, 1429, -4745
12777, 1429, -4751
12780, 1429, -4756
12784, 1429, -4763
12788, 1429, -4767
12793, 1429, -4772
12796, 1428, -4778
12799, 1428, -4786
12804, 1427, -4793
12808, 1427, -4798
12812, 1427, -4802
12815, 1426, -4808
12820, 1426, -4815
12824, 1426, -4820
12828, 1426, -4823
12831, 1426, -4829
12836, 1426, -4831
12840, 1426, -4837
12844, 1426, -4842
12849, 1426, -4846
12853, 1425, -4848
12857, 1425, -2
12861, 1425, -1
12864, 1425, -5
12867, 1425, -5
12871, 1426, -4
12874, 1425, -4
12877, 1426, -5
12880, 1426, -5
12883, 1426, -3
12887, 1426, -2
12891, 1426, -1
12894, 1426, 0
12897, 1425, 1
12902, 1425, 1
12906, 1425, 1
12909, 1425, 0
12912, 1425, 0
12915, 1425, 0
12919, 1425, 1
12924, 1425, 1
12928, 1425, 0
12932, 1425, 0
12936, 1425, -2
12940, 1425, -3
12944, 1425, -5
12948, 1425, -5
12952, 1425, -6
12956, 1425, -8
12960, 1425, -9
12965, 1426, -9
12969, 1426, -10
12972, 1426, -11
12975, 1426, -13
12979, 1426, -13
12982, 1425, -17
12985, 1425, -21
12988, 1425, -23
12991, 1425, -25
12994, 1424, -29
12998, 1424, -32
13001, 1425, -34
13004, 1425, -38
13007, 1425, -41
13010, 1425, -44
13014, 1425, -46
13017, 1425, -48
13021, 1425, -51
15034, 1424, -80
15038, 1424, -80
15041, 1423, -90
15045, 1422, -109
15048, 1420, -145
15051, 1417, -192
15054, 1414, -249
15058, 1410, -315
15061, 1406, -389
15064, 1402, -466
15067, 1398, -559
15070, 1394, -651
15073, 1391, -744
15077, 1387, -851
15080, 1383, -947
15083, 1379, -1055
15086, 1375, -1164
15089, 1371, -1269
15093, 1368, -1379
15096, 1364, -1482
15099, 1361, -1590
15102, 1357, -1695
15106, 1353, -1808
15109, 1350, -1905
15112, 1347, -2000
15115, 1344, -2098
15118, 1341, -2192
15122, 1338, -2295
15125, 1335, -2386
15128, 1332, -2506
15133, 1329, -2616
15137, 1325, -2708
15141, 1322, -2812
15145, 1319, -2916
15149, 1316, -3012
15154, 1313, -3091
15157, 1310, -3156
15161, 1306, -3218
15164, 1303, -3291
15167, 1300, -3352
15170, 1298, -3410
15174, 1296, -3471
15177, 1294, -3529
15180, 1292, -3578
15184, 1290, -3635
15187, 1287, -3708
15191, 1286, -3753
15195, 1284, -3794
15198, 1282, -3840
15201, 1280, -3889
15204, 1279, -3932
15208, 1277, -3982
15212, 1275, -4024
15215, 1273, -4066
15218, 1272, -4101
15221, 1271, -4130
15224, 1269, -4160
15227, 1268, -4197
15231, 1266, -4235
15234, 1265, -4268
15237, 1264, -4294
15240, 1263, -4321
15243, 1262, -4348
15246, 1261, -4380
15250, 1259, -4412
15253, 1258, -4439
15256, 1256, -4462
15259, 1256, -4484
15262, 1255, -4511
15266, 1254, -4539
15269, 1253, -4570
15272, 1252, -4593
15276, 1250, -4613
15279, 1250, -4632
15282, 1249, -4649
15285, 1249, -4668
15289, 1248, -4701
15293, 1246, -4733
15297, 1245, -4753
15300, 1243, -4770
15304, 1243, -4790
15308, 1242, -4809
15312, 1242, -4823
15315, 1241, -4840
15319, 1240, -4860
15322, 1239, -4883
15325, 1238, -4900
15328, 1237, -4915
15332, 1236, -4928
15335, 1236, -4939
15338, 1236, -4949
15342, 1236, -4959
15345, 1235, -4970
15349, 1235, -4984
15352, 1234, -5000
15355, 1233, -5018
15359, 1231, -5038
15362, 1230, -5056
15366, 1230, -5072
15370, 1229, -5085
15375, 1229, -5093
15378, 1229, -5100
15381, 1229, -5105
15384, 1229, -5111
15387, 1229, -5117
15391, 1229, -5125
15394, 1229, -5134
15397, 1228, -5144
15400, 1227, -5156
15404, 1226, -5174
15409, 1225, -5189
15412, 1224, -5201
15415, 1223, -5211
15419, 1223, -5221
15423, 1222, -5227
15426, 1222, -5233
15430, 1222, -5237
15434, 1222, -5241
15437, 1222, -5245
15441, 1222, -5249
15446, 1222, -5251
15449, 1222, -5256
15454, 1221, -5261
15457, 1221, -5269
15462, 1221, -5277
15466, 1220, -5287
15470, 1220, -5295
15473, 1219, -5306
15478, 1219, -5317
15481, 1218, -5326
15485, 1218, -5337
15489, 1217, -5346
15492, 1217, -5354
15495, 1217, -5361
15499, 1216, -5366
15502, 1216, -5369
15505, 1216, -5373
15508, 1216, -5375
15512, 1216, -5378
15516, 1216, -5380
15519, 1216, -5381
15522, 1215, -5383
15526, 1215, -5384
15531, 1215, -5385
15534, 1215, -5385
15538, 1215, -5387
15542, 1216, -5388
15547, 1216, -5389
15550, 1216, -5389
15554, 1216, -5390
15558, 1216, -5391
15562, 1215, -5393
15566, 1215, -5394
15571, 1216, -5396
15574, 1215, -5399
15579, 1215, -5400
15582, 1215, -5403
15587, 1215, -5406
15591, 1214, -5410
15596, 1214, -5413
15599, 1213, -5417
15602, 1213, -5420
15606, 1214, -5423
15609, 1213, -5427
15612, 1213, -5430
15616, 1213, -5434
15619, 1213, -5437
15622, 1212, -5441
15625, 1212, -5444
15628, 1212, -5448
15632, 1212, -5451
15635, 1212, -5455
15638, 1212, -5457
15641, 1211, -5461
15644, 1212, -5464
15648, 1211, -5467
15651, 1211, -5470
15654, 1211, -5473
15657, 1211, -5475
15660, 1211, -5478
15663, 1211, -5481
15666, 1211, -5484
15669, 1210, -5487
15672, 1210, -5490
15675, 1210, -5492
15678, 1210, -5494
15681, 1210, -5496
15685, 1210, -5498
15688, 1210, -5500
15691, 1210, -5502
15694, 1210, -5503
15698, 1210, -5505
15701, 1210, -5507
15705, 1210, -5509
15708, 1209, -5510
15711, 1209, -1
15714, 1209, -3
15718, 1209, -3
15721, 1209, -3
15724, 1209, -3
15727, 1209, -3
15730, 1209, -2
15733, 1209, -2
15737, 1209, -2
15740, 1209, -2
15743, 1209, -2
15746, 1209, -2
15749, 1210, -2
15752, 1209, -2
15755, 1209, -2
15758, 1209, -2
15762, 1209, -3
15765, 1209, -3
15768, 1209, -3
15771, 1209, -3
15774, 1209, -4
15777, 1209, -4
15780, 1209, -4
15783, 1209, -5
15786, 1208, -6
15790, 1208, -7
15793, 1208, -7
15796, 1208, -8
15800, 1208, -9
15804, 1208, -11
15809, 1207, -13
15813, 1207, -15
15817, 1208, -16
15821, 1208, -19
15824, 1208, -21
15827, 1208, -24
15830, 1207, -27
15834, 1208, -29
15837, 1207, -32
15840, 1207, -35
15843, 1207, -38
15847, 1207, -41
15850, 1207, -43
15853, 1207, -46
15856, 1207, -49
15861, 1207, -52
15865, 1207, -54
15868, 1206, -56
15872, 1206, -58
15876, 1206, -60
15881, 1206, -62
15884, 1206, -64
17897, 1206, -69
17900, 1206, -70
17904, 1206, -73
17907, 1206, -82
17910, 1204, -96
17913, 1203, -117
17916, 1201, -144
17920, 1198, -176
17923, 1194, -215
17926, 1191, -257
17929, 1188, -304
17933, 1184, -358
17936, 1180, -412
17939, 1177, -468
17942, 1173, -524
17946, 1169, -577
17949, 1166, -636
17952, 1162, -693
17955, 1159, -752
17958, 1155, -809
17962, 1152, -887
17966, 1148, -947
17969, 1145, -1003
17972, 1141, -1073
17976, 1138, -1147
17981, 1134, -1210
17984, 1130, -1264
17988, 1127, -1341
17992, 1124, -1413
17997, 1120, -1476
18001, 1117, -1539
18005, 1113, -1591
18008, 1109, -1656
18013, 1106, -1717
18017, 1102, -1770
18021, 1099, -1818
18024, 1096, -1857
18027, 1093, -1902
18031, 1091, -1944
18034, 1089, -1983
18037, 1086, -2024
18040, 1083, -2062
18044, 1082, -2096
18047, 1079, -2141
18051, 1077, -2183
18054, 1075, -2217
18058, 1073, -2251
18061, 1071, -2290
18064, 1069, -2323
18068, 1068, -2353
18072, 1066, -2391
18075, 1063, -2423
18078, 1062, -2453
18082, 1061, -2480
18085, 1059, -2509
18088, 1057, -2540
18092, 1056, -2567
18095, 1054, -2591
18098, 1053, -2617
18102, 1051, -2646
18105, 1050, -2671
18108, 1049, -2693
18111, 1047, -2712
18114, 1047, -2732
18118, 1045, -2755
18121, 1044, -2782
18124, 1043, -2805
18128, 1042, -2824
18131, 1040, -2842
18135, 1039, -2861
18138, 1038, -2882
18141, 1036, -2912
18146, 1036, -2933
18149, 1035, -2949
18153, 1034, -2962
18156, 1033, -2976
18159, 1033, -2998
18163, 1031, -3022
18167, 1030, -3042
18170, 1029, -3061
18175, 1028, -3077
18179, 1027, -3094
18183, 1026, -3112
18188, 1025, -3127
18191, 1023, -3150
18196, 1022, -3168
18200, 1021, -3179
18203, 1021, -3189
18206, 1020, -3200
18210, 1020, -3211
18215, 1020, -3221
18218, 1019, -3236
18223, 1018, -3255
18227, 1017, -3276
18231, 1016, -3288
18235, 1015, -3298
18238, 1014, -3306
18242, 1014, -3314
18245, 1014, -3321
18249, 1014, -3327
18252, 1014, -3334
18256, 1013, -3345
18260, 1013, -3355
18264, 1012, -3367
18267, 1011, -3380
18271, 1010, -3396
18275, 1009, -3410
18280, 1008, -3418
18283, 1008, -3424
18286, 1007, -3429
18289, 1007, -3434
18292, 1007, -3438
18295, 1007, -3441
18299, 1007, -3443
18302, 1007, -3446
18305, 1006, -3450
18308, 1006, -3453
18311, 1006, -3457
18314, 1005, -3462
18318, 1005, -3470
18322, 1005, -3479
18327, 1004, -3489
18332, 1003, -3497
18335, 1003, -3509
18340, 1002, -3519
18343, 1002, -3527
18347, 1002, -3533
18350, 1001, -3539
18353, 1001, -3542
18356, 1001, -3545
18360, 1001, -3548
18363, 1001, -3550
18366, 1001, -3552
18369, 1001, -3554
18372, 1001, -3555
18375, 1001, -3557
18378, 1001, -3558
18382, 1000, -3559
18385, 1000, -3560
18388, 1000, -3560
18391, 1001, -3561
18394, 1001, -3563
18397, 1001, -3564
18401, 1000, -3566
18404, 1000, -3568
18407, 1000, -3570
18410, 1000, -3572
18414, 1000, -3575
18417, 1000, -3578
18420, 999, -3582
18423, 999, -3587
18428, 999, -3593
18432, 998, -3598
18436, 998, -3602
18439, 998, -3608
18443, 998, -3613
18446, 997, -3618
18450, 997, -3623
18453, 997, -3628
18456, 996, -3633
18459, 996, -3637
18462, 996, -3642
18465, 995, -3647
18469, 995, -3651
18472, 995, -3656
18475, 995, -3660
18479, 995, -3665
18482, 995, -3667
18485, 995, -3669
18489, 994, -3671
18492, 994, -3672
18496, 994, -3673
18499, 994, -3674
18502, 994, -3675
18505, 994, -3676
18509, 994, -3676
18512, 994, -3676
18516, 994, -3677
18519, 994, -3677
18522, 994, -3677
18525, 994, -3678
18528, 994, -3678
18533, 994, -3678
18537, 994, -3678
18541, 994, -3678
18546, 994, -3678
18549, 994, -3678
18553, 994, -3678
18556, 994, -3678
18559, 994, -3678
18563, 994, -3679
18566, 994, -3679
18569, 995, -3679
18572, 995, -3679
18576, 995, -3679
18579, 995, -3679
18582, 995, -3679
18586, 994, -3679
18589, 994, -3679
18593, 994, -3679
18596, 994, -3679
18600, 994, -3679
18603, 994, -3679
18607, 994, -3679
18612, 994, -3679
18616, 994, -3679
18620, 994, -3679
18624, 994, -3679
18628, 994, -3679
18631, 994, -3680
18635, 994, -3680
18638, 994, -3680
18641, 994, -3680
18644, 995, -3680
18647, 995, -3680
18650, 995, -3680
18653, 994, -3681
18656, 995, -3681
18660, 994, -3681
18663, 994, -3681
18666, 994, -3681
18669, 994, -3681
18672, 994, -3682
18675, 994, -3682
18679, 994, -3682
18682, 994, -3682
18685, 994, -3683
18688, 994, -3683
18692, 993, -3683
18695, 994, -3683
18698, 994, -3683
18701, 994, -3683
18704, 993, -3683
18708, 994, -3683
18711, 994, -3683
18714, 994, -3684
18717, 994, -3684
18720, 994, -3684
18723, 994, -3685
18727, 994, -3686
18730, 994, -3686
18733, 994, -3686
18736, 994, -3687
18739, 994, -3687
18742, 994, -3688
18745, 994, -3689
18748, 994, -3690
18752, 994, -3690
18755, 994, -3691
18758, 994, -3692
18761, 993, -3693
18766, 993, -3694
18770, 993, -3695
18775, 993, -3695
18779, 993, -3696
18784, 993, -3698
18787, 993, -3698
18790, 993, -3699
18793, 993, -3700
18797, 993, -3700
18800, 993, -3700
18803, 993, -3701
18806, 993, -3702
18809, 993, -3702
18814, 993, -3703
18818, 993, -3703
18821, 993, -3704
18824, 993, -3705
18829, 992, -3706
18834, 992, 0
18837, 993, -1
18842, 993, -2
18846, 992, -4
18850, 993, -6
18854, 992, -8
18858, 991, -11
18863, 991, -14
18866, 991, -18
18870, 991, -22
18875, 991, -25
18880, 991, -27
18883, 990, -29
18886, 990, -32
18891, 990, -34
18895, 989, -36
18899, 989, -38
18902, 989, -40
18905, 988, -42
18908, 988, -44
18912, 988, -46
18915, 988, -48
18918, 988, -50
18921, 989, -51
18926, 989, -53
18929, 989, -55
18933, 989, -56
18937, 989, -57
18941, 989, -59
18946, 989, -60
18949, 988, -61
18953, 988, -62
18957, 988, -64
18961, 988, -66
18965, 988, -67
18968, 988, -69
18973, 988, -70
18978, 988, -72
18981, 988, -74
18985, 987, -76
18989, 987, -78
18993, 987, -79
18997, 987, -81
19000, 987, -82
19003, 987, -82
19006, 987, -83
19010, 987, -84
19013, 987, -85
19016, 987, -85
19019, 987, -85
19023, 987, -85
19026, 987, -86
19031, 987, -86
19035, 986, -86
19038, 986, -87
19041, 986, -87
19045, 986, -88
19048, 986, -88
19051, 986, -88
19055, 987, -88
19059, 987, -88
19064, 987, -88
19067, 987, -88
19072, 987, -87
19076, 987, -86
19080, 987, -86
19084, 987, -86
19088, 987, -86
19092, 987, -86
19096, 987, -86
19100, 987, -86
19104, 987, -86
19107, 987, -86
19110, 987, -85
19113, 987, -85
19116, 987, -85
19119, 987, -85
19123, 987, -84
19126, 987, -84
19130, 987, -84
19134, 987, -83
19138, 987, -83
19142, 987, -82
19147, 987, -82
19150, 987, -82
19153, 987, -82
19157, 987, -81
19161, 987, -81
19166, 987, -81
19169, 987, -80
19172, 987, -80
19176, 987, -80
19181, 987, -80
19184, 987, -79
19188, 987, -79
19192, 988, -78
19197, 988, -78
19200, 988, -77
19204, 987, -76
19208, 987, -76
19213, 987, -76
19216, 987, -75
19219, 987, -75
19222, 987, -75
19226, 987, -74
19229, 987, -74
19232, 987, -73
19235, 987, -73
19239, 987, -72
19243, 987, -71
19247, 987, -71
19250, 987, -70
19254, 988, -69
19258, 988, -68
19262, 988, -68
19266, 987, -67
19269, 988, -67
19272, 988, -66
19276, 988, -66
19279, 988, -66
19282, 988, -65
19286, 988, -65
19289, 988, -64
19292, 988, -64
19295, 988, -63
19299, 988, -62
19303, 987, -62
19309, 987, -60
19314, 988, -59
19318, 988, -58
19322, 988, -58
19326, 988, -57
19329, 988, -56
19333, 988, -56
19336, 988, -56
19339, 988, -55
19342, 989, -55
19345, 988, -54
19349, 988, -53
19352, 989, -52
19355, 988, -52
19358, 988, -52
21371, 988, -45
21374, 988, -45
21378, 988, -50
21382, 988, -62
21385, 987, -83
21389, 985, -111
21393, 982, -147
21396, 978, -190
21400, 975, -237
21404, 971, -284
21407, 967, -331
21410, 963, -383
21413, 959, -437
21417, 955, -495
21420, 951, -553
21423, 947, -612
21427, 944, -670
21430, 940, -729
21433, 937, -786
21437, 933, -847
21440, 930, -904
21443, 926, -962
21446, 924, -1017
21449, 920, -1080
21453, 917, -1158
21457, 914, -1233
21461, 910, -1291
21465, 907, -1366
21469, 903, -1442
21474, 899, -1513
21478, 895, -1571
21481, 892, -1631
21485, 889, -1704
21490, 886, -1768
21494, 882, -1838
21499, 880, -1884
21502, 877, -1943
21506, 874, -2008
21510, 871, -2066
21515, 868, -2116
21518, 866, -2159
21521, 864, -2198
21525, 862, -2246
21528, 860, -2288
21532, 858, -2327
21535, 856, -2364
21538, 854, -2406
21541, 852, -2441
21544, 851, -2475
21547, 849, -2512
21551, 847, -2551
21554, 845, -2584
21557, 844, -2613
21560, 842, -2641
21563, 840, -2677
21566, 839, -2713
21569, 838, -2744
21573, 837, -2781
21577, 836, -2811
21581, 835, -2849
21584, 833, -2888
21588, 832, -2921
21593, 830, -2947
21596, 829, -2982
21600, 827, -3024
21604, 826, -3059
21609, 824, -3086
21613, 823, -3118
21617, 821, -3158
21622, 820, -3192
21626, 819, -3212
21630, 817, -3229
21633, 816, -3247
21636, 816, -3268
21639, 815, -3293
21642, 814, -3321
21645, 813, -3344
21649, 812, -3363
21652, 811, -3386
21656, 810, -3406
21661, 810, -3422
21664, 809, -3446
21669, 808, -3477
21673, 806, -3501
21677, 805, -3520
21680, 804, -3535
21684, 804, -3551
21688, 803, -3566
21692, 803, -3579
21696, 802, -3599
21700, 802, -3623
21705, 801, -3649
21709, 800, -3666
21712, 798, -3681
21715, 798, -3693
21719, 797, -3707
21723, 797, -3715
21727, 797, -3723
21730, 797, -3730
21734, 797, -3739
21737, 797, -3748
21740, 796, -3758
21744, 795, -3770
21747, 795, -3785
21750, 794, -3802
21753, 793, -3819
21756, 792, -3834
21759, 791, -3846
21763, 790, -3858
21766, 790, -3870
21771, 790, -3878
21774, 791, -3883
21777, 790, -3888
21781, 790, -3895
21785, 790, -3899
21788, 790, -3905
21793, 790, -3910
21796, 790, -3919
21800, 790, -3926
21804, 790, -3935
21808, 789, -3946
21812, 788, -3960
21817, 788, -3972
21820, 787, -3987
21825, 786, -4001
21829, 785, -4014
21833, 785, -4021
21837, 785, -4027
21840, 784, -4032
21843, 785, -4036
21846, 784, -4039
21850, 784, -4042
21853, 784, -4044
21856, 784, -4047
21861, 784, -4048
21865, 784, -4050
21868, 784, -4052
21872, 784, -4053
21877, 784, -4054
21880, 784, -4056
21883, 784, -4058
21888, 784, -4061
21892, 784, -4063
21896, 784, -4067
21900, 784, -4073
21904, 784, -4079
21909, 783, -4085
21912, 783, -4090
21915, 783, -4098
21920, 783, -4105
21923, 782, -4114
21927, 782, -4123
21931, 781, -4134
21936, 781, -4145
21940, 781, -4155
21944, 781, -4162
21948, 781, -4170
21951, 781, -4177
21954, 780, -4185
21957, 779, -4192
21960, 779, -4198
21963, 778, -4204
21967, 778, -4209
21970, 778, -4212
21973, 777, -4215
21976, 778, -4217
21979, 778, -4219
21983, 779, -4220
21986, 778, -4221
21989, 778, -4222
21992, 778, -4222
21995, 778, -4223
21998, 778, -4224
22001, 778, -4224
22004, 778, -4225
22007, 778, -4225
22010, 778, -4225
22013, 778, -4225
22016, 778, -4225
22020, 778, -4226
22023, 778, -4226
22026, 778, -4226
22029, 778, -4227
22032, 778, -4227
22035, 778, -4227
22038, 778, -4227
22041, 778, -4227
22044, 778, -4227
22047, 778, -4228
22050, 778, -4228
22053, 778, -4228
22057, 778, -4228
22060, 778, -4228
22063, 778, -4228
22066, 778, -4228
22069, 778, -4228
22072, 778, -4228
22075, 778, -4229
22079, 778, -4229
22082, 778, -4229
22085, 778, -4229
22089, 778, -4229
22092, 778, -4229
22095, 778, -4229
22099, 778, -4229
22103, 778, -4229
22106, 778, -4230
22111, 778, -4230
22114, 778, -4230
22119, 778, -4230
22122, 778, -4230
22127, 778, -4230
22130, 778, -4230
22135, 778, -4230
22138, 778, -4230
22142, 778, -4231
22146, 778, -4231
22150, 778, -4231
22153, 778, -4231
22158, 778, -4231
22161, 778, -4231
22166, 778, -4231
22169, 778, -4232
22172, 778, -4232
22175, 778, -4232
22179, 778, -4232
22182, 778, -4232
22185, 777, -4232
22188, 777, -4233
22192, 777, -4233
22195, 778, -4233
22199, 778, -4233
22202, 778, -4233
22206, 778, -4234
22209, 778, -4234
22213, 778, -4234
22216, 778, -4235
22221, 778, -4236
22225, 778, -4236
22229, 778, -4236
22232, 777, -4237
22237, 777, -4238
22241, 777, -4239
22245, 777, -4239
22249, 777, -4240
22253, 777, -4241
22257, 777, -4242
22261, 777, -4242
22264, 777, -4242
22269, 777, -4243
22273, 777, -4244
22277, 777, -4244
22281, 777, -4245
22284, 777, -4246
22287, 777, -4246
22290, 776, -4247
22293, 777, -1
22297, 777, -1
22300, 777, -1
22305, 777, -1
22309, 777, -1
22312, 777, -1
22316, 778, -1
22320, 777, -1
22325, 777, -2
22328, 777, -2
22332, 777, -2
22336, 777, -2
22340, 777, -2
22344, 777, -2
22348, 777, -2
22353, 777, -2
22357, 777, -2
22361, 777, -3
22364, 777, -3
22369, 777, -3
22374, 777, -3
22377, 778, -3
22381, 778, -3
22385, 777, -3
22390, 777, -3
22393, 777, -4
22396, 777, -4
22400, 777, -4
22403, 777, -4
22406, 777, -4
22409, 777, -4
22412, 777, -4
22416, 777, -4
22421, 777, -4
22424, 777, -5
22427, 778, -5
22431, 778, -5
22435, 777, -5
22439, 777, -6
22443, 777, -7
22446, 777, -7
22450, 777, -7
22454, 777, -8
22457, 777, -9
22461, 777, -9
22465, 777, -10
22470, 777, -11
22474, 777, -11
22477, 776, -12
22481, 776, -13
22486, 776, -15
22490, 776, -16
22494, 776, -17
22497, 776, -17
22502, 776, -18
22505, 775, -19
22508, 775, -19
22512, 776, -20
22515, 776, -20
22518, 776, -21
22521, 776, -22
22524, 776, -23
22528, 776, -23
22531, 776, -23
22534, 775, -24
22537, 775, -25
22540, 775, -26
22544, 775, -27
22548, 776, -28
22553, 776, -29
22557, 776, -29
22561, 776, -30
24575, 776, -46
24578, 775, -46
24582, 775, -55
24586, 774, -80
24589, 772, -119
24593, 770, -161
24596, 766, -216
24599, 763, -282
24603, 759, -358
24606, 755, -440
24609, 751, -522
24613, 747, -613
24616, 743, -708
24619, 739, -803
24623, 735, -910
24626, 731, -1013
24629, 728, -1131
24633, 724, -1239
24636, 720, -1356
24640, 716, -1479
24643, 713, -1627
24648, 709, -1743
24651, 705, -1893
24655, 701, -2009
24659, 697, -2168
24663, 693, -2280
24667, 689, -2408
24670, 686, -2515
24674, 682, -2630
24677, 680, -2770
24681, 676, -2931
24686, 673, -3031
24689, 671, -3179
24693, 668, -3318
24698, 664, -3432
24701, 662, -3543
24705, 659, -3635
24708, 656, -3739
24711, 653, -3837
24714, 651, -3924
24717, 649, -4019
24720, 647, -4123
24724, 646, -4211
24727, 644, -4295
24730, 642, -4393
24733, 641, -4484
24736, 639, -4564
24739, 637, -4647
24743, 635, -4736
24746, 633, -4819
24749, 632, -4896
24753, 631, -4976
24756, 629, -5058
24759, 627, -5161
24763, 626, -5229
24767, 624, -5317
24771, 621, -5419
24776, 620, -5504
24780, 619, -5560
24783, 618, -5616
24786, 616, -5708
24791, 615, -5786
24795, 614, -5841
24799, 612, -5909
24804, 610, -5963
24807, 609, -6042
24811, 607, -6096
24815, 606, -6137
24818, 605, -6174
24821, 604, -6217
24825, 603, -6264
24828, 602, -6314
24831, 601, -6356
24834, 600, -6393
24837, 599, -6437
24842, 599, -6480
24846, 598, -6514
24849, 597, -6559
24853, 596, -6616
24857, 595, -6659
24862, 593, -6686
24865, 592, -6710
24868, 592, -6742
24872, 592, -6780
24877, 591, -6814
24880, 590, -6863
24884, 589, -6903
24889, 587, -6934
24893, 586, -6956
24897, 586, -6979
24901, 586, -7005
24906, 585, -7035
24910, 584, -7059
24913, 584, -7089
24916, 582, -7120
24920, 581, -7147
24923, 580, -7167
24926, 580, -7185
24929, 580, -7200
24932, 580, -7213
24936, 580, -7228
24941, 580, -7239
24944, 580, -7256
24948, 580, -7272
24952, 579, -7295
24956, 578, -7314
24959, 577, -7348
24964, 576, -7382
24968, 575, -7407
24973, 575, -7423
24976, 574, -7437
24979, 574, -7447
24983, 574, -7456
24986, 574, -7466
24990, 574, -7474
24995, 574, -7481
24998, 574, -7488
25002, 573, -7499
25006, 573, -7512
25011, 573, -7527
25015, 572, -7544
25019, 571, -7558
25023, 571, -7572
25026, 570, -7588
25029, 569, -7608
25032, 568, -7627
25036, 568, -7642
25039, 568, -7654
25042, 568, -7664
25046, 568, -7673
25049, 568, -7680
25053, 568, -7687
25057, 568, -7692
25062, 568, -7696
25066, 567, -7700
25069, 567, -7703
25074, 567, -7706
25079, 567, -7709
25082, 568, -7711
25086, 568, -7713
25090, 568, -7716
25095, 567, -7719
25098, 567, -7723
25101, 567, -7729
25106, 566, -7737
25110, 566, -7743
25114, 566, -7750
25117, 566, -7757
25120, 566, -7763
25123, 566, -7770
25127, 565, -7777
25130, 565, -7785
25133, 565, -7793
25136, 565, -7802
25139, 564, -7810
25142, 564, -7818
25145, 563, -7825
25148, 563, -7832
25152, 562, -7839
25155, 563, -7846
25158, 562, -7853
25161, 562, -7860
25164, 562, -7866
25167, 562, -7873
25170, 562, -7880
25173, 562, -7887
25176, 561, -7893
25179, 562, -7900
25182, 562, -7905
25186, 562, -7907
25189, 562, -7910
25192, 561, -7912
25197, 561, -7913
25200, 561, -7915
25204, 561, -7916
25208, 561, -7916
25212, 561, -7917
25216, 561, -7917
25219, 561, -7918
25223, 561, -7918
25228, 561, -7918
25231, 561, -7920
25236, 561, -7920
25240, 561, -7920
25245, 561, -7920
25248, 561, -7920
25251, 561, -7920
25254, 561, -7920
25257, 561, -7920
25261, 561, -7920
25264, 561, -7920
25267, 561, -7920
25270, 562, -7920
25275, 561, -7920
25278, 561, -7919
25281, 561, -7919
25285, 561, -7919
25289, 560, -7919
25293, 561, -7920
25297, 561, -7921
25301, 561, -7921
25305, 561, -7921
25309, 562, -7921
25313, 561, -7922
25316, 562, -7922
25321, 562, -7923
25325, 561, -7924
25329, 561, -7924
25333, 561, -7924
25337, 561, -7924
25341, 561, -7924
25345, 561, -7924
25349, 560, -7925
25353, 561, -7925
25357, 561, -7925
25360, 561, -7925
25363, 561, -7926
25367, 561, -7926
25370, 561, -7926
25373, 561, -7928
25376, 561, -7928
25379, 561, -7929
25383, 561, -7929
25386, 560, -7929
25389, 561, -7929
25394, 561, -7930
25398, 561, -7930
25401, 561, -7931
25405, 562, -7931
25408, 561, -7932
25411, 561, -7933
25415, 561, -7934
25418, 561, -7934
25421, 561, -7934
25424, 561, -7935
25428, 561, -7936
25431, 561, -7937
25436, 561, -7938
25439, 561, -7939
25444, 561, -7940
25448, 560, -7941
25452, 560, -7943
25456, 561, -7945
25460, 561, -7947
25464, 560, -7949
25468, 560, -7950
25472, 560, -7952
25475, 560, -7953
25479, 560, -7954
25482, 560, -7956
25485, 560, -7957
25489, 560, -7958
25492, 560, -7961
25496, 560, -7963
25500, 560, -7965
25503, 560, -7967
25508, 560, -7969
25512, 560, -7970
25516, 560, -7971
25519, 560, -7974
25524, 560, -7975
25528, 560, -7977
25532, 560, -7978
25535, 560, -7979
25538, 560, -7981
25543, 560, -7982
25547, 560, -7983
25551, 560, -7985
25556, 560, -7987
25560, 560, -7989
25564, 560, -7990
25568, 559, -7992
25572, 559, -2
25577, 559, -3
25580, 559, -5
25584, 559, -6
25587, 559, -8
25590, 559, -9
25593, 559, -11
25597, 559, -13
25600, 559, -15
25603, 559, -16
25606, 559, -19
25611, 558, -21
25614, 559, -23
25618, 559, -25
27631, 559, -35
27635, 558, -37
27639, 558, -52
27642, 557, -61
27646, 557, -47
27650, 558, 5
27655, 560, 64
27658, 563, 139
27661, 567, 228
27664, 571, 327
27667, 576, 439
27670, 581, 559
27674, 585, 684
27677, 589, 828
27680, 594, 974
27684, 598, 1117
27687, 602, 1260
27690, 605, 1399
27693, 609, 1600
27698, 613, 1767
27701, 617, 1916
27704, 621, 2068
27707, 625, 2216
27711, 629, 2426
27715, 633, 2601
27719, 636, 2772
27722, 639, 2933
27726, 643, 3140
27730, 647, 3287
27734, 650, 3434
27737, 654, 3604
27741, 657, 3781
27745, 660, 3943
27749, 664, 4078
27753, 667, 4194
27756, 670, 4309
27759, 672, 4419
27762, 675, 4520
27765, 677, 4623
27768, 679, 4733
27772, 681, 4826
27775, 684, 4912
27778, 686, 5010
27781, 688, 5101
27784, 690, 5180
27788, 692, 5293
27792, 694, 5395
27796, 696, 5477
27800, 698, 5558
27803, 701, 5632
27806, 703, 5715
27811, 704, 5798
27815, 707, 5878
27819, 708, 5954
27823, 710, 6025
27827, 712, 6106
27831, 715, 6168
27835, 716, 6233
27839, 718, 6292
27844, 720, 6364
27848, 722, 6417
27852, 724, 6472
27856, 725, 6521
27860, 727, 6569
27864, 729, 6614
27867, 730, 6655
27870, 731, 6690
27873, 732, 6720
27876, 733, 6751
27880, 733, 6783
27883, 734, 6815
27886, 736, 6857
27890, 737, 6899
27894, 738, 6926
27897, 739, 6952
27901, 740, 6976
27904, 741, 7010
27909, 742, 7041
27912, 742, 7071
27915, 743, 7102
27919, 744, 7128
27922, 745, 7149
27925, 746, 7166
27928, 746, 7182
27932, 747, 7198
27935, 747, 7216
27938, 748, 7235
27941, 749, 7258
27944, 750, 7283
27947, 751, 7309
27950, 751, 7332
27953, 752, 7350
27956, 753, 7366
27960, 753, 7381
27963, 753, 7396
27967, 753, 7411
27971, 753, 7427
27976, 754, 7439
27979, 755, 7454
27983, 755, 7469
27986, 756, 7486
27989, 758, 7507
27992, 758, 7529
27996, 759, 7545
27999, 760, 7559
28002, 760, 7571
28006, 760, 7581
28009, 760, 7591
28013, 760, 7602
28017, 760, 7609
28020, 760, 7617
28023, 761, 7627
28028, 761, 7638
28032, 761, 7649
28036, 761, 7659
28039, 762, 7672
28043, 762, 7685
28048, 763, 7698
28052, 764, 7713
28055, 765, 7729
28059, 766, 7744
28063, 766, 7755
28068, 767, 7763
28071, 767, 7769
28074, 768, 7774
28078, 767, 7778
28082, 768, 7782
28085, 768, 7784
28089, 768, 7787
28092, 768, 7789
28095, 768, 7791
28098, 768, 7792
28101, 768, 7794
28104, 767, 7797
28107, 768, 7798
28110, 767, 7801
28115, 767, 7804
28118, 768, 7809
28122, 768, 7813
28126, 768, 7820
28130, 769, 7826
28134, 769, 7833
28137, 769, 7838
28141, 769, 7845
28144, 770, 7852
28147, 770, 7858
28151, 770, 7865
28154, 770, 7873
28157, 771, 7884
28162, 771, 7895
28166, 771, 7902
28169, 771, 7910
28173, 771, 7919
28178, 772, 7929
28182, 772, 7935
28186, 773, 7942
28189, 773, 7950
28194, 773, 7956
28198, 774, 7961
28202, 774, 7964
28205, 774, 7967
28208, 774, 7969
28212, 774, 7971
28215, 774, 7973
28218, 774, 7974
28221, 774, 7975
28224, 774, 7976
28227, 774, 7977
28230, 774, 7978
28233, 774, 7978
28237, 774, 7978
28240, 774, 7979
28243, 775, 7980
28246, 774, 7980
28249, 774, 7980
28252, 775, 7981
28255, 775, 7981
28259, 774, 7981
28262, 775, 7981
28265, 774, 7981
28268, 774, 7981
28271, 774, 7981
28274, 774, 7981
28277, 774, 7981
28280, 774, 7981
28284, 774, 7981
28287, 774, 7981
28291, 774, 7981
28294, 774, 7981
28297, 774, 7982
28300, 774, 7982
28304, 774, 7982
28307, 774, 7982
28310, 775, 7982
28313, 775, 7982
28316, 775, 7982
28319, 774, 7982
28322, 774, 7982
28325, 774, 7982
28328, 774, 7983
28331, 774, 7983
28334, 774, 7983
28337, 774, 7983
28340, 774, 7983
28343, 774, 7983
28347, 774, 7983
28350, 774, 7983
28353, 774, 7983
28356, 774, 7983
28359, 774, 7983
28362, 774, 7983
28365, 774, 7983
28368, 774, 7983
28371, 774, 7983
28374, 774, 7984
28377, 774, 7984
28380, 774, 7984
28383, 774, 7984
28386, 774, 7984
28390, 774, 7984
28393, 774, 7984
28396, 774, 7984
28399, 774, 7984
28403, 774, 7984
28406, 774, 7984
28409, 774, 7985
28412, 775, 7985
28415, 775, 7986
28419, 775, 7986
28422, 775, 7986
28425, 775, 7987
28429, 774, 7987
28432, 774, 7987
28435, 774, 7988
28438, 774, 7988
28442, 774, 7989
28445, 774, 7990
28448, 774, 7991
28451, 774, 7991
28455, 774, 7991
28458, 774, 7991
28462, 775, 7993
28465, 775, 7993
28468, 775, 7994
28471, 775, 7995
28476, 774, 7995
28480, 774, 7996
28484, 775, 7997
28488, 775, 7998
28491, 775, 7999
28496, 775, 8000
28500, 775, 8000
28503, 775, 8001
28507, 775, 8002
28512, 775, 8002
28516, 775, 8003
28520, 775, 8004
28523, 775, 8005
28526, 775, 8005
28530, 775, 8006
28533, 775, 8007
28536, 775, 8008
28539, 775, 8009
28544, 775, 8009
28548, 775, 8010
28552, 776, 8010
28555, 776, 1
28558, 776, 3
28563, 776, 5
28566, 776, 7
28569, 776, 9
28572, 776, 11
28576, 776, 13
28580, 776, 14
28584, 776, 15
28588, 776, 17
28593, 776, 18
28596, 776, 18
28600, 777, 19
28603, 777, 20
28607, 777, 21
28612, 777, 21
28616, 777, 21
28620, 776, 21
28625, 776, 21
28628, 776, 22
28631, 776, 22
28635, 777, 22
28638, 777, 22
28641, 777, 22
28644, 777, 22
28647, 777, 22
28650, 777, 21
28654, 776, 20
28658, 776, 20
28661, 777, 20
28665, 777, 19
28669, 777, 18
28672, 777, 18
28676, 777, 18
28679, 777, 16
28684, 777, 15
28687, 777, 14
28692, 777, 14
28695, 777, 13
28700, 777, 13
28704, 777, 13
28708, 776, 12
28711, 776, 12
28714, 776, 11
28718, 776, 11
28721, 776, 10
28724, 776, 9
28728, 776, 8
28732, 776, 7
28737, 776, 6
28740, 776, 6
28743, 776, 5
28746, 776, 4
28750, 776, 3
28753, 776, 1
28756, 776, 0
28759, 776, 0
28762, 776, -2
28766, 776, -2
28769, 776, -4
28772, 776, -4
28776, 776, -6
28779, 776, -7
28782, 776, -9
28786, 776, -11
28789, 776, -12
28792, 775, -14
28796, 775, -17
28800, 775, -19
28803, 775, -19
28806, 775, -20
28810, 775, -21
28813, 776, -21
28816, 775, -21
28820, 775, -21
28823, 775, -21
28826, 775, -21
28830, 775, -21
28833, 775, -21
28836, 774, -21
28839, 775, -21
28842, 775, -21
28845, 775, -21
28848, 775, -21
28851, 776, -21
28854, 776, -21
28858, 775, -20
28861, 775, -20
28864, 775, -20
28868, 776, -20
28871, 776, -20
28876, 776, -21
28880, 776, -21
28883, 776, -21
28887, 776, -21
28891, 776, -21
28896, 775, -21
28899, 776, -20
28903, 775, -20
28907, 775, -20
28912, 775, -20
28915, 775, -20
28918, 775, -20
28921, 775, -20
28924, 775, -19
28929, 775, -19
28933, 775, -20
28937, 775, -20
28941, 776, -20
28945, 776, -20
28950, 776, -20
28954, 776, -20
28958, 776, -20
28961, 775, -20
28964, 775, -21
28968, 775, -21
28971, 775, -21
28974, 775, -21
28978, 775, -21
28981, 775, -21
28984, 775, -21
28987, 775, -21
28990, 775, -21
28993, 775, -21
28997, 775, -22
29000, 775, -22
29003, 775, -22
29007, 775, -22
29010, 776, -22
29013, 776, -22
29017, 776, -22
29020, 776, -22
29025, 776, -21
29029, 776, -21
29033, 776, -21
29037, 776, -22
29040, 776, -22
29045, 776, -22
29049, 776, -22
29053, 776, -22
29057, 775, -22
29061, 775, -22
29065, 775, -22
29069, 775, -22
29073, 775, -22
29076, 775, -22
29079, 775, -22
29083, 775, -22
29086, 775, -22
29089, 775, -22
29092, 775, -22
29096, 775, -22
29100, 775, -22
29103, 775, -22
29107, 775, -22
29110, 775, -22
29113, 775, -22
29117, 776, -22
29120, 776, -22
29125, 776, -22
29129, 776, -22
29133, 776, -22
29136, 776, -23
29141, 775, -23
29145, 775, -24
29149, 775, -24
29153, 775, -24
29157, 775, -24
29162, 775, -24
29165, 775, -24
29169, 775, -24
29174, 775, -24
29178, 775, -24
29183, 775, -24
29186, 775, -24
29189, 775, -24
29192, 775, -24
29195, 775, -24
29199, 775, -24
29202, 775, -24
29205, 775, -24
29208, 775, -24
29212, 775, -24
29216, 775, -24
29219, 776, -24
29223, 776, -24
29227, 776, -25
29232, 776, -25
29235, 776, -25
29238, 775, -25
29241, 775, -25
29245, 775, -25
29248, 775, -25
29252, 776, -25
29255, 776, -25
29260, 776, -26
29264, 776, -26
29268, 776, -26
29272, 775, -26
29276, 775, -26
29281, 775, -27
29284, 775, -27
29289, 775, -27
29293, 775, -27
29296, 775, -27
29299, 775, -28
29302, 775, -28
29306, 775, -28
29309, 775, -28
29312, 775, -28
29316, 776, -28
29319, 776, -28
29322, 775, -29
29327, 775, -29
29330, 775, -29
29334, 775, -29
29337, 774, -30
31351, 774, -39
31355, 774, -39
31358, 774, -47
31362, 774, -53
31365, 774, -50
31369, 775, -31
31372, 777, 4
31376, 779, 54
31379, 783, 116
31382, 787, 188
31386, 792, 268
31389, 797, 349
31392, 801, 430
31395, 806, 517
31399, 810, 608
31402, 814, 698
31405, 818, 784
31409, 823, 875
31412, 827, 963
31415, 831, 1053
31419, 835, 1139
31422, 839, 1246
31426, 843, 1337
31430, 847, 1414
31433, 851, 1513
31437, 854, 1613
31441, 858, 1707
31446, 862, 1778
31449, 866, 1861
31453, 870, 1948
31457, 874, 2029
31462, 878, 2113
31466, 881, 2170
31469, 885, 2246
31474, 888, 2319
31478, 891, 2372
31482, 894, 2435
31485, 897, 2481
31488, 900, 2528
31492, 902, 2578
31495, 905, 2622
31498, 907, 2660
31501, 909, 2705
31505, 912, 2749
31508, 913, 2799
31512, 915, 2837
31516, 917, 2880
31519, 919, 2915
31522, 921, 2949
31526, 923, 2987
31529, 926, 3024
31532, 927, 3056
31535, 928, 3085
31539, 930, 3115
31542, 931, 3146
31545, 933, 3178
31549, 934, 3208
31553, 936, 3234
31556, 937, 3289
31563, 939, 3318
31566, 940, 3351
31570, 941, 3379
31575, 943, 3407
31579, 945, 3431
31582, 947, 3463
31586, 948, 3488
31591, 949, 3507
31594, 951, 3523
31597, 952, 3542
31601, 953, 3563
31604, 955, 3585
31607, 956, 3606
31611, 957, 3624
31614, 957, 3638
31617, 958, 3650
31620, 958, 3668
31624, 958, 3687
31629, 959, 3703
31632, 961, 3721
31636, 962, 3742
31640, 963, 3758
31644, 964, 3768
31648, 965, 3777
31651, 965, 3790
31655, 966, 3801
31659, 966, 3813
31662, 967, 3825
31665, 968, 3839
31668, 969, 3859
31673, 970, 3876
31677, 970, 3887
31681, 971, 3898
31685, 971, 3907
31689, 971, 3915
31693, 972, 3922
31697, 972, 3932
31701, 972, 3943
31705, 973, 3954
31710, 974, 3963
31713, 975, 3972
31716, 976, 3983
31719, 977, 3993
31722, 978, 4002
31726, 979, 4010
31729, 980, 4015
31732, 980, 4020
31735, 980, 4025
31739, 979, 4028
31742, 979, 4031
31745, 979, 4034
31748, 979, 4036
31751, 980, 4039
31755, 980, 4042
31758, 980, 4046
31761, 980, 4050
31764, 980, 4053
31767, 980, 4058
31771, 980, 4063
31774, 981, 4070
31778, 982, 4078
31783, 982, 4086
31786, 982, 4092
31789, 983, 4102
31794, 983, 4112
31797, 984, 4123
31802, 984, 4131
31806, 985, 4138
31809, 985, 4143
31812, 986, 4147
31815, 986, 4150
31819, 986, 4153
31822, 986, 4155
31825, 986, 4157
31829, 986, 4158
31832, 986, 4160
31835, 986, 4162
31838, 986, 4163
31842, 986, 4164
31846, 986, 4164
31849, 986, 4166
31854, 986, 4167
31858, 986, 4168
31862, 986, 4169
31865, 986, 4170
31869, 986, 4171
31872, 986, 4172
31875, 986, 4173
31879, 986, 4174
31883, 987, 4176
31886, 987, 4178
31891, 986, 4180
31895, 986, 4182
31899, 987, 4183
31902, 987, 4187
31906, 987, 4191
31911, 987, 4194
31914, 988, 4197
31917, 988, 4201
31922, 989, 4205
31926, 989, 4207
31930, 989, 4208
31933, 989, 4209
31937, 989, 4212
31940, 989, 4213
31943, 989, 4214
31946, 990, 4216
31949, 990, 4218
31952, 990, 4220
31956, 990, 4222
31960, 990, 4224
31964, 990, 4226
31967, 990, 4228
31971, 991, 4230
31976, 991, 4233
31979, 991, 4234
31983, 991, 4236
31987, 991, 4237
31991, 990, 4238
31995, 990, 4239
31998, 991, 4241
32002, 991, 4242
32007, 991, 4244
32010, 991, 4245
32014, 991, 4247
32018, 992, 4249
32022, 991, 1
32026, 992, 1
32029, 992, 2
32034, 992, 3
32038, 992, 4
32042, 992, 5
32045, 992, 5
32049, 992, 5
32052, 991, 5
32055, 992, 6
32058, 992, 6
32061, 992, 6
32065, 992, 7
32068, 992, 7
32072, 992, 7
32077, 992, 7
32080, 991, 7
32083, 991, 7
32088, 991, 6
32092, 991, 6
32096, 991, 6
32099, 992, 6
32104, 992, 5
32108, 992, 4
32111, 992, 4
32114, 992, 3
32118, 991, 3
32121, 991, 3
32124, 992, 3
32127, 992, 3
32130, 992, 2
32134, 992, 2
32137, 992, 2
32140, 992, 1
32143, 992, 1
32146, 991, 0
32149, 991, 0
32152, 992, -1
32155, 992, -1
32158, 991, -2
32162, 992, -2
32165, 992, -3
32168, 992, -4
32171, 992, -4
32174, 992, -5
32178, 991, -5
32181, 992, -6
32184, 992, -7
32187, 992, -8
32191, 992, -9
32195, 992, -10
32198, 992, -10
32202, 992, -12
32206, 991, -14
32210, 992, -15
32214, 992, -17
32218, 991, -19
32221, 991, -19
32225, 991, -19
32229, 991, -20
32234, 991, -20
32237, 992, -20
32240, 992, -20
32243, 992, -20
32246, 991, -20
32250, 991, -20
32253, 991, -20
32256, 991, -20
32259, 991, -20
32262, 991, -20
32265, 990, -20
32269, 991, -20
32272, 991, -20
32275, 991, -20
32278, 991, -20
32281, 991, -20
32284, 991, -20
32288, 991, -21
32292, 991, -21
32296, 991, -21
32299, 991, -21
32303, 991, -21
32307, 991, -21
32312, 991, -21
32315, 991, -21
32319, 991, -21
32323, 991, -21
32327, 991, -21
32331, 991, -22
32335, 991, -22
32340, 991, -23
32344, 991, -23
32347, 991, -23
32352, 991, -23
32356, 991, -23
32361, 991, -23
32364, 991, -23
32367, 991, -23
32370, 991, -23
32373, 991, -24
32376, 991, -24
32380, 991, -24
32383, 991, -24
32386, 991, -25
32391, 991, -25
32394, 991, -26
32398, 991, -26
32401, 991, -26
32405, 991, -27
32410, 991, -27
32414, 990, -27
32417, 990, -27
32422, 990, -28
32426, 990, -28
32429, 991, -29
32434, 991, -30
32438, 991, -31
32442, 991, -32
32446, 991, -32
32450, 991, -32
32455, 990, -33
32458, 990, -34
32462, 990, -35
32467, 990, -36
32471, 990, -36
32474, 990, -37
32477, 990, -38
32481, 990, -38
32484, 990, -38
32487, 990, -38
32491, 990, -39
32494, 990, -39
32497, 990, -39
32501, 990, -41
32505, 990, -42
32510, 990, -42
32513, 990, -42
32517, 990, -43
32521, 990, -43
32526, 990, -43
32529, 990, -43
32534, 990, -43
32537, 990, -43
32541, 989, -43
32546, 990, -44
32550, 989, -44
32553, 989, -45
32558, 989, -46
32562, 989, -46
32567, 989, -47
32570, 990, -47
32573, 989, -47
32577, 989, -48
32580, 989, -48
32583, 989, -49
32586, 989, -50
32590, 989, -51
34603, 989, -51
34607, 989, -52
34610, 989, -59
34615, 989, -61
34619, 989, -55
34622, 989, -41
34625, 991, -8
34629, 995, 33
34632, 999, 80
34635, 1004, 128
34638, 1009, 205
34643, 1014, 291
34647, 1020, 357
34651, 1025, 450
34655, 1031, 544
34660, 1036, 638
34664, 1042, 707
34667, 1047, 775
34670, 1053, 845
34674, 1057, 918
34677, 1061, 988
34681, 1065, 1053
34684, 1068, 1137
34688, 1072, 1218
34692, 1076, 1284
34696, 1080, 1341
34699, 1084, 1401
34702, 1088, 1454
34706, 1091, 1512
34709, 1094, 1564
34712, 1097, 1612
34715, 1100, 1664
34719, 1103, 1713
34722, 1105, 1759
34725, 1107, 1810
34728, 1110, 1853
34731, 1112, 1897
34735, 1115, 1956
34739, 1117, 2009
34743, 1120, 2052
34746, 1123, 2095
34750, 1125, 2133
34753, 1127, 2167
34756, 1130, 2205
34759, 1132, 2241
34762, 1133, 2273
34765, 1135, 2318
34769, 1138, 2368
34774, 1139, 2402
34777, 1141, 2443
34782, 1144, 2487
34786, 1146, 2528
34790, 1147, 2556
34794, 1149, 2592
34798, 1151, 2633
34802, 1153, 2671
34807, 1155, 2695
34810, 1157, 2718
34813, 1159, 2742
34816, 1160, 2768
34819, 1161, 2794
34823, 1163, 2816
34826, 1164, 2835
34829, 1165, 2854
34832, 1165, 2873
34835, 1167, 2893
34838, 1168, 2921
34842, 1169, 2943
34845, 1171, 2968
34850, 1172, 2988
34854, 1172, 3004
34858, 1173, 3024
34861, 1174, 3043
34865, 1175, 3070
34869, 1176, 3090
34873, 1178, 3105
34876, 1178, 3123
34880, 1179, 3139
34885, 1179, 3153
34888, 1180, 3167
34892, 1181, 3181
34895, 1182, 3205
34899, 1184, 3228
34903, 1185, 3243
34907, 1186, 3255
34910, 1187, 3265
34913, 1187, 3277
34918, 1187, 3286
34921, 1187, 3292
34924, 1187, 3300
34928, 1188, 3309
34931, 1188, 3318
34934, 1189, 3329
34937, 1190, 3341
34940, 1191, 3357
34944, 1192, 3372
34948, 1192, 3389
34952, 1193, 3398
34955, 1194, 3407
34959, 1194, 3414
34963, 1194, 3421
34967, 1194, 3426
34970, 1194, 3432
34975, 1193, 3436
34978, 1194, 3442
34983, 1194, 3450
34986, 1195, 3459
34991, 1195, 3467
34994, 1196, 3477
34999, 1197, 3488
35003, 1198, 3502
35007, 1199, 3513
35011, 1200, 3528
35015, 1200, 3536
35019, 1201, 3545
35023, 1201, 3550
35027, 1201, 3555
35031, 1201, 3558
35035, 1201, 3561
35038, 1201, 3563
35041, 1201, 3565
35045, 1201, 3566
35048, 1201, 3567
35051, 1200, 3568
35054, 1200, 3570
35058, 1201, 3571
35061, 1201, 3572
35065, 1201, 3574
35068, 1201, 3576
35073, 1202, 3578
35077, 1202, 3580
35080, 1202, 3583
35083, 1203, 3587
35088, 1202, 3591
35092, 1203, 3594
35096, 1203, 3598
35099, 1203, 3601
35102, 1203, 3605
35106, 1204, 3610
35110, 1204, 3613
35113, 1204, 3618
35116, 1204, 3623
35121, 1205, 3629
35125, 1205, 3635
35128, 1205, 3640
35132, 1205, 3646
35136, 1206, 3651
35140, 1206, 3656
35144, 1206, 3660
35148, 1207, 3664
35151, 1207, 3668
35154, 1207, 3672
35157, 1207, 3676
35161, 1207, 3679
35164, 1207, 3682
35167, 1207, 3686
35171, 1207, 3690
35176, 1208, 3692
35179, 1208, 3695
35182, 1208, 3698
35186, 1208, 3701
35190, 1208, 3703
35194, 1208, 3706
35197, 1208, 3708
35202, 1208, 3710
35206, 1208, 3712
35210, 1208, 3713
35213, 1208, 3714
35216, 1208, 3715
35219, 1208, 3717
35222, 1209, 3718
35225, 1209, 0
35228, 1209, 1
35233, 1209, 1
35237, 1209, 1
35241, 1209, 1
35244, 1209, 1
35247, 1208, 0
35252, 1208, 0
35256, 1208, 1
35259, 1208, 1
35262, 1208, 1
35266, 1208, 1
35269, 1208, 2
35272, 1208, 2
35275, 1208, 3
35278, 1209, 3
35282, 1209, 4
35286, 1209, 5
35290, 1209, 5
35294, 1209, 5
35297, 1209, 6
35301, 1209, 8
35306, 1209, 10
35310, 1209, 12
35313, 1210, 15
35317, 1210, 18
35321, 1210, 21
35324, 1210, 25
35327, 1210, 29
35331, 1210, 35
35335, 1211, 40
35338, 1211, 48
35343, 1212, 55
35346, 1212, 66
35351, 1213, 74
35354, 1214, 87
35358, 1214, 99
35363, 1215, 108
35367, 1215, 113
35370, 1216, 118
35373, 1216, 121
35377, 1216, 124
35380, 1216, 126
35383, 1216, 127
35386, 1215, 128
35389, 1215, 128
35392, 1215, 128
35396, 1215, 128
35399, 1215, 127
35402, 1215, 126
35405, 1215, 124
35408, 1215, 122
35411, 1215, 119
35415, 1215, 117
35418, 1215, 116
35421, 1215, 114
35425, 1215, 113
35428, 1215, 112
35431, 1215, 111
35434, 1215, 109
35439, 1215, 107
35443, 1215, 105
35447, 1215, 102
35451, 1215, 98
35455, 1215, 91
35459, 1214, 82
35463, 1213, 75
35467, 1213, 66
35470, 1212, 58
35473, 1211, 50
35476, 1211, 44
35479, 1211, 39
35482, 1210, 35
35486, 1211, 31
35489, 1211, 28
35493, 1211, 26
35496, 1211, 24
35499, 1211, 22
35504, 1211, 20
35508, 1210, 18
35512, 1210, 17
35515, 1210, 15
35519, 1210, 14
35522, 1210, 11
35526, 1210, 10
35530, 1210, 9
35533, 1210, 7
35536, 1210, 5
35539, 1210, 3
35542, 1210, 1
35546, 1210, -1
35549, 1209, -4
35552, 1209, -8
35555, 1209, -11
35558, 1208, -15
35562, 1208, -19
35565, 1208, -22
35568, 1208, -25
35571, 1208, -29
35575, 1208, -34
35578, 1208, -37
35581, 1208, -41
35584, 1208, -45
35587, 1208, -48
35590, 1208, -51
35593, 1208, -54
35597, 1208, -58
35601, 1207, -61
35605, 1207, -63
35609, 1207, -65
35612, 1207, -67
35616, 1207, -69
35619, 1206, -71
35623, 1206, -72
35627, 1206, -74
35631, 1206, -76
35636, 1206, -77
35639, 1206, -79
35643, 1206, -81
35646, 1206, -82
35649, 1206, -84
35653, 1206, -86
35656, 1206, -88
35659, 1206, -90
35664, 1206, -93
35668, 1206, -95
35672, 1206, -98
35675, 1205, -102
35680, 1205, -105
35685, 1205, -108
35688, 1205, -109
35691, 1204, -111
35695, 1204, -113
35698, 1204, -115
35702, 1204, -116
35705, 1204, -117
35708, 1205, -118
35712, 1205, -119
35715, 1205, -120
35719, 1205, -120
35722, 1205, -120
35726, 1205, -120
35729, 1205, -120
35732, 1205, -120
35736, 1205, -120
35740, 1205, -120
35744, 1205, -120
35748, 1205, -120
35751, 1205, -120
35754, 1204, -120
35758, 1204, -119
35762, 1204, -119
35767, 1204, -119
35770, 1204, -119
35775, 1204, -118
35779, 1204, -117
35783, 1204, -117
35787, 1204, -116
35790, 1205, -116
35794, 1204, -115
35798, 1204, -115
35801, 1204, -114
35805, 1204, -113
35808, 1204, -112
35811, 1204, -111
35815, 1204, -111
35818, 1204, -111
35821, 1204, -110
35825, 1204, -109
35828, 1204, -109
35831, 1204, -108
35834, 1204, -108
35837, 1204, -107
35842, 1204, -106
35845, 1204, -104
35849, 1204, -103
35854, 1205, -101
35858, 1205, -99
35862, 1205, -97
35866, 1205, -95
35870, 1205, -93
35875, 1205, -90
35879, 1205, -89
35883, 1205, -86
35887, 1205, -84
35892, 1205, -82
35896, 1206, -80
35899, 1205, -79
35902, 1206, -78
35907, 1205, -78
35911, 1205, -77
35914, 1205, -76
35917, 1205, -76
35920, 1205, -76
35923, 1206, -76
35926, 1206, -76
35930, 1206, -76
35933, 1206, -75
35936, 1205, -75
35941, 1205, -75
35944, 1205, -76
35947, 1205, -76
35951, 1205, -76
35956, 1205, -77
35959, 1206, -77
35962, 1206, -76
35967, 1206, -76
35971, 1205, -76
35975, 1205, -76
35979, 1205, -75
35983, 1205, -76
35988, 1205, -75
35991, 1205, -74
35996, 1205, -74
36000, 1205, -75
36005, 1205, -74
36008, 1205, -74
36012, 1205, -74
36017, 1205, -75
36021, 1206, -75
36025, 1206, -75
36028, 1205, -75
36032, 1205, -75
36035, 1205, -75
36038, 1205, -75
36041, 1205, -75
36044, 1206, -75
36048, 1206, -75
36052, 1206, -74
36056, 1205, -74
36060, 1205, -74
36063, 1205, -74
36068, 1205, -74
36071, 1205, -75
36076, 1206, -75
36079, 1206, -75
36084, 1206, -75
36087, 1206, -74
36091, 1206, -74
36096, 1206, -75
36100, 1206, -75
36103, 1206, -75
36108, 1206, -75
36112, 1205, -73
36117, 1205, -73
36121, 1205, -72
36126, 1205, -72
36130, 1205, -72
36135, 1205, -72
36138, 1206, -72
36141, 1205, -72
36144, 1205, -72
36147, 1206, -72
36151, 1206, -72
36154, 1206, -73
36157, 1206, -73
36160, 1206, -72
36164, 1206, -72
36167, 1206, -72
36171, 1206, -72
36175, 1206, -72
36178, 1206, -71
36182, 1206, -71
36186, 1206, -71
36191, 1206, -71
36194, 1206, -71
36198, 1206, -71
36201, 1206, -71
36205, 1206, -71
36209, 1206, -71
36213, 1205, -71
36217, 1205, -71
36221, 1205, -71
36225, 1206, -70
36230, 1206, -69
36233, 1206, -69
36236, 1206, -70
36240, 1206, -70
36243, 1206, -70
36246, 1206, -70
36250, 1206, -69
36253, 1206, -69
36257, 1206, -69
36261, 1206, -68
36264, 1206, -68
36267, 1206, -68
36271, 1206, -67
36275, 1206, -67
36278, 1206, -68
36283, 1206, -67
36287, 1206, -67
36292, 1206, -67
36295, 1206, -67
36299, 1206, -67
36304, 1206, -68
36308, 1206, -68
36312, 1206, -68
36317, 1206, -67
36321, 1206, -67
36326, 1206, -66
36330, 1205, -65
36335, 1206, -65
36338, 1206, -64
38352, 1206, -52
38355, 1206, -52
38358, 1207, -58
38361, 1206, -61
38365, 1206, -59
38368, 1207, -47
38371, 1208, -22
38374, 1211, 17
38377, 1214, 67
38381, 1219, 127
38384, 1224, 190
38387, 1229, 263
38391, 1234, 342
38394, 1239, 422
38397, 1243, 507
38401, 1248, 594
38404, 1253, 689
38408, 1257, 786
38411, 1262, 881
38415, 1266, 981
38418, 1270, 1076
38422, 1275, 1173
38425, 1279, 1273
38429, 1283, 1369
38432, 1287, 1457
38436, 1291, 1541
38439, 1294, 1623
38442, 1298, 1707
38445, 1301, 1789
38448, 1304, 1873
38452, 1307, 1947
38455, 1310, 2019
38458, 1313, 2096
38461, 1315, 2172
38464, 1318, 2249
38467, 1321, 2325
38470, 1323, 2393
38473, 1325, 2464
38477, 1329, 2543
38480, 1331, 2607
38483, 1333, 2672
38486, 1336, 2745
38490, 1339, 2810
38493, 1340, 2874
38496, 1343, 2948
38500, 1345, 3023
38503, 1347, 3103
38508, 1349, 3169
38511, 1352, 3241
38515, 1354, 3300
38518, 1356, 3372
38522, 1358, 3444
38526, 1360, 3504
38530, 1362, 3559
38533, 1363, 3624
38538, 1366, 3700
38542, 1368, 3751
38545, 1369, 3798
38548, 1371, 3837
38552, 1373, 3878
38555, 1374, 3925
38558, 1375, 3973
38561, 1376, 4017
38564, 1378, 4053
38567, 1379, 4087
38571, 1380, 4123
38574, 1381, 4161
38577, 1382, 4204
38580, 1383, 4258
38585, 1385, 4303
38589, 1386, 4329
38592, 1387, 4357
38596, 1388, 4399
38600, 1389, 4446
38604, 1390, 4488
38608, 1392, 4516
38611, 1393, 4541
38614, 1394, 4563
38618, 1394, 4583
38621, 1395, 4602
38624, 1395, 4624
38627, 1396, 4646
38630, 1397, 4672
38633, 1398, 4699
38636, 1399, 4727
38639, 1400, 4751
38643, 1401, 4772
38646, 1402, 4787
38649, 1402, 4801
38652, 1402, 4815
38655, 1401, 4827
38658, 1401, 4838
38661, 1402, 4854
38665, 1402, 4870
38668, 1403, 4891
38671, 1404, 4912
38675, 1405, 4935
38678, 1406, 4959
38681, 1407, 4985
38686, 1408, 5000
38689, 1409, 5013
38692, 1408, 5024
38695, 1408, 5036
38699, 1408, 5047
38703, 1409, 5054
38707, 1409, 5063
38710, 1409, 5072
38714, 1410, 5083
38718, 1410, 5096
38722, 1411, 5108
38726, 1411, 5125
38730, 1412, 5145
38735, 1413, 5167
38739, 1414, 5185
38743, 1415, 5209
38747, 1415, 5225
38751, 1416, 5238
38756, 1416, 5247
38759, 1416, 5255
38764, 1416, 5261
38767, 1416, 5266
38771, 1416, 5269
38774, 1416, 5272
38777, 1416, 5276
38781, 1416, 5279
38784, 1416, 5281
38787, 1416, 5283
38790, 1417, 5286
38793, 1417, 5289
38796, 1417, 5293
38800, 1417, 5296
38803, 1417, 5299
38806, 1417, 5304
38809, 1418, 5307
38812, 1417, 5311
38815, 1417, 5315
38818, 1417, 5319
38821, 1418, 5325
38824, 1418, 5328
38827, 1419, 5335
38830, 1419, 5341
38833, 1419, 5346
38836, 1419, 5353
38839, 1419, 5358
38842, 1419, 5365
38845, 1420, 5373
38848, 1420, 5380
38851, 1421, 5387
38854, 1421, 5393
38857, 1422, 5398
38861, 1422, 5407
38864, 1422, 5413
38867, 1423, 5419
38870, 1422, 5425
38873, 1423, 5430
38876, 1423, 5434
38879, 1423, 5440
38882, 1423, 5443
38885, 1423, 5448
38889, 1423, 5454
38892, 1423, 5459
38895, 1423, 5464
38898, 1423, 5469
38901, 1423, 5472
38904, 1423, 5474
38907, 1424, 5475
38910, 1424, 5477
38913, 1424, 5479
38917, 1424, 5482
38921, 1424, 5483
38925, 1423, 5483
38928, 1423, 5482
38932, 1423, 5483
38936, 1423, 5484
38941, 1423, 5484
38944, 1424, 5484
38948, 1424, 5484
38952, 1424, 5484
38957, 1424, 5483
38960, 1424, 5483
38965, 1424, 5484
38969, 1424, 5484
38972, 1424, 5485
38976, 1424, 5485
38980, 1424, 5481
38985, 1424, 5481
38989, 1424, 5481
38992, 1424, 5482
38995, 1424, 5483
38998, 1424, 5484
39001, 1424, 5484
39005, 1424, 5486
39008, 1423, 5485
39011, 1423, 5484
39015, 1424, 5485
39019, 1424, 5485
39022, 1424, 5486
39026, 1424, 5487
39029, 1424, 5487
39033, 1424, 5486
39036, 1424, 5486
39041, 1424, 5486
39044, 1424, 5488
39048, 1424, 5488
39052, 1424, 5489
39057, 1424, 5489
39060, 1424, 5488
39065, 1423, 5487
39068, 1423, 5488
39073, 1423, 5488
39076, 1423, 5488
39080, 1423, 5489
39084, 1423, 5489
39088, 1423, 5489
39092, 1424, 5491
39097, 1423, 5491
39100, 1423, 5490
39103, 1424, 5490
39106, 1424, 5489
39109, 1424, 5489
39113, 1424, 5490
39116, 1425, 5489
39119, 1425, -1
39122, 1424, -1
39126, 1424, 0
39129, 1424, 3
39133, 1424, 3
39137, 1424, 5
39141, 1424, 6
39144, 1424, 6
39147, 1424, 7
39151, 1424, 8
39155, 1423, 6
39159, 1423, 5
39163, 1424, 6
39168, 1424, 6
39172, 1424, 5
39176, 1424, 5
39180, 1425, 6
39185, 1424, 5
39189, 1424, 5
39192, 1424, 5
39196, 1424, 4
39199, 1424, 3
39204, 1424, 3
39208, 1424, 2
39212, 1424, 2
39215, 1424, 1
39218, 1424, 0
39222, 1424, -2
39225, 1424, -2
39228, 1424, -2
39231, 1424, -3
39234, 1424, -2
39239, 1424, -4
39243, 1424, -6
39246, 1424, -6
39251, 1424, -8
39255, 1424, -9
39259, 1424, -10
39263, 1424, -11
39267, 1424, -13
39272, 1424, -16
39276, 1424, -17
39280, 1424, -19
39284, 1424, -21
39289, 1424, -22
39292, 1424, -25
39296, 1424, -25
39300, 1424, -26
39305, 1424, -27
39308, 1424, -29
39313, 1424, -31
39316, 1424, -32
39321, 1424, -35
39324, 1424, -37
39327, 1423, -38
39330, 1424, -39
39333, 1424, -40
39337, 1423, -41
39340, 1423, -42
39343, 1423, -43
39346, 1423, -44
39350, 1423, -45
39354, 1424, -47
39358, 1424, -49
39362, 1423, -50
39365, 1424, -50
39370, 1424, -51
41384, 1424, -51
41388, 1424, -53
41391, 1424, -62
41395, 1423, -65
41399, 1423, -56
41402, 1424, -34
41405, 1426, 9
41408, 1429, 68
41412, 1432, 140
41415, 1437, 224
41418, 1442, 308
41421, 1448, 398
41424, 1453, 494
41427, 1457, 595
41431, 1462, 699
41434, 1467, 802
41437, 1471, 905
41441, 1475, 1006
41444, 1480, 1110
41447, 1484, 1209
41450, 1488, 1339
41455, 1493, 1437
41458, 1497, 1568
41463, 1501, 1691
41467, 1505, 1812
41471, 1510, 1898
41475, 1514, 2001
41478, 1519, 2105
41483, 1524, 2210
41487, 1527, 2284
41490, 1531, 2372
41494, 1534, 2461
41499, 1538, 2555
41503, 1541, 2624
41507, 1545, 2692
41510, 1548, 2754
41513, 1551, 2806
41516, 1553, 2861
41519, 1556, 2917
41523, 1558, 2968
41526, 1560, 3016
41529, 1562, 3068
41532, 1564, 3124
41535, 1566, 3173
41539, 1567, 3219
41542, 1570, 3283
41547, 1572, 3340
41551, 1574, 3385
41555, 1577, 3429
41558, 1579, 3472
41561, 1581, 3519
41566, 1582, 3563
41570, 1584, 3604
41574, 1587, 3657
41578, 1589, 3701
41583, 1590, 3735
41587, 1592, 3768
41590, 1594, 3809
41594, 1595, 3849
41599, 1596, 3877
41602, 1598, 3900
41606, 1599, 3930
41610, 1600, 3966
41615, 1602, 4003
41619, 1604, 4029
41622, 1606, 4050
41625, 1607, 4071
41628, 1608, 4087
41631, 1608, 4104
41635, 1608, 4122
41638, 1609, 4142
41641, 1610, 4165
41644, 1611, 4187
41647, 1613, 4208
41651, 1613, 4223
41654, 1614, 4236
41657, 1614, 4250
41660, 1615, 4268
41665, 1615, 4288
41669, 1616, 4303
41672, 1616, 4321
41675, 1617, 4347
41680, 1619, 4368
41684, 1620, 4383
41687, 1621, 4397
41690, 1621, 4411
41695, 1622, 4420
41698, 1622, 4429
41702, 1622, 4438
41706, 1622, 4448
41710, 1623, 4462
41714, 1623, 4473
41717, 1624, 4489
41722, 1624, 4507
41726, 1625, 4528
41730, 1627, 4542
41734, 1627, 4552
41737, 1628, 4561
41740, 1629, 4571
41743, 1629, 4576
41746, 1629, 4583
41749, 1629, 4589
41752, 1629, 4595
41755, 1629, 4599
41759, 1630, 4603
41762, 1629, 4608
41765, 1630, 4613
41768, 1630, 4617
41771, 1630, 4623
41774, 1630, 4630
41777, 1631, 4635
41780, 1631, 4642
41783, 1631, 4647
41787, 1631, 4654
41790, 1631, 4661
41793, 1632, 4668
41796, 1632, 4679
41800, 1632, 4691
41805, 1633, 4702
41809, 1634, 4710
41812, 1635, 4718
41817, 1636, 4725
41821, 1636, 4731
41826, 1636, 4735
41829, 1636, 4737
41833, 1636, 4740
41836, 1637, 4742
41840, 1637, 4743
41843, 1637, 4744
41846, 1637, 4746
41849, 1637, 4749
41852, 1636, 4751
41856, 1636, 4751
41859, 1636, 4751
41862, 1636, 4751
41865, 1636, 4752
41868, 1636, 4752
41872, 1636, 4752
41875, 1637, 4752
41879, 1637, 4753
41883, 1637, 4754
41888, 1637, 4756
41891, 1637, 4757
41894, 1637, 4757
41897, 1637, 4760
41902, 1638, 4762
41905, 1638, 4765
41909, 1638, 4767
41912, 1638, 4769
41916, 1638, 4773
41921, 1637, 4775
41924, 1638, 4780
41928, 1638, 4784
41933, 1638, 4786
41936, 1638, 4790
41940, 1639, 4795
41944, 1639, 4799
41948, 1639, 4803
41953, 1639, 4807
41956, 1640, 4810
41959, 1640, 4811
41963, 1640, 4814
41966, 1640, 4817
41969, 1640, 4821
41972, 1640, 4824
41976, 1640, 4827
41979, 1640, 4833
41983, 1640, 4835
41987, 1640, 4838
41990, 1640, 4840
41994, 1640, 4842
41998, 1641, 4845
42002, 1640, 4848
42006, 1641, 4851
42009, 1641, 4854
42013, 1641, 4857
42018, 1641, 4859
42021, 1642, 4864
42026, 1642, 0
42030, 1641, 2
42034, 1642, 4
42039, 1642, 7
42043, 1642, 11
42048, 1642, 17
42051, 1642, 21
42055, 1642, 26
42060, 1643, 32
42064, 1643, 37
42067, 1644, 41
42071, 1644, 45
42074, 1644, 47
42077, 1644, 49
42080, 1644, 53
42083, 1644, 54
42086, 1644, 57
42089, 1644, 58
42093, 1644, 58
42096, 1644, 59
42099, 1644, 59
42104, 1645, 59
42107, 1644, 59
42110, 1644, 58
42114, 1644, 57
42118, 1644, 57
42122, 1644, 57
42125, 1644, 57
42130, 1644, 56
42133, 1644, 55
42136, 1644, 55
42140, 1644, 52
42144, 1645, 52
42147, 1644, 51
42152, 1644, 51
42155, 1644, 50
42160, 1644, 49
42163, 1644, 48
42166, 1645, 46
42169, 1645, 45
42172, 1645, 43
42175, 1644, 42
42179, 1644, 39
42182, 1644, 37
42185, 1644, 36
42188, 1644, 34
42191, 1644, 34
42195, 1644, 34
42199, 1643, 32
42203, 1643, 31
42207, 1643, 31
42210, 1643, 31
42214, 1643, 30
42219, 1644, 30
42222, 1644, 29
42226, 1644, 30
42229, 1644, 30
42233, 1644, 29
42238, 1644, 29
42242, 1644, 29
42245, 1644, 28
42250, 1644, 26
42254, 1644, 26
42258, 1644, 25
42262, 1644, 24
42267, 1644, 23
42271, 1644, 23
42274, 1644, 23
42277, 1644, 23
42281, 1644, 20
42284, 1644, 19
42287, 1644, 19
42290, 1644, 18
42293, 1643, 18
42296, 1643, 17
42299, 1643, 15
42303, 1643, 14
42306, 1643, 13
42309, 1643, 11
42312, 1643, 10
42316, 1643, 6
42319, 1643, 5
42322, 1643, 4
42325, 1643, 2
42328, 1643, 0
42332, 1643, -1
42335, 1643, -4
42338, 1642, -6
42341, 1642, -9
42344, 1643, -11
42347, 1642, -12
42350, 1642, -13
42353, 1642, -15
42357, 1643, -16
42360, 1642, -18
42363, 1642, -19
42366, 1643, -20
42369, 1642, -21
42372, 1642, -21
42375, 1642, -24
42378, 1642, -25
42381, 1642, -26
42384, 1642, -26
42387, 1642, -28
42391, 1642, -29
42394, 1642, -30
44407, 1642, -35
44410, 1642, -34
44414, 1641, -42
44417, 1641, -46
44421, 1641, -43
44424, 1641, -28
44428, 1642, 2
44431, 1645, 50
44435, 1649, 107
44438, 1654, 169
44442, 1659, 246
44445, 1664, 321
44449, 1670, 402
44452, 1675, 494
44456, 1679, 586
44459, 1684, 669
44462, 1689, 755
44465, 1693, 839
44469, 1698, 927
44472, 1702, 1005
44475, 1706, 1088
44478, 1710, 1165
44481, 1714, 1244
44484, 1717, 1324
44487, 1721, 1401
44491, 1724, 1478
44494, 1727, 1549
44497, 1730, 1623
44500, 1733, 1694
44503, 1736, 1765
44506, 1739, 1833
44509, 1742, 1897
44512, 1745, 1990
44517, 1748, 2060
44520, 1751, 2146
44524, 1754, 2221
44528, 1758, 2300
44533, 1761, 2363
44536, 1764, 2423
44539, 1767, 2480
44543, 1770, 2565
44547, 1772, 2621
44551, 1775, 2692
44555, 1777, 2746
44558, 1779, 2808
44563, 1781, 2879
44567, 1784, 2949
44572, 1787, 2990
44575, 1788, 3030
44578, 1791, 3078
44581, 1793, 3121
44584, 1795, 3162
44587, 1796, 3198
44590, 1798, 3236
44594, 1800, 3297
44598, 1801, 3341
44602, 1802, 3372
44605, 1804, 3407
44608, 1805, 3440
44612, 1807, 3493
44616, 1809, 3529
44619, 1810, 3559
44622, 1811, 3597
44627, 1812, 3635
44631, 1813, 3675
44635, 1815, 3710
44638, 1817, 3741
44641, 1818, 3774
44646, 1819, 3806
44650, 1820, 3830
44653, 1821, 3860
44657, 1822, 3900
44661, 1823, 3936
44666, 1825, 3959
44669, 1826, 3980
44673, 1827, 4004
44677, 1827, 4033
44682, 1828, 4055
44685, 1828, 4080
44688, 1830, 4107
44691, 1831, 4130
44694, 1832, 4147
44698, 1833, 4162
44701, 1834, 4176
44704, 1834, 4189
44707, 1834, 4207
44712, 1834, 4223
44716, 1835, 4236
44719, 1835, 4258
44724, 1837, 4286
44728, 1838, 4313
44732, 1839, 4333
44735, 1840, 4350
44738, 1841, 4363
44742, 1841, 4376
44746, 1841, 4389
44750, 1841, 4397
44753, 1841, 4409
44758, 1840, 4417
44762, 1840, 4427
44765, 1841, 4437
44769, 1841, 4450
44773, 1842, 4466
44777, 1843, 4480
44781, 1844, 4497
44784, 1845, 4519
44788, 1846, 4541
44793, 1847, 4555
44796, 1847, 4565
44799, 1848, 4575
44802, 1848, 4583
44805, 1848, 4589
44809, 1848, 4592
44812, 1848, 4596
44815, 1848, 4599
44818, 1848, 4602
44821, 1848, 4606
44826, 1848, 4608
44829, 1848, 4613
44833, 1848, 4616
44836, 1848, 4620
44841, 1849, 4625
44844, 1848, 4633
44848, 1849, 4637
44852, 1849, 4646
44856, 1849, 4652
44859, 1850, 4659
44862, 1850, 4667
44866, 1851, 4675
44869, 1851, 4686
44873, 1852, 4697
44878, 1852, 4705
44881, 1853, 4714
44885, 1853, 4725
44889, 1854, 4734
44892, 1854, 4744
44896, 1854, 4752
44900, 1854, 4764
44905, 1854, 4772
44908, 1854, 4779
44911, 1854, 4785
44914, 1855, 4788
44918, 1855, 4791
44921, 1855, 4794
44924, 1855, 4797
44927, 1855, 4798
44930, 1855, 4799
44933, 1855, 4800
44936, 1855, 4801
44939, 1855, 4802
44942, 1855, 4803
44945, 1855, 4804
44949, 1855, 4805
44952, 1856, 4806
44955, 1856, 4806
44958, 1856, 4806
44961, 1856, 4807
44964, 1855, 4807
44967, 1855, 4807
44970, 1855, 4808
44973, 1855, 4809
44976, 1855, 4809
44979, 1855, 4809
44982, 1855, 4811
44985, 1855, 4810
44988, 1855, 4810
44991, 1855, 4812
44994, 1855, 4813
44997, 1855, 4813
45000, 1855, 4814
45003, 1856, 4814
45006, 1856, 4815
45010, 1856, 4815
45013, 1856, 4815
45016, 1855, 4814
45019, 1855, 4815
45022, 1855, 4815
45025, 1854, 4815
45029, 1855, 4815
45032, 1855, 4816
45035, 1855, 4816
45038, 1855, 4816
45041, 1856, 4816
45044, 1856, 4815
45047, 1856, 4815
45050, 1856, 4814
45053, 1856, 4815
45056, 1856, 4815
45059, 1855, 4815
45062, 1856, 4816
45066, 1856, 4816
45069, 1856, 4817
45072, 1856, 4817
45075, 1856, 4818
45078, 1856, 4819
45081, 1856, 4820
45084, 1856, 4822
45087, 1856, 4823
45090, 1856, 4823
45093, 1856, 4823
45096, 1856, 4825
45099, 1856, 4825
45103, 1856, 4826
45106, 1856, 4827
45109, 1856, 4828
45112, 1856, 4830
45115, 1856, 4830
45118, 1856, 4831
45123, 1856, 4832
45127, 1857, 4833
45131, 1857, 4834
45134, 1857, 4834
45137, 1857, 4835
45140, 1857, 4836
45143, 1856, 4838
45146, 1856, 4839
45150, 1856, 4839
45153, 1856, 4841
45156, 1856, 4842
45159, 1857, 4843
45163, 1857, 4846
45166, 1856, 4848
45169, 1856, 4850
45172, 1856, 4851
45175, 1856, 4853
45178, 1856, 4853
45181, 1857, 4857
45184, 1857, 4859
45188, 1857, 4860
45191, 1857, 4863
45195, 1857, 4864
45200, 1857, 4865
45204, 1857, 4867
45207, 1857, 4868
45211, 1857, 4870
45216, 1857, 4871
45220, 1858, 4870
45223, 1857, 3
45228, 1857, 5
45232, 1857, 9
45236, 1857, 12
45239, 1857, 13
45242, 1857, 16
45246, 1858, 17
45249, 1857, 19
45252, 1858, 21
45255, 1858, 23
45259, 1858, 24
45262, 1859, 25
45265, 1859, 27
45268, 1859, 26
45271, 1858, 27
45276, 1858, 30
45280, 1858, 31
45283, 1858, 29
45286, 1858, 29
45290, 1859, 28
45294, 1859, 30
45298, 1859, 30
45302, 1859, 31
45306, 1858, 28
45310, 1858, 29
45315, 1858, 29
45318, 1859, 30
45322, 1859, 32
45327, 1859, 32
45331, 1859, 32
45334, 1859, 32
45338, 1858, 33
45343, 1858, 33
45347, 1858, 32
45351, 1858, 32
45354, 1858, 31
45357, 1858, 31
45360, 1858, 30
45363, 1858, 30
45366, 1858, 30
45369, 1858, 30
45373, 1858, 31
45376, 1859, 31
45381, 1858, 31
45384, 1859, 31
45388, 1859, 32
45392, 1858, 32
45396, 1858, 30
45400, 1858, 29
45403, 1858, 29
45407, 1858, 29
45411, 1858, 26
45415, 1859, 24
45420, 1858, 25
45424, 1859, 26
45428, 1858, 25
45433, 1858, 24
45437, 1858, 23
45440, 1858, 22
45444, 1858, 21
45448, 1858, 20
45453, 1858, 20
45456, 1858, 18
45460, 1858, 17
45463, 1858, 17
45466, 1858, 18
45470, 1858, 19
45473, 1858, 20
45476, 1858, 20
45479, 1858, 18
45482, 1858, 18
45485, 1858, 17
45489, 1858, 18
45492, 1858, 17
45496, 1857, 17
45500, 1858, 17
45504, 1858, 16
45508, 1858, 16
45512, 1858, 15
45516, 1858, 14
45520, 1858, 14
45524, 1858, 14
45528, 1858, 12
45532, 1858, 11
45536, 1858, 12
45540, 1858, 12
45544, 1858, 13
45548, 1858, 12
45552, 1858, 11
45555, 1858, 12
45560, 1858, 11
45564, 1858, 11
45568, 1858, 10
45571, 1859, 9
45575, 1858, 9
45578, 1858, 9
45581, 1858, 9
45584, 1858, 10
45587, 1858, 9
45590, 1858, 9
45594, 1858, 8
45598, 1858, 7
45601, 1858, 7
45604, 1858, 6
45608, 1858, 5
45613, 1858, 5
45616, 1858, 5
45619, 1858, 5
45624, 1858, 5
45628, 1858, 5
45632, 1858, 3
45635, 1858, 3
45639, 1858, 2
45644, 1858, 3
45648, 1858, 3
45651, 1858, 1
45655, 1858, 2
45660, 1858, 1
45664, 1858, 0
