
20503, -17156.26
20505, -17159.18
20507, -17161.91
20509, -17165.01
20511, -17168.17
20513, -17171.62
20515, -17174.83
20517, -17178.46
20519, -17181.38
20522, -17184.26
20524, -17187.95
20527, -17191.62
20529, -17195.09
20531, -17198.60
20533, -17201.64
20535, -17204.57
20537, -17207.30
20539, -17210.38
20540, -17213.17
20542, -17215.82
20544, -17218.84
20546, -17221.66
20548, -17224.75
20550, -17228.08
20552, -17231.32
20554, -17234.71
20556, -17237.42
20558, -17240.04
20560, -17243.23
20561, -17246.07
20563, -17249.19
20565, -17252.28
20567, -17254.63
20569, -17257.55
20571, -17260.61
20573, -17263.59
20575, -17266.50
20577, -17269.26
20578, -17272.84
20580, -17276.26
20582, -17279.00
20584, -17282.00
20586, -17285.35
20588, -17288.39
20590, -17290.94
20592, -17293.48
20594, -17296.76
20596, -17299.81
20598, -17302.45
20600, -17305.48
20602, -17308.46
20603, -17311.94
20605, -17315.17
20607, -17318.01
20609, -17321.60
20611, -17324.72
20613, -17327.11
20615, -17329.78
20617, -17332.51
20618, -17335.73
20620, -17339.14
20622, -17341.98
20624, -17345.04
20627, -17348.26
20629, -17351.68
20631, -17355.18
20632, -17357.62
20634, -17360.34
20636, -17363.62
20638, -17366.72
20640, -17369.59
20642, -17372.53
20644, -17376.25
20646, -17379.40
20648, -17381.95
20650, -17385.07
20652, -17387.82
20653, -17390.97
20655, -17394.27
20657, -17397.39
20659, -17400.69
20661, -17403.61
20663, -17406.31
20665, -17409.12
20667, -17412.02
20669, -17415.42
20671, -17418.65
20673, -17421.64
20674, -17424.82
20676, -17427.43
20678, -17429.99
20680, -17433.49
20682, -17436.77
20684, -17439.87
20686, -17442.91
20688, -17445.91
20690, -17448.94
20692, -17451.72
20694, -17455.16
20696, -17458.54
20698, -17461.31
20699, -17464.16
20701, -17467.39
20703, -17470.90
20705, -17473.98
20707, -17476.51
20709, -17479.71
20711, -17482.35
20713, -17484.96
20715, -17488.39
20717, -17491.63
20719, -17494.75
20721, -17498.04
20722, -17501.00
20724, -17504.23
20726, -17507.36
20728, -17510.53
20730, -17513.49
20732, -17516.29
20734, -17519.89
20736, -17523.36
20738, -17526.29
20740, -17529.21
20742, -17531.68
20744, -17534.83
20746, -17538.49
20748, -17541.84
20750, -17545.04
20752, -17547.77
20754, -17551.08
20756, -17554.05
20758, -17556.79
20760, -17559.71
20762, -17562.62
20764, -17566.10
20765, -17569.25
20768, -17572.37
20769, -17575.41
20771, -17578.24
20773, -17581.15
20775, -17584.68
20777, -17587.94
20779, -17591.58
20781, -17594.58
20783, -17597.46
20785, -17600.53
20787, -17603.13
20789, -17606.70
20791, -17609.97
20794, -17613.16
20796, -17616.40
20797, -17619.23
20799, -17622.44
20802, -17626.02
20804, -17629.68
20806, -17632.73
20808, -17635.81
20811, -17639.29
20813, -17642.89
20815, -17646.53
20817, -17649.80
20819, -17652.67
20821, -17655.53
20823, -17658.59
20825, -17661.93
20827, -17664.78
20829, -17668.17
20831, -17671.57
20833, -17674.32
20835, -17677.51
20837, -17680.72
20839, -17683.94
20841, -17687.00
20843, -17689.71
20845, -17692.96
20847, -17696.20
20849, -17699.41
20851, -17702.08
20853, -17704.67
20855, -17708.41
20857, -17711.31
20859, -17714.03
20861, -17717.60
20863, -17720.42
20865, -17723.32
20867, -17726.80
20869, -17730.57
20871, -17733.56
20873, -17735.82
20875, -17738.72
20877, -17742.06
20879, -17745.29
20881, -17748.41
20883, -17751.77
20885, -17755.03
20887, -17757.62
20889, -17760.31
20891, -17763.22
20893, -17765.99
20895, -17769.28
20897, -17772.38
20899, -17775.26
20901, -17778.17
20903, -17780.66
20905, -17784.17
20909, -17790.13
20911, -17792.70
20913, -17795.63
20915, -17798.95
20918, -17802.30
20920, -17805.76
20922, -17808.92
20924, -17811.34
20926, -17813.77
20927, -17816.41
20929, -17819.46
20931, -17822.56
20933, -17825.33
20935, -17828.38
20937, -17831.19
20939, -17833.68
20941, -17836.38
20943, -17839.32
20945, -17842.49
20947, -17845.54
20949, -17848.90
20951, -17852.05
20953, -17854.69
20956, -17857.88
20958, -17860.61
20960, -17864.01
20962, -17867.16
20964, -17869.91
20966, -17873.34
20968, -17876.13
20970, -17878.83
20972, -17881.70
20974, -17884.37
20976, -17887.19
20978, -17889.90
20980, -17893.55
20982, -17896.70
20984, -17899.29
20986, -17902.08
20988, -17904.68
20990, -17907.80
20992, -17910.60
20994, -17912.85
20996, -17915.67
20998, -17918.63
21000, -17921.82
21001, -17924.89
21003, -17927.48
21005, -17930.49
21007, -17933.00
21009, -17935.32
21011, -17937.96
21013, -17940.49
21015, -17944.10
21017, -17947.08
21019, -17949.12
21021, -17951.83
21023, -17954.66
21025, -17957.89
21027, -17960.81
21028, -17962.97
21030, -17966.20
21032, -17969.39
21034, -17971.98
21036, -17974.95
21038, -17977.48
21040, -17980.36
21042, -17983.17
21044, -17985.60
21046, -17988.59
21048, -17991.36
21050, -17994.61
21052, -17997.34
21054, -17999.53
21055, -18002.79
21057, -18005.49
21060, -18008.08
21062, -18011.17
21064, -18013.88
21066, -18016.98
21068, -18020.41
21070, -18023.42
21072, -18026.27
21074, -18029.14
21076, -18032.20
21078, -18035.11
21080, -18038.26
21082, -18041.13
21084, -18044.06
21086, -18047.21
21088, -18049.88
21090, -18053.11
21092, -18056.15
21094, -18058.65
21096, -18061.78
21098, -18064.45
21100, -18067.01
21102, -18069.50
21104, -18072.05
21106, -18075.54
21107, -18078.73
21109, -18081.68
21111, -18084.89
21113, -18087.67
21115, -18090.59
21117, -18093.56
21119, -18096.50
21121, -18099.10
21123, -18101.85
21125, -18105.19
21127, -18108.05
21129, -18110.57
21131, -18113.49
21133, -18116.50
21135, -18119.58
21136, -18122.36
21138, -18124.99
21140, -18128.03
21142, -18130.83
21144, -18133.75
21146, -18136.38
21148, -18138.75
21150, -18142.08
21152, -18145.25
21154, -18147.66
21156, -18150.76
21158, -18153.89
21160, -18156.74
21161, -18159.93
21163, -18163.03
21165, -18166.28
21167, -18169.43
21169, -18172.27
21171, -18174.97
21173, -18177.49
21175, -18180.47
21177, -18183.46
21179, -18186.47
21181, -18189.99
21183, -18192.72
21184, -18195.37
21186, -18198.48
21188, -18201.27
21190, -18204.35
21192, -18207.48
21194, -18210.35
21196, -18213.49
21198, -18216.50
21200, -18219.71
21202, -18222.85
21204, -18225.42
21206, -18228.47
21208, -18231.25
21210, -18234.13
21211, -18237.37
21213, -18240.41
21215, -18243.90
21217, -18246.98
21219, -18249.54
21221, -18252.48
21223, -18255.50
21225, -18258.27
21227, -18261.16
21229, -18264.31
21231, -18267.83
21232, -18271.06
21234, -18273.81
21236, -18277.14
21238, -18280.27
21240, -18283.44
21242, -18286.65
21244, -18289.97
21246, -18293.41
21248, -18297.10
21250, -18300.27
21252, -18303.51
21255, -18306.67
21257, -18310.23
21259, -18313.12
21261, -18316.57
21263, -18320.02
21265, -18323.65
21267, -18327.25
21269, -18330.24
21271, -18333.98
21273, -18337.06
21275, -18339.55
21277, -18342.96
21279, -18346.29
21281, -18349.76
21283, -18353.23
21285, -18356.76
21287, -18360.30
21289, -18363.60
21291, -18367.25
21294, -18371.05
21296, -18374.23
21298, -18377.32
21300, -18379.70
21302, -18383.16
21303, -18387.00
21305, -18390.42
21307, -18393.45
21309, -18396.03
21311, -18399.51
21313, -18403.02
21315, -18406.36
21317, -18410.04
21319, -18413.12
21321, -18416.92
21323, -18420.28
21325, -18423.15
21327, -18426.66
21329, -18430.09
21331, -18433.68
21333, -18437.14
21335, -18440.29
21337, -18443.40
21339, -18446.89
21341, -18450.37
21343, -18453.65
21345, -18456.97
21347, -18461.34
21349, -18464.75
21351, -18468.33
21353, -18471.50
21355, -18474.24
21357, -18478.13
21359, -18481.77
21361, -18485.46
21363, -18488.82
21365, -18491.69
21367, -18495.04
21369, -18499.04
21371, -18502.73
21373, -18506.39
21376, -18511.86
21379, -18516.05
21381, -18519.02
21383, -18522.53
21385, -18525.27
21386, -18528.38
21388, -18531.92
21390, -18535.32
21393, -18540.44
21395, -18543.86
21398, -18547.84
21400, -18551.49
21401, -18555.12
21403, -18558.64
21405, -18561.59
21407, -18564.85
21409, -18567.88
21411, -18571.59
21413, -18575.11
21415, -18577.81
21417, -18581.47
21419, -18585.21
21421, -18588.54
21423, -18592.20
21425, -18595.14
21427, -18598.99
21429, -18602.76
21431, -18606.13
21433, -18609.96
21435, -18613.19
21437, -18616.32
21439, -18619.45
21441, -18622.78
21443, -18626.23
21445, -18628.98
21447, -18632.45
21448, -18635.92
21451, -18639.98
21453, -18644.11
21455, -18647.71
21457, -18651.30
21459, -18654.63
21461, -18658.05
21463, -18661.40
21465, -18663.95
21467, -18667.16
21469, -18670.88
21471, -18674.39
21473, -18677.72
21475, -18680.66
21477, -18684.09
21479, -18687.56
21481, -18690.84
21482, -18694.07
21484, -18697.27
21486, -18700.81
21488, -18704.59
21490, -18707.80
21492, -18711.32
21494, -18714.65
21496, -18717.63
21498, -18720.62
21500, -18723.59
21502, -18727.32
21504, -18730.67
21506, -18733.93
21508, -18737.26
21510, -18740.66
21511, -18744.51
21513, -18747.54
21515, -18750.10
21517, -18753.77
21519, -18757.36
21521, -18760.46
21523, -18763.75
21525, -18766.87
21527, -18770.34
21529, -18773.75
21531, -18776.90
21533, -18780.45
21535, -18783.69
21537, -18787.34
21538, -18790.66
21540, -18793.35
21542, -18796.44
21545, -18799.91
21547, -18803.72
21549, -18807.63
21551, -18810.35
21553, -18813.40
21555, -18816.73
21557, -18820.37
21559, -18823.78
21560, -18826.85
21562, -18830.49
21564, -18833.57
21566, -18836.74
21568, -18840.02
21570, -18843.07
21572, -18846.47
21574, -18849.98
21576, -18852.96
21578, -18855.93
21580, -18858.97
21582, -18862.26
21583, -18865.58
21585, -18868.83
21587, -18872.20
21589, -18875.21
21591, -18878.11
21593, -18881.34
21595, -18884.20
21597, -18887.58
21599, -18890.55
21601, -18893.51
21603, -18896.92
21605, -18899.94
21607, -18902.96
21609, -18906.29
21611, -18909.49
21613, -18912.93
21615, -18916.31
21617, -18920.19
21619, -18923.84
21621, -18926.70
21623, -18929.79
21625, -18932.70
21627, -18935.79
21629, -18939.26
21630, -18942.17
21632, -18945.66
21634, -18949.19
21636, -18952.07
21638, -18955.04
21640, -18957.89
21642, -18961.28
21644, -18964.58
21646, -18967.35
21648, -18970.40
21650, -18973.44
21652, -18976.94
21654, -18980.20
21656, -18982.83
21658, -18986.18
21659, -18989.10
21661, -18992.11
21663, -18995.18
21665, -18998.12
21667, -19001.96
21669, -19005.52
21671, -19008.40
21673, -19011.20
21675, -19014.05
21677, -19017.30
21679, -19020.14
21681, -19022.87
21683, -19026.39
21685, -19029.40
21686, -19032.28
21688, -19035.13
21690, -19037.88
21692, -19041.46
21694, -19044.75
21696, -19047.68
21698, -19050.92
21700, -19053.46
21702, -19056.46
21704, -19059.71
21706, -19062.87
21708, -19066.81
21710, -19069.88
21711, -19071.99
21713, -19074.76
21715, -19077.98
21717, -19081.25
21719, -19084.35
21721, -19087.46
21723, -19091.03
21725, -19094.12
21727, -19097.06
21729, -19100.47
21731, -19103.44
21733, -19106.69
21735, -19109.80
21736, -19112.66
21738, -19115.78
21740, -19119.16
21742, -19122.84
21744, -19125.48
21746, -19127.59
21748, -19130.79
21750, -19134.28
21752, -19137.44
21754, -19140.46
21756, -19143.22
21758, -19146.80
21760, -19150.13
21761, -19152.80
21763, -19156.04
21765, -19159.30
21767, -19162.87
21769, -19165.69
21771, -19167.71
21773, -19171.27
21775, -19174.68
21777, -19178.13
21779, -19181.58
21781, -19184.40
21783, -19187.68
21785, -19190.64
21787, -19193.87
21789, -19196.98
21791, -19199.61
21793, -19203.18
21795, -19206.40
21797, -19209.55
21799, -19213.02
21801, -19216.29
21803, -19220.18
21805, -19223.43
21807, -19226.54
21809, -19230.09
21811, -19233.22
21813, -19236.72
21815, -19239.81
21818, -19243.44
21820, -19246.92
21822, -19249.50
21824, -19252.51
21825, -19255.51
21827, -19258.72
21829, -19261.89
21831, -19265.17
21833, -19268.54
21836, -19272.81
21839, -19277.56
21842, -19280.97
21843, -19284.01
21845, -19287.48
21848, -19292.19
21850, -19296.29
21852, -19299.84
21854, -19302.67
21856, -19305.32
21858, -19308.69
21860, -19312.09
21862, -19314.86
21864, -19318.32
21866, -19321.56
21869, -19325.53
21871, -19330.32
21874, -19333.74
21876, -19336.81
21878, -19340.42
21880, -19343.81
21882, -19346.43
21884, -19349.67
21885, -19352.84
21887, -19356.16
21889, -19359.79
21891, -19362.85
21893, -19366.13
21895, -19369.47
21897, -19372.66
21899, -19376.12
21901, -19378.81
21903, -19382.07
21905, -19385.24
21907, -19388.10
21909, -19391.79
21911, -19395.56
21913, -19399.02
21915, -19402.05
21917, -19404.60
21919, -19407.62
21921, -19410.57
21923, -19414.08
21924, -19417.52
21927, -19420.20
21928, -19423.35
21930, -19426.66
21932, -19429.58
21934, -19433.02
21936, -19436.27
21938, -19439.43
21940, -19442.54
21942, -19445.50
21944, -19448.72
21946, -19452.32
21948, -19456.50
21950, -19460.70
21953, -19464.88
21955, -19467.79
21957, -19470.45
21959, -19473.81
21961, -19476.25
21963, -19479.66
21965, -19483.48
21967, -19486.94
21971, -19492.60
21973, -19496.17
21975, -19500.11
21977, -19503.22
21980, -19506.99
21983, -19513.51
21985, -19517.25
21987, -19519.74
21989, -19522.40
21991, -19525.42
21993, -19529.14
21995, -19532.59
21997, -19535.53
21999, -19539.50
22002, -19544.11
22004, -19547.24
22007, -19552.48
22009, -19556.12
22011, -19559.15
22014, -19563.31
22016, -19567.46
22018, -19570.92
22020, -19573.96
22022, -19576.74
22024, -19579.83
22026, -19582.64
22028, -19585.96
22030, -19588.99
22032, -19591.89
22034, -19595.73
22036, -19600.00
22039, -19604.51
22042, -19608.70
22044, -19612.25
22047, -19615.85
22049, -19619.54
22051, -19622.67
22053, -19625.34
22055, -19628.69
22057, -19632.32
22059, -19635.66
22061, -19638.43
22063, -19641.06
22065, -19643.86
22066, -19646.44
22068, -19649.75
22070, -19652.82
22072, -19655.21
22074, -19658.10
22076, -19661.52
22078, -19664.48
22080, -19667.37
22082, -19670.16
22084, -19673.51
22086, -19676.73
22088, -19679.54
22090, -19682.77
22092, -19686.38
22094, -19689.87
22096, -19692.94
22098, -19695.70
22100, -19699.13
22102, -19702.29
22105, -19706.29
22107, -19709.21
22109, -19713.15
22111, -19716.15
22113, -19719.36
22116, -19722.99
22118, -19725.57
22120, -19728.99
22123, -19733.65
22125, -19736.80
22127, -19739.39
22129, -19742.82
22131, -19746.18
22132, -19748.87
22134, -19751.97
22136, -19754.80
22138, -19758.22
22140, -19761.35
22142, -19763.54
22144, -19766.50
22146, -19769.79
22148, -19772.40
22150, -19775.18
22152, -19777.85
22154, -19780.90
22155, -19783.68
22157, -19786.44
22159, -19789.84
22161, -19792.68
22163, -19795.66
22166, -19799.14
22169, -19803.45
22171, -19806.66
22173, -19809.61
22175, -19812.52
22177, -19815.34
22179, -19818.22
22181, -19821.47
22184, -19826.29
22186, -19829.60
22188, -19832.41
22191, -19835.95
22193, -19838.79
22195, -19841.70
22197, -19844.58
22199, -19848.17
22201, -19851.23
22203, -19853.94
22205, -19856.91
22207, -19859.49
22209, -19862.43
22211, -19865.21
22212, -19867.20
22214, -19870.08
22216, -19873.22
22218, -19876.08
22220, -19879.15
22222, -19881.63
22224, -19884.92
22226, -19888.05
22228, -19890.87
22230, -19893.78
22232, -19896.65
22234, -19899.85
22236, -19902.72
22239, -19905.87
22240, -19908.48
22242, -19910.75
22244, -19913.89
22246, -19917.10
22248, -19919.95
22251, -19923.46
22253, -19926.51
22256, -19930.46
22258, -19933.01
22260, -19936.21
22262, -19938.88
22264, -19941.81
22266, -19944.71
22268, -19947.21
22270, -19950.13
22272, -19953.20
22274, -19956.70
22276, -19959.65
22278, -19962.09
22280, -19965.52
22283, -19969.21
22286, -19973.50
22288, -19975.81
22290, -19978.69
22292, -19981.55
22294, -19984.53
22296, -19987.37
22298, -19990.21
22300, -19993.19
22302, -19996.10
22304, -19999.03
22306, -20002.14
22308, -20004.64
22310, -20007.71
22312, -20010.68
22314, -20013.59
22316, -20016.35
22318, -20018.54
22320, -20021.44
22322, -20024.46
22324, -20026.99
22326, -20029.74
22327, -20032.40
22329, -20034.98
22332, -20038.54
22334, -20042.14
22336, -20044.88
22338, -20047.41
22340, -20051.29
22343, -20054.74
22344, -20057.84
22346, -20060.69
22348, -20062.78
22350, -20064.96
22352, -20067.85
22354, -20070.86
22356, -20074.19
22358, -20076.62
22360, -20079.08
22362, -20082.00
22364, -20084.78
22366, -20087.54
22368, -20090.07
22370, -20093.24
22372, -20096.18
22374, -20099.20
22376, -20102.37
22378, -20104.87
22380, -20108.18
22383, -20111.40
22385, -20114.27
22387, -20116.89
22388, -20119.46
22390, -20122.21
22392, -20124.85
22394, -20127.49
22396, -20130.60
22398, -20133.60
22400, -20136.55
22402, -20139.52
22404, -20142.49
22406, -20145.39
22409, -20148.38
22411, -20151.54
22412, -20154.48
22414, -20157.47
22416, -20160.27
22418, -20162.48
22420, -20165.47
22422, -20168.27
22424, -20170.45
22426, -20173.50
22428, -20176.37
22430, -20179.91
22432, -20183.09
22435, -20186.58
22437, -20189.74
22439, -20192.17
22441, -20195.03
22443, -20197.71
22445, -20201.03
22447, -20204.87
22450, -20208.18
22452, -20211.33
22454, -20214.32
22456, -20218.26
22458, -20221.68
22460, -20224.76
22462, -20227.50
22464, -20229.82
22466, -20232.22
22468, -20234.97
22470, -20238.19
22472, -20240.86
22474, -20243.52
22476, -20246.85
22478, -20250.01
22480, -20253.07
22482, -20255.90
22484, -20258.58
22486, -20261.62
22488, -20264.60
22490, -20267.85
22492, -20270.44
22494, -20273.33
22496, -20276.56
22498, -20279.96
22500, -20284.53
22503, -20288.41
22505, -20291.79
22507, -20294.52
22509, -20297.53
22511, -20300.37
22513, -20302.81
22515, -20306.02
22518, -20309.28
22520, -20312.06
22522, -20315.92
22524, -20320.05
22527, -20323.41
22529, -20325.62
22531, -20328.77
22533, -20333.06
22536, -20336.93
22538, -20340.46
22540, -20344.59
22542, -20347.30
22544, -20349.75
22546, -20353.04
22548, -20355.90
22550, -20360.02
22553, -20363.59
22555, -20366.33
22557, -20369.94
22559, -20372.77
22562, -20376.35
22564, -20380.38
22566, -20383.74
22568, -20386.94
22570, -20390.21
22572, -20393.35
22574, -20396.20
22576, -20399.84
22578, -20403.49
22581, -20407.22
22583, -20410.92
22585, -20414.86
22587, -20417.96
22589, -20420.55
22591, -20423.96
22593, -20426.95
22595, -20429.93
22597, -20432.91
22599, -20436.18
22602, -20440.28
22604, -20444.01
22606, -20447.47
22608, -20450.83
22610, -20453.85
22612, -20457.24
22614, -20460.70
22616, -20464.38
22618, -20467.27
22621, -20471.02
22622, -20474.26
22624, -20476.98
22626, -20480.10
22628, -20483.06
22630, -20486.27
22632, -20489.19
22634, -20492.14
22636, -20495.87
22638, -20498.99
22640, -20502.06
22643, -20506.26
22645, -20510.07
22647, -20513.12
22649, -20516.29
22651, -20519.90
22653, -20523.21
22655, -20526.54
22657, -20529.95
22660, -20533.60
22662, -20536.96
22664, -20540.01
22666, -20543.59
22668, -20546.97
22670, -20549.99
22672, -20553.64
22674, -20556.64
22676, -20560.14
22678, -20563.35
22680, -20567.48
22683, -20571.37
22685, -20574.72
22687, -20577.86
22689, -20580.69
22691, -20584.08
22693, -20587.14
22695, -20589.65
22697, -20592.79
22698, -20596.30
22700, -20599.58
22702, -20602.50
22704, -20605.51
22706, -20609.17
22708, -20612.06
22710, -20614.79
22712, -20618.78
22715, -20622.67
22717, -20626.37
22719, -20630.75
22723, -20635.16
22725, -20639.11
22727, -20642.68
22729, -20646.26
22731, -20649.36
22734, -20653.40
22736, -20657.39
22739, -20662.81
22742, -20666.65
22744, -20669.42
22746, -20672.77
22748, -20675.86
22750, -20678.45
22752, -20681.71
22753, -20684.36
22755, -20687.41
22757, -20690.94
22759, -20693.75
22761, -20697.55
22763, -20700.79
22765, -20704.15
22767, -20708.14
22770, -20712.88
22774, -20717.88
22776, -20722.18
22778, -20725.33
22780, -20727.67
22782, -20730.60
22784, -20733.79
22786, -20737.53
22788, -20740.72
22790, -20743.93
22793, -20747.44
22795, -20750.60
22797, -20754.22
22799, -20758.33
22802, -20762.64
22805, -20767.72
22807, -20771.29
22810, -20774.52
22811, -20778.24
22813, -20781.35
22815, -20784.05
22819, -20789.07
22821, -20793.62
22824, -20797.96
22826, -20801.00
22828, -20803.52
22831, -20806.53
22833, -20810.34
22835, -20814.69
22837, -20818.59
22839, -20821.07
22841, -20823.79
22843, -20826.89
22845, -20829.53
22847, -20832.94
22850, -20838.34
22853, -20843.21
22856, -20847.85
22858, -20850.88
22860, -20853.47
22863, -20858.02
22866, -20861.59
22869, -20867.14
22872, -20871.63
22874, -20875.41
22876, -20878.71
22879, -20883.34
22882, -20887.93
22884, -20891.30
22886, -20894.17
22888, -20897.19
22890, -20899.91
22892, -20903.15
22895, -20906.44
22897, -20909.99
22900, -20915.26
22903, -20920.60
22906, -20924.31
22908, -20926.50
22910, -20929.12
22912, -20933.00
22914, -20936.32
22916, -20939.41
22918, -20942.26
22920, -20944.89
22922, -20948.43
22924, -20951.96
22926, -20955.16
22929, -20958.57
22931, -20961.97
22933, -20965.25
22935, -20968.05
22937, -20970.85
22939, -20973.90
22942, -20977.83
22944, -20981.11
22946, -20984.19
22948, -20987.81
22951, -20991.90
22953, -20994.98
22955, -20998.03
22958, -21001.81
22960, -21005.00
22962, -21008.79
22965, -21012.37
22967, -21015.74
22970, -21020.27
22973, -21024.38
22976, -21028.17
22978, -21031.70
22980, -21035.05
22983, -21039.04
22985, -21041.79
22987, -21045.13
22990, -21049.87
22992, -21053.28
22994, -21056.83
22997, -21060.51
23000, -21064.52
23002, -21068.38
23005, -21072.00
23007, -21075.45
23009, -21078.55
23011, -21081.85
23014, -21085.33
23016, -21088.81
23019, -21092.18
23021, -21095.30
23024, -21099.41
23026, -21102.28
23028, -21105.38
23030, -21108.38
23032, -21111.87
23034, -21114.65
23036, -21117.70
23039, -21122.52
23041, -21126.41
23043, -21129.61
23046, -21132.97
23048, -21136.45
23051, -21141.04
23054, -21145.16
23056, -21147.90
23058, -21151.64
23060, -21154.38
23063, -21158.99
23066, -21162.28
23069, -21166.79
23072, -21171.74
23074, -21175.52
23076, -21178.36
23079, -21182.63
23082, -21186.91
23085, -21191.44
23087, -21194.63
23090, -21198.08
23092, -21201.78
23094, -21205.49
23097, -21208.87
23099, -21212.09
23102, -21216.31
23105, -21221.25
23107, -21224.17
23109, -21227.12
23110, -21229.57
23112, -21232.55
23114, -21235.53
23116, -21238.14
23118, -21241.31
23120, -21244.36
23122, -21247.60
23124, -21250.52
23126, -21252.84
23128, -21256.37
23130, -21259.71
23132, -21263.15
23135, -21267.89
23138, -21272.26
23141, -21275.72
23143, -21279.13
23145, -21282.33
23146, -21285.20
23148, -21288.11
23150, -21290.86
23152, -21293.96
23155, -21298.27
23158, -21302.23
23160, -21305.10
23162, -21308.16
23164, -21311.50
23167, -21315.49
23170, -21319.62
23173, -21324.39
23175, -21328.44
23177, -21331.53
23180, -21336.74
23182, -21340.05
23185, -21343.08
23187, -21345.85
23189, -21348.68
23190, -21351.56
23192, -21355.07
23194, -21357.92
23196, -21360.54
23200, -21365.52
23203, -21370.67
23205, -21375.06
23207, -21378.06
23209, -21380.83
23212, -21385.73
23215, -21389.46
23217, -21392.26
23218, -21395.17
23220, -21398.14
23222, -21401.51
23225, -21404.84
23227, -21407.65
23229, -21411.87
23232, -21416.69
23235, -21421.29
23238, -21425.57
23240, -21428.51
23242, -21431.51
23244, -21434.51
23246, -21437.52
23248, -21441.50
23251, -21446.95
23254, -21450.73
23256, -21453.95
23258, -21457.24
23261, -21460.72
23263, -21464.81
23266, -21469.96
23269, -21474.34
23271, -21477.20
23273, -21480.63
23275, -21483.83
23279, -21489.01
23281, -21493.74
23284, -21497.46
23286, -21501.20
23288, -21504.82
23290, -21507.93
23292, -21511.01
23294, -21514.03
23296, -21516.83
23298, -21520.37
23301, -21525.43
23303, -21528.44
23306, -21531.95
23308, -21535.78
23310, -21538.92
23312, -21542.09
23315, -21545.56
23316, -21548.29
23318, -21551.62
23320, -21554.57
23322, -21557.68
23325, -21561.80
23327, -21565.76
23330, -21570.48
23333, -21575.17
23335, -21578.59
23338, -21582.24
23340, -21585.78
23342, -21589.01
23344, -21592.71
23348, -21597.97
23350, -21601.74
23352, -21604.82
23354, -21607.97
23356, -21610.57
23358, -21613.55
23360, -21616.71
23362, -21619.64
23364, -21623.35
23366, -21626.78
23369, -21631.84
23372, -21636.79
23374, -21640.32
23376, -21643.27
23379, -21647.28
23381, -21650.74
23383, -21654.12
23385, -21657.15
23387, -21660.17
23389, -21663.27
23391, -21666.17
23394, -21670.28
23396, -21674.36
23399, -21678.37
23401, -21682.31
23404, -21686.60
23407, -21690.93
23409, -21694.03
23412, -21699.33
23414, -21702.20
23416, -21705.11
23418, -21709.04
23421, -21713.09
23424, -21717.27
23426, -21720.26
23429, -21724.79
23432, -21730.10
23435, -21734.54
23438, -21739.91
23441, -21744.69
23443, -21748.04
23445, -21750.81
23448, -21755.21
23450, -21759.25
23453, -21763.26
23455, -21766.60
23458, -21770.01
23460, -21773.09
23462, -21775.59
23464, -21778.73
23465, -21782.07
23467, -21785.13
23470, -21788.27
23473, -21793.41
23475, -21796.47
23477, -21799.42
23479, -21803.39
23482, -21806.90
23484, -21810.06
23486, -21813.73
23489, -21817.80
23491, -21821.36
23493, -21824.58
23496, -21827.92
23498, -21831.71
23501, -21835.90
23504, -21840.19
23507, -21844.94
23509, -21848.04
23511, -21850.79
23513, -21853.88
23515, -21856.80
23518, -21861.10
23521, -21865.89
23524, -21870.67
23526, -21873.45
23528, -21876.10
23531, -21880.84
23534, -21884.23
23536, -21888.02
23539, -21892.60
23541, -21895.40
23543, -21898.02
23545, -21900.88
23548, -21904.78
23551, -21909.03
23554, -21913.47
23556, -21916.48
23558, -21919.02
23560, -21922.53
23563, -21927.50
23565, -21930.73
23568, -21933.79
23571, -21937.77
23573, -21940.43
23574, -21943.29
23576, -21946.13
23578, -21949.30
23580, -21952.44
23582, -21955.29
23584, -21958.59
23587, -21962.01
23588, -21964.71
23591, -21967.86
23593, -21970.29
23595, -21973.17
23597, -21976.40
23601, -21980.62
23603, -21985.33
23606, -21988.89
23608, -21991.63
23611, -21996.63
23614, -21999.97
23616, -22003.68
23620, -22007.80
23621, -22010.44
23624, -22013.92
23626, -22017.08
23628, -22020.13
23632, -22024.55
23634, -22027.77
23636, -22030.70
23638, -22033.74
23640, -22036.99
23643, -22040.26
23645, -22044.21
23648, -22046.94
23650, -22050.74
23653, -22054.32
23655, -22057.58
23657, -22061.01
23660, -22065.39
23663, -22068.53
23666, -22072.53
23667, -22075.32
23671, -22079.32
23673, -22082.99
23675, -22086.03
23678, -22089.57
23680, -22093.97
23683, -22097.37
23685, -22100.05
23687, -22102.56
23689, -22105.33
23691, -22107.98
23693, -22110.63
23695, -22114.26
23698, -22119.19
23701, -22123.62
23704, -22128.12
23707, -22131.84
23709, -22134.29
23712, -22138.50
23715, -22142.61
23717, -22145.94
23721, -22150.56
23723, -22154.26
23725, -22157.15
23728, -22161.98
23731, -22165.29
23734, -22169.54
23736, -22173.79
23739, -22178.16
23741, -22181.04
23744, -22185.23
23747, -22189.13
23749, -22192.69
23752, -22196.65
23756, -22200.59
23757, -22203.38
23761, -22208.28
23763, -22211.52
23765, -22215.07
23767, -22218.60
23771, -22222.96
23773, -22226.50
23775, -22229.83
23778, -22234.15
23780, -22237.08
23783, -22241.99
23785, -22245.30
23788, -22249.84
23791, -22253.12
23794, -22258.07
23796, -22260.90
23798, -22263.33
23800, -22266.22
23802, -22269.20
23804, -22272.60
23806, -22276.32
23808, -22278.98
23810, -22282.77
23813, -22287.01
23815, -22289.53
23817, -22291.79
23819, -22294.99
23821, -22298.58
23823, -22301.40
23825, -22304.79
23827, -22307.78
23829, -22310.90
23832, -22315.07
23834, -22318.26
23837, -22322.99
23840, -22326.55
23842, -22329.67
23844, -22332.83
23846, -22336.37
23848, -22339.94
23851, -22343.84
23854, -22348.49
23857, -22352.20
23859, -22355.40
23861, -22359.27
23864, -22363.72
23867, -22368.87
23870, -22373.85
23873, -22378.75
23875, -22381.96
23878, -22386.82
23880, -22390.10
23883, -22394.14
23885, -22397.87
23888, -22402.04
23890, -22404.62
23893, -22408.86
23895, -22412.36
23897, -22416.20
23900, -22420.41
23903, -22425.96
23905, -22429.18
23907, -22431.92
23909, -22434.94
23911, -22437.97
23913, -22440.75
23915, -22444.36
23918, -22449.03
23921, -22453.16
23923, -22456.08
23925, -22459.50
23927, -22463.13
23929, -22466.44
23932, -22470.24
23934, -22473.92
23936, -22477.67
23939, -22481.47
23941, -22484.80
23943, -22488.52
23946, -22493.46
23949, -22497.06
23951, -22500.73
23953, -22503.70
23955, -22506.60
23957, -22509.51
23959, -22512.56
23961, -22516.08
23963, -22519.65
23965, -22523.83
23968, -22527.53
23971, -22532.34
23973, -22536.29
23976, -22540.22
23979, -22545.41
23982, -22549.57
23984, -22553.43
23988, -22559.22
23990, -22563.51
23992, -22567.29
23995, -22570.80
23998, -22575.24
24000, -22578.77
24002, -22582.58
24004, -22585.98
24006, -22589.91
24008, -22592.46
24010, -22595.69
24012, -22598.81
24014, -22599.38
24016, -22597.45
24020, -22591.81
24022, -22587.58
24024, -22584.67
24027, -22580.63
24029, -22576.32
24032, -22571.54
24034, -22568.16
24037, -22562.76
24040, -22557.82
24041, -22554.42
24045, -22548.92
24048, -22543.46
24050, -22539.48
24053, -22534.10
24055, -22530.54
24057, -22526.96
24059, -22523.18
24062, -22519.52
24064, -22514.13
24068, -22508.43
24071, -22502.68
24073, -22498.89
24075, -22495.51
24078, -22490.13
24080, -22486.12
24083, -22482.10
24086, -22477.51
24088, -22473.41
24090, -22469.83
24092, -22465.58
24094, -22461.99
24096, -22458.52
24099, -22455.20
24101, -22450.41
24104, -22446.60
24106, -22442.56
24109, -22436.81
24112, -22432.85
24114, -22429.36
24115, -22425.98
24117, -22422.50
24119, -22419.53
24121, -22416.31
24123, -22413.09
24125, -22409.22
24128, -22404.75
24130, -22401.47
24132, -22397.00
24135, -22392.94
24138, -22387.05
24140, -22383.71
24142, -22380.23
24144, -22376.64
24147, -22372.63
24149, -22369.36
24151, -22365.16
24153, -22361.33
24155, -22357.88
24157, -22354.09
24160, -22350.53
24161, -22347.33
24163, -22344.39
24165, -22341.42
24168, -22337.62
24170, -22333.20
24173, -22329.15
24176, -22323.28
24179, -22317.47
24182, -22312.98
24185, -22309.13
24187, -22304.36
24190, -22300.69
24192, -22296.83
24194, -22293.57
24196, -22289.38
24199, -22284.29
24202, -22280.12
24204, -22276.64
24206, -22272.57
24209, -22268.43
24212, -22264.54
24214, -22261.07
24216, -22257.01
24219, -22251.75
24222, -22247.79
24224, -22244.79
24226, -22241.59
24228, -22238.79
24230, -22236.33
24232, -22232.70
24234, -22228.52
24237, -22223.53
24239, -22220.31
24241, -22217.09
24243, -22213.42
24246, -22208.77
24248, -22205.45
24251, -22200.53
24255, -22195.18
24257, -22191.96
24259, -22188.46
24261, -22185.03
24263, -22182.11
24266, -22177.76
24269, -22172.01
24272, -22167.65
24274, -22164.76
24276, -22161.40
24278, -22157.84
24280, -22154.45
24283, -22150.34
24286, -22145.20
24288, -22141.92
24290, -22139.11
24292, -22136.02
24295, -22132.01
24298, -22128.12
24301, -22122.78
24304, -22117.37
24306, -22114.12
24309, -22109.86
24311, -22106.00
24313, -22102.77
24316, -22098.43
24319, -22094.03
24322, -22090.03
24324, -22086.71
24327, -22081.25
24330, -22075.84
24333, -22071.32
24336, -22066.99
24338, -22063.85
24340, -22061.38
24342, -22058.20
24344, -22054.75
24346, -22051.73
24348, -22048.17
24350, -22044.61
24353, -22040.65
24355, -22037.38
24357, -22033.95
24359, -22029.72
24362, -22025.48
24364, -22021.44
24367, -22017.41
24370, -22012.42
24372, -22008.91
24374, -22005.87
24378, -22000.92
24380, -21997.77
24382, -21993.67
24385, -21989.02
24388, -21984.24
24390, -21980.67
24393, -21976.76
24396, -21970.74
24398, -21967.39
24401, -21964.34
24403, -21960.32
24406, -21956.30
24409, -21950.87
24412, -21946.56
24414, -21943.29
24416, -21940.44
24418, -21937.08
24420, -21933.60
24422, -21930.35
24424, -21926.51
24428, -21921.20
24430, -21918.00
24432, -21914.69
24434, -21911.66
24437, -21906.73
24439, -21903.20
24441, -21900.01
24443, -21896.63
24446, -21892.69
24448, -21888.99
24450, -21885.28
24452, -21881.78
24454, -21877.94
24456, -21874.95
24459, -21871.34
24461, -21867.72
24463, -21864.37
24465, -21860.69
24468, -21856.57
24470, -21852.97
24472, -21849.31
24474, -21846.08
24477, -21841.43
24480, -21837.73
24482, -21833.29
24485, -21829.17
24487, -21825.21
24489, -21822.05
24491, -21818.40
24494, -21814.38
24496, -21811.34
24498, -21807.84
24500, -21804.03
24503, -21800.28
24505, -21796.41
24508, -21790.68
24511, -21785.02
24514, -21781.08
24517, -21776.72
24519, -21772.95
24521, -21769.53
24523, -21766.16
24525, -21762.66
24527, -21759.08
24531, -21753.77
24533, -21749.85
24535, -21746.29
24537, -21742.86
24539, -21739.35
24541, -21735.85
24544, -21732.31
24546, -21727.73
24548, -21724.22
24551, -21720.50
24553, -21716.66
24555, -21712.68
24557, -21709.16
24559, -21705.56
24561, -21702.19
24563, -21699.00
24565, -21696.02
24567, -21692.19
24570, -21687.07
24572, -21683.29
24574, -21679.92
24577, -21676.08
24579, -21672.15
24581, -21669.21
24583, -21665.62
24585, -21661.72
24588, -21657.84
24590, -21654.41
24593, -21648.81
24595, -21643.96
24599, -21639.07
24601, -21635.58
24603, -21631.80
24604, -21628.38
24607, -21623.14
24610, -21619.01
24612, -21614.85
24615, -21610.64
24618, -21606.00
24620, -21601.05
24622, -21597.49
24624, -21593.94
24626, -21589.94
24629, -21586.48
24631, -21583.54
24634, -21579.10
24636, -21575.11
24638, -21571.54
24640, -21568.04
24642, -21564.37
24644, -21559.96
24647, -21555.54
24649, -21551.79
24651, -21548.22
24654, -21544.13
24655, -21540.67
24658, -21536.18
24660, -21532.34
24662, -21528.09
24665, -21523.09
24667, -21519.71
24669, -21516.36
24671, -21513.43
24673, -21509.99
24675, -21506.53
24678, -21501.66
24681, -21496.84
24683, -21493.32
24686, -21487.84
24688, -21484.00
24690, -21480.24
24692, -21476.44
24695, -21472.45
24697, -21468.63
24699, -21465.43
24701, -21461.79
24704, -21457.13
24706, -21453.77
24708, -21449.64
24711, -21445.59
24713, -21441.71
24715, -21438.05
24718, -21432.59
24721, -21428.57
24723, -21425.41
24726, -21419.46
24729, -21414.07
24731, -21410.83
24733, -21406.88
24736, -21401.78
24738, -21397.81
24741, -21393.18
24743, -21389.76
24745, -21385.40
24747, -21381.82
24750, -21377.40
24753, -21372.44
24755, -21369.10
24758, -21364.19
24761, -21359.00
24763, -21355.47
24766, -21351.04
24769, -21346.11
24772, -21341.64
24774, -21338.73
24776, -21335.40
24778, -21330.94
24780, -21327.73
24783, -21322.67
24786, -21317.39
24788, -21313.62
24791, -21309.76
24793, -21306.14
24795, -21302.56
24797, -21299.21
24800, -21294.46
24802, -21291.08
24804, -21286.75
24807, -21282.19
24810, -21278.09
24812, -21275.29
24814, -21271.02
24817, -21266.09
24820, -21261.38
24822, -21258.11
24824, -21254.35
24827, -21249.75
24830, -21245.69
24833, -21239.99
24835, -21236.29
24837, -21232.53
24839, -21229.13
24842, -21225.65
24844, -21221.81
24847, -21217.14
24850, -21212.59
24852, -21208.85
24855, -21205.07
24857, -21201.90
24859, -21197.97
24861, -21194.79
24863, -21191.86
24865, -21188.68
24867, -21185.76
24868, -21182.35
24870, -21179.38
24872, -21176.38
24875, -21172.48
24878, -21167.27
24881, -21162.02
24883, -21158.40
24886, -21153.96
24888, -21150.42
24890, -21146.88
24892, -21143.92
24894, -21140.46
24896, -21137.41
24900, -21132.09
24902, -21128.17
24904, -21124.47
24907, -21120.78
24909, -21116.89
24911, -21113.68
24914, -21109.00
24917, -21104.47
24920, -21099.64
24922, -21096.48
24925, -21091.12
24928, -21086.99
24931, -21082.18
24933, -21078.49
24936, -21073.76
24938, -21070.07
24940, -21066.50
24942, -21063.13
24946, -21058.66
24948, -21054.25
24951, -21050.42
24953, -21045.61
24955, -21042.27
24959, -21037.45
24961, -21033.42
24964, -21029.01
24967, -21024.61
24970, -21019.57
24972, -21016.69
24975, -21011.80
24978, -21007.13
24981, -21002.93
24983, -20999.02
24986, -20995.06
24987, -20992.04
24989, -20988.31
24991, -20984.93
24993, -20981.38
24996, -20976.24
24999, -20972.70
25001, -20968.63
25003, -20965.27
25005, -20962.42
25008, -20958.54
25010, -20953.76
25013, -20949.59
25016, -20944.37
25018, -20940.52
25021, -20936.53
25023, -20932.12
25026, -20928.02
25029, -20923.32
25031, -20919.35
25034, -20914.50
25036, -20910.34
25039, -20906.89
25041, -20903.32
25044, -20897.67
25046, -20893.44
25050, -20889.17
25053, -20883.45
25055, -20879.70
25057, -20875.94
25060, -20871.08
25063, -20867.49
25065, -20863.34
25068, -20859.54
25070, -20855.49
25073, -20850.45
25075, -20846.37
25078, -20841.97
25081, -20836.94
25083, -20833.37
25085, -20829.46
25087, -20826.34
25090, -20821.54
25093, -20817.04
25096, -20811.68
25098, -20808.56
25100, -20804.97
25102, -20801.64
25104, -20797.99
25106, -20794.18
25108, -20790.39
25110, -20786.92
25113, -20783.07
25115, -20779.09
25118, -20773.95
25120, -20769.60
25122, -20766.04
25125, -20761.68
25128, -20756.50
25130, -20752.55
25133, -20747.19
25136, -20742.80
25138, -20739.17
25141, -20734.35
25144, -20728.81
25146, -20725.33
25150, -20719.81
25152, -20715.37
25154, -20712.19
25156, -20708.02
25160, -20702.17
25162, -20698.69
25164, -20694.73
25167, -20689.57
25170, -20685.16
25172, -20681.48
25174, -20677.12
25176, -20673.02
25178, -20669.78
25180, -20666.13
25182, -20663.06
25184, -20659.82
25186, -20656.71
25188, -20653.62
25190, -20649.93
25192, -20646.68
25194, -20643.51
25196, -20639.83
25197, -20636.69
25201, -20631.09
25203, -20627.23
25205, -20623.74
25207, -20620.63
25209, -20617.61
25210, -20614.08
25212, -20611.26
25214, -20607.70
25218, -20601.14
25220, -20596.67
25222, -20593.41
25224, -20589.73
25227, -20586.06
25229, -20581.92
25231, -20578.04
25234, -20572.78
25236, -20569.15
25238, -20566.30
25241, -20562.18
25244, -20556.48
25247, -20551.46
25250, -20546.11
25252, -20542.16
25254, -20538.74
25256, -20535.04
25259, -20531.04
25261, -20526.85
25264, -20521.42
25267, -20516.39
25269, -20512.24
25271, -20509.13
25274, -20505.26
25276, -20501.47
25278, -20498.51
25280, -20495.12
25282, -20491.83
25283, -20488.89
25285, -20485.19
25287, -20481.60
25289, -20478.28
25291, -20474.62
25294, -20470.74
25297, -20466.04
25300, -20460.81
25302, -20457.48
25304, -20454.51
25306, -20451.26
25308, -20448.19
25311, -20443.45
25314, -20435.95
25317, -20432.50
25319, -20428.40
25321, -20424.84
25324, -20421.79
25325, -20418.71
25328, -20415.38
25330, -20412.41
25332, -20408.88
25334, -20405.48
25336, -20401.28
25338, -20398.36
25340, -20394.07
25343, -20390.55
25346, -20385.45
25349, -20380.61
25351, -20377.14
25353, -20374.03
25355, -20370.50
25357, -20366.97
25360, -20362.87
25362, -20358.79
25364, -20355.82
25366, -20352.46
25368, -20349.17
25370, -20345.85
25372, -20342.41
25375, -20336.45
25377, -20333.38
25379, -20330.47
25381, -20327.06
25384, -20323.32
25386, -20320.14
25388, -20316.89
25390, -20313.15
25392, -20310.07
25394, -20307.50
25395, -20304.32
25398, -20300.39
25400, -20295.81
25403, -20292.32
25405, -20289.16
25408, -20284.65
25410, -20281.16
25413, -20276.91
25416, -20271.71
25418, -20268.04
25420, -20264.55
25423, -20259.75
25426, -20255.58
25429, -20251.29
25431, -20247.67
25433, -20244.72
25435, -20241.19
25437, -20237.74
25439, -20234.53
25441, -20231.25
25443, -20228.31
25445, -20225.12
25447, -20222.10
25449, -20219.69
25451, -20216.61
25453, -20213.54
25455, -20210.66
25457, -20207.04
25459, -20203.21
25461, -20199.94
25463, -20197.26
25465, -20194.03
25467, -20190.36
25469, -20187.45
25471, -20184.28
25473, -20181.32
25475, -20178.38
25477, -20175.39
25479, -20172.82
25481, -20169.85
25483, -20166.30
25485, -20162.42
25487, -20159.14
25490, -20155.85
25493, -20152.01
25495, -20148.64
25497, -20145.05
25499, -20141.47
25501, -20138.63
25503, -20136.05
25505, -20132.82
25507, -20129.60
25509, -20126.94
25511, -20123.65
25513, -20120.93
25515, -20118.39
25517, -20115.03
25519, -20112.21
25521, -20108.97
25523, -20106.17
25525, -20103.20
25527, -20099.54
25529, -20096.75
25531, -20093.30
25533, -20089.94
25535, -20086.65
25537, -20083.83
25539, -20081.41
25541, -20078.46
25543, -20075.68
25545, -20072.79
25547, -20069.61
25549, -20066.75
25551, -20063.36
25553, -20060.32
25555, -20057.81
25557, -20054.91
25558, -20052.19
25560, -20049.35
25562, -20046.23
25564, -20043.83
25566, -20041.16
25568, -20038.05
25570, -20035.24
25572, -20032.28
25574, -20029.45
25576, -20025.44
25578, -20021.99
25580, -20018.91
25583, -20014.65
25586, -20010.71
25588, -20007.31
25590, -20004.25
25593, -20000.78
25595, -19998.18
25598, -19993.71
25600, -19989.94
25603, -19986.38
25605, -19983.05
25608, -19978.16
25610, -19975.47
25612, -19972.55
25615, -19967.53
25617, -19964.43
25619, -19961.54
25621, -19958.51
25623, -19955.51
25625, -19952.74
25627, -19949.88
25629, -19947.14
25631, -19943.74
25633, -19940.47
25635, -19938.18
25637, -19934.89
25639, -19931.95
25641, -19929.12
25643, -19925.76
25645, -19922.93
25647, -19919.21
25649, -19915.86
25651, -19912.95
25653, -19910.00
25655, -19907.68
25657, -19904.29
25659, -19900.83
25662, -19897.02
25664, -19893.91
25666, -19890.53
25668, -19887.59
25670, -19884.97
25672, -19881.79
25675, -19876.34
25677, -19873.21
25679, -19870.58
25681, -19867.56
25682, -19864.08
25684, -19861.46
25686, -19858.36
25689, -19854.73
25691, -19851.31
25693, -19848.36
25695, -19845.93
25697, -19842.49
25699, -19839.49
25700, -19836.95
25702, -19833.79
25705, -19830.48
25707, -19826.61
25710, -19823.01
25713, -19817.64
25716, -19813.09
25718, -19809.72
25720, -19807.23
25722, -19803.71
25725, -19798.93
25727, -19795.27
25729, -19792.20
25731, -19789.29
25732, -19785.92
25734, -19783.35
25736, -19780.44
25738, -19777.43
25740, -19774.65
25742, -19771.28
25744, -19768.16
25746, -19764.65
25748, -19761.33
25750, -19758.59
25752, -19755.35
25754, -19752.16
25756, -19748.97
25758, -19745.74
25760, -19743.08
25761, -19739.79
25763, -19736.36
25765, -19733.57
25767, -19730.30
25769, -19727.06
25772, -19723.20
25774, -19719.46
25776, -19716.33
25779, -19711.55
25781, -19708.08
25783, -19704.58
25785, -19701.98
25787, -19698.09
25790, -19693.83
25792, -19689.98
25795, -19684.66
25797, -19681.17
25799, -19678.16
25802, -19673.46
25804, -19669.67
25806, -19665.16
25809, -19660.85
25811, -19657.60
25813, -19654.50
25815, -19651.55
25818, -19646.57
25820, -19643.60
25822, -19639.90
25825, -19634.66
25827, -19631.04
25829, -19626.86
25832, -19621.40
25835, -19617.04
25837, -19613.50
25839, -19609.21
25842, -19604.79
25844, -19601.31
25847, -19597.09
25849, -19593.26
25851, -19590.19
25853, -19586.64
25855, -19583.06
25858, -19578.17
25860, -19574.99
25862, -19571.56
25864, -19567.97
25866, -19564.74
25868, -19560.90
25870, -19557.67
25872, -19553.42
25874, -19550.18
25877, -19546.12
25879, -19541.10
25882, -19536.15
25884, -19531.88
25886, -19528.17
25889, -19524.30
25891, -19521.31
25893, -19517.47
25896, -19512.92
25898, -19508.98
25900, -19505.48
25902, -19501.39
25905, -19497.75
25906, -19494.16
25909, -19489.99
25911, -19486.22
25913, -19482.41
25915, -19479.26
25916, -19475.88
25919, -19472.01
25920, -19469.04
25923, -19464.95
25926, -19459.33
25928, -19455.81
25931, -19450.69
25933, -19445.95
25936, -19441.62
25938, -19438.16
25940, -19434.73
25943, -19429.96
25945, -19425.48
25947, -19421.47
25950, -19416.49
25952, -19413.45
25955, -19407.99
25957, -19404.35
25959, -19401.13
25962, -19395.42
25965, -19390.07
25968, -19386.05
25970, -19382.67
25972, -19379.11
25974, -19375.22
25976, -19371.67
25978, -19367.62
25980, -19364.52
25982, -19361.08
25985, -19356.97
25987, -19353.17
25989, -19348.98
25991, -19345.73
25993, -19342.38
25995, -19339.19
25997, -19335.65
25999, -19332.28
26001, -19329.05
26003, -19325.07
26005, -19321.73
26007, -19318.57
26009, -19314.89
26012, -19309.58
26015, -19303.95
26018, -19299.81
26020, -19296.00
26022, -19291.85
26024, -19288.13
26026, -19285.56
26028, -19282.02
26030, -19278.34
26032, -19274.96
26034, -19271.56
26036, -19268.54
26038, -19264.98
26040, -19261.57
26043, -19256.67
26046, -19250.78
26048, -19247.44
26050, -19244.21
26052, -19240.89
26054, -19236.92
26057, -19232.50
26059, -19228.91
26062, -19222.85
26064, -19219.19
26066, -19216.33
26068, -19212.92
26071, -19208.97
26073, -19204.38
26076, -19199.78
26079, -19195.35
26081, -19192.18
26082, -19188.60
26084, -19185.24
26086, -19182.14
26088, -19178.58
26091, -19173.21
26094, -19169.41
26096, -19164.96
26099, -19160.69
26101, -19157.41
26103, -19153.94
26105, -19149.74
26108, -19145.38
26110, -19140.84
26112, -19137.38
26114, -19134.19
26116, -19131.35
26118, -19127.69
26120, -19123.97
26123, -19118.61
26125, -19114.99
26128, -19111.25
26129, -19108.10
26131, -19105.24
26133, -19101.62
26135, -19098.26
26137, -19094.56
26139, -19090.71
26141, -19088.08
26143, -19084.58
26145, -19081.00
26147, -19078.29
26149, -19075.15
26151, -19072.11
26153, -19068.46
26155, -19065.30
26157, -19061.96
26159, -19058.39
26161, -19055.36
26163, -19051.63
26165, -19047.75
26167, -19045.11
26169, -19041.92
26171, -19038.36
26173, -19034.50
26175, -19031.32
26177, -19028.16
26179, -19024.71
26182, -19018.91
26185, -19014.26
26187, -19010.29
26189, -19006.98
26192, -19002.32
26194, -18998.95
26196, -18995.99
26198, -18992.88
26200, -18989.28
26202, -18985.91
26204, -18981.84
26206, -18978.36
26208, -18975.02
26210, -18971.55
26212, -18968.14
26214, -18964.92
26216, -18962.00
26218, -18958.32
26220, -18954.57
26222, -18951.44
26224, -18948.20
26226, -18944.85
26228, -18941.26
26230, -18937.65
26232, -18934.77
26234, -18931.68
26235, -18928.63
26237, -18925.30
26239, -18921.58
26241, -18918.47
26243, -18915.01
26247, -18910.11
26249, -18906.62
26250, -18903.40
26252, -18900.11
26254, -18896.53
26256, -18893.28
26258, -18889.86
26260, -18886.12
26262, -18882.80
26264, -18879.85
26266, -18876.64
26268, -18872.57
26270, -18868.85
26272, -18865.70
26275, -18861.76
26277, -18857.10
26279, -18853.39
26282, -18849.35
26284, -18844.46
26286, -18841.08
26289, -18837.49
26291, -18834.20
26293, -18829.59
26296, -18823.45
26300, -18817.92
26302, -18814.65
26304, -18811.03
26306, -18807.37
26308, -18804.44
26310, -18800.58
26313, -18796.53
26315, -18791.52
26318, -18787.75
26319, -18783.90
26321, -18780.59
26323, -18776.96
26326, -18772.62
26328, -18767.60
26331, -18763.63
26333, -18759.45
26335, -18756.14
26337, -18752.94
26340, -18749.13
26342, -18744.06
26346, -18738.73
26348, -18734.72
26350, -18730.04
26352, -18726.69
26355, -18722.81
26357, -18717.70
26360, -18714.04
26361, -18711.05
26363, -18707.33
26365, -18703.72
26367, -18700.35
26369, -18696.67
26371, -18693.16
26374, -18688.57
26377, -18683.38
26380, -18678.04
26383, -18672.53
26385, -18669.00
26387, -18664.65
26390, -18660.24
26392, -18656.38
26394, -18651.86
26396, -18648.49
26398, -18644.97
26400, -18641.05
26402, -18637.21
26406, -18631.64
26408, -18626.99
26411, -18621.18
26414, -18616.32
26416, -18612.86
26418, -18609.49
26420, -18605.84
26422, -18602.47
26424, -18598.26
26426, -18594.86
26428, -18591.57
26430, -18587.48
26432, -18583.94
26434, -18580.06
26436, -18576.51
26439, -18571.84
26441, -18568.00
26443, -18564.11
26446, -18559.71
26448, -18555.98
26450, -18552.42
26452, -18549.13
26455, -18543.64
26457, -18539.61
26459, -18535.49
26461, -18532.04
26463, -18528.70
26465, -18525.33
26467, -18522.03
26469, -18517.97
26472, -18513.09
26475, -18508.27
26477, -18504.79
26479, -18500.99
26481, -18496.71
26483, -18492.97
26485, -18488.92
26488, -18484.41
26490, -18480.04
26493, -18476.43
26495, -18472.34
26497, -18469.03
26499, -18464.43
26501, -18460.23
26504, -18454.73
26506, -18450.92
26509, -18446.05
26511, -18442.19
26513, -18439.13
26515, -18435.81
26517, -18432.55
26519, -18428.84
26521, -18425.24
26523, -18421.35
26525, -18417.71
26527, -18415.13
26529, -18411.61
26531, -18408.16
26533, -18405.32
26535, -18401.94
26537, -18398.44
26539, -18394.72
26541, -18390.62
26543, -18387.28
26544, -18384.10
26546, -18381.00
26548, -18377.63
26551, -18373.57
26553, -18370.29
26555, -18366.45
26557, -18363.25
26558, -18360.32
26560, -18356.82
26563, -18353.15
26565, -18349.25
26567, -18345.86
26568, -18342.88
26570, -18339.42
26572, -18336.16
26574, -18332.64
26576, -18329.08
26578, -18325.24
26581, -18320.88
26583, -18317.67
26585, -18314.43
26587, -18311.46
26589, -18308.43
26590, -18304.95
26592, -18301.94
26594, -18298.44
26596, -18294.94
26598, -18292.44
26600, -18288.76
26602, -18285.44
26604, -18281.98
26606, -18278.30
26608, -18275.18
26610, -18271.83
26612, -18268.39
26614, -18264.73
26616, -18261.16
26618, -18258.20
26620, -18255.04
26623, -18249.12
26626, -18244.21
26629, -18239.56
26632, -18234.07
26634, -18230.37
26636, -18227.34
26638, -18223.96
26640, -18220.61
26642, -18217.54
26645, -18212.81
26647, -18208.17
26650, -18204.63
26652, -18201.53
26653, -18198.49
26656, -18195.04
26658, -18191.88
26661, -18187.01
26664, -18181.96
26666, -18178.43
26668, -18175.71
26670, -18172.28
26672, -18169.04
26674, -18165.74
26676, -18162.03
26678, -18158.96
26680, -18155.78
26682, -18152.90
26684, -18149.95
26686, -18146.51
26688, -18143.46
26690, -18139.37
26693, -18134.52
26696, -18130.20
26698, -18127.38
26700, -18123.68
26702, -18120.58
26704, -18117.31
26707, -18113.49
26709, -18109.38
26712, -18105.15
26714, -18102.78
26716, -18099.23
26718, -18096.35
26720, -18093.02
26722, -18089.02
26725, -18085.22
26728, -18080.85
26731, -18076.34
26733, -18073.42
26734, -18070.48
26736, -18067.47
26738, -18064.54
26741, -18060.15
26743, -18056.86
26745, -18053.74
26747, -18050.92
26749, -18048.41
26751, -18045.19
26753, -18041.66
26756, -18037.67
26758, -18035.01
26761, -18030.59
26763, -18026.92
26765, -18023.66
26767, -18020.71
26769, -18018.17
26771, -18015.28
26773, -18012.14
26775, -18008.97
26777, -18005.64
26779, -18002.81
26781, -17999.85
26783, -17996.33
26785, -17992.89
26787, -17989.83
26789, -17987.18
26792, -17983.60
26794, -17978.95
26797, -17975.32
26799, -17971.84
26801, -17968.55
26804, -17965.52
26807, -17961.80
26810, -17956.38
26812, -17953.14
26814, -17950.80
26815, -17947.91
26817, -17944.95
26819, -17941.67
26823, -17937.01
26825, -17932.96
26827, -17929.81
26829, -17926.65
26832, -17923.22
26833, -17920.76
26836, -17916.21
26839, -17912.62
26842, -17908.82
26844, -17905.13
26846, -17901.84
26848, -17899.08
26850, -17895.92
26852, -17892.53
26854, -17889.73
26856, -17886.53
26858, -17883.65
26861, -17879.11
26864, -17874.91
26867, -17870.98
26868, -17868.18
26871, -17864.55
26873, -17860.68
26875, -17857.63
26878, -17854.27
26880, -17851.45
26882, -17847.44
26884, -17844.69
26887, -17840.67
26890, -17834.97
26892, -17831.27
26894, -17828.69
26897, -17824.66
26899, -17820.57
26901, -17817.84
26904, -17814.11
26906, -17811.27
26908, -17808.57
26910, -17805.29
26913, -17799.85
26915, -17796.63
26917, -17793.57
26921, -17788.40
26923, -17785.51
26925, -17782.81
26927, -17779.68
26930, -17775.43
26932, -17771.78
26934, -17769.37
26936, -17765.53
26939, -17761.99
26941, -17758.93
26943, -17755.86
26945, -17752.79
26947, -17749.64
26949, -17746.80
26951, -17742.65
26953, -17739.59
26955, -17736.75
26957, -17733.64
26959, -17731.03
26961, -17727.44
26964, -17723.62
26966, -17719.81
26968, -17716.73
26970, -17713.82
26972, -17710.44
26975, -17705.44
26977, -17702.06
26980, -17697.65
26983, -17693.72
26985, -17689.71
26987, -17686.09
26990, -17681.46
26992, -17678.79
26995, -17675.25
26997, -17671.71
26999, -17668.37
27002, -17665.10
27004, -17661.63
27006, -17657.71
27009, -17652.86
27012, -17647.91
27015, -17643.20
27017, -17640.05
27019, -17637.63
27022, -17633.49
27024, -17630.38
27026, -17626.53
27029, -17621.57
27031, -17617.81
27033, -17614.53
27036, -17610.55
27038, -17606.96
27040, -17604.15
27042, -17599.93
27045, -17595.91
27047, -17593.46
27049, -17590.57
27051, -17586.39
27054, -17581.92
27057, -17577.74
27060, -17573.10
27062, -17568.86
27065, -17564.94
27067, -17561.96
27069, -17558.93
27071, -17555.41
27073, -17552.15
27075, -17549.26
27077, -17546.12
27079, -17542.31
27081, -17538.92
27083, -17535.58
27085, -17532.86
27087, -17529.49
27089, -17526.08
27091, -17521.76
27094, -17518.04
27096, -17514.29
27098, -17511.13
27100, -17508.29
27102, -17505.16
27104, -17502.31
27106, -17498.81
27108, -17495.69
27111, -17491.19
27113, -17487.90
27115, -17484.99
27117, -17481.63
27119, -17478.77
27121, -17475.41
27123, -17471.15
27126, -17466.38
27128, -17463.20
27130, -17460.17
27132, -17456.28
27135, -17452.62
27137, -17448.73
27140, -17444.86
27143, -17440.42
27145, -17436.39
27147, -17432.75
27149, -17429.83
27151, -17426.51
27153, -17423.26
27155, -17420.38
27157, -17416.95
27159, -17414.03
27161, -17411.17
27163, -17407.78
27164, -17404.91
27167, -17401.54
27169, -17398.17
27172, -17392.77
27175, -17388.49
27177, -17385.24
27178, -17382.18
27180, -17379.33
27182, -17376.06
27184, -17373.14
27186, -17369.84
27188, -17366.05
27190, -17362.71
27192, -17359.89
27194, -17357.30
27196, -17354.37
27198, -17350.97
27200, -17348.17
27202, -17345.06
27204, -17341.53
27206, -17338.20
27208, -17335.33
27210, -17332.40
27212, -17329.03
27214, -17326.03
27216, -17323.21
27217, -17319.89
27219, -17317.22
27221, -17313.89
27223, -17310.52
27225, -17307.74
27227, -17304.62
27229, -17301.51
27231, -17298.46
27233, -17295.43
27235, -17292.33
27237, -17289.00
27239, -17285.29
27241, -17281.67
27243, -17278.43
27245, -17275.47
27247, -17272.07
27249, -17269.32
27251, -17265.98
27253, -17262.46
27255, -17259.16
27257, -17255.60
27259, -17252.74
27261, -17249.89
27263, -17246.59
27265, -17243.83
27267, -17240.64
27269, -17237.75
27271, -17234.83
27273, -17230.86
27275, -17227.50
27277, -17224.28
27279, -17221.41
27281, -17218.42
27283, -17214.97
27285, -17211.96
27287, -17208.82
27289, -17205.84
27291, -17203.12
27293, -17199.19
27296, -17195.78
27297, -17192.64
27299, -17189.81
27301, -17186.26
27303, -17182.82
27306, -17179.84
27309, -17175.71
27311, -17173.06
27313, -17169.20
27315, -17165.16
27317, -17161.86
27319, -17158.58
27323, -17153.14
27325, -17148.78
27327, -17145.84
27330, -17141.94
27332, -17137.72
27334, -17134.87
27336, -17131.79
27338, -17128.60
27340, -17126.01
27342, -17122.37
27344, -17118.77
27347, -17114.54
27349, -17111.35
27351, -17107.93
27354, -17103.02
27356, -17099.68
27360, -17094.87
27363, -17089.77
27365, -17085.83
27367, -17082.46
27369, -17079.06
27372, -17075.03
27375, -17071.40
27377, -17067.55
27379, -17063.69
27381, -17060.95
27383, -17057.78
27385, -17054.88
27387, -17051.92
27389, -17048.75
27391, -17045.65
27393, -17042.37
27395, -17039.91
27397, -17037.20
27399, -17033.86
27401, -17030.84
27403, -17027.30
27405, -17024.41
27407, -17021.40
27409, -17018.64
27411, -17016.23
27413, -17012.80
27415, -17008.59
27417, -17005.43
27420, -17001.75
27422, -16997.66
27424, -16993.83
27427, -16990.38
27429, -16987.06
27431, -16983.90
27433, -16981.20
27435, -16978.38
27437, -16975.17
27439, -16972.05
27441, -16969.50
27443, -16966.24
27445, -16963.01
27446, -16959.98
27449, -16956.34
27450, -16953.37
27452, -16950.37
27454, -16947.33
27456, -16944.65
27458, -16941.53
27460, -16938.58
27462, -16935.70
27464, -16932.33
27467, -16929.24
27469, -16926.18
27471, -16922.88
27473, -16919.33
27475, -16916.33
27477, -16912.96
27479, -16909.57
27481, -16906.66
27483, -16903.29
27485, -16899.68
27488, -16896.02
27491, -16891.37
27493, -16888.16
27495, -16883.59
27498, -16879.65
27500, -16876.77
27502, -16873.93
27504, -16870.62
27506, -16867.40
27508, -16864.05
27510, -16860.82
27512, -16858.35
27513, -16855.62
27516, -16852.41
27517, -16848.99
27520, -16845.21
27522, -16841.73
27524, -16837.90
27526, -16834.65
27528, -16831.18
27531, -16827.22
27533, -16823.87
27535, -16820.16
27537, -16817.08
27540, -16812.68
27542, -16809.27
27545, -16805.00
27547, -16801.33
27549, -16797.60
27551, -16794.35
27554, -16789.77
27556, -16786.61
27559, -16782.60
27561, -16778.95
27563, -16775.54
27565, -16772.04
27567, -16769.27
27569, -16765.91
27571, -16762.18
27575, -16756.86
27577, -16753.00
27580, -16746.77
27582, -16743.27
27585, -16740.00
27586, -16737.42
27589, -16734.27
27591, -16730.41
27593, -16726.02
27595, -16722.45
27598, -16717.72
27600, -16714.50
27603, -16709.17
27605, -16705.42
27607, -16702.13
27609, -16698.80
27611, -16696.07
27613, -16692.78
27615, -16689.68
27617, -16686.76
27619, -16683.30
27621, -16680.26
27624, -16676.23
27626, -16672.32
27629, -16667.33
27631, -16664.45
27633, -16661.21
27635, -16657.65
27637, -16653.93
27640, -16648.87
27643, -16643.62
27645, -16639.54
27647, -16635.93
27650, -16632.07
27653, -16627.05
27655, -16623.55
27658, -16617.60
27661, -16613.38
27663, -16610.21
27665, -16606.90
27667, -16604.17
27669, -16600.46
27672, -16595.15
27675, -16590.75
27677, -16587.17
27680, -16582.44
27682, -16578.66
27684, -16575.38
27686, -16571.88
27689, -16566.24
27691, -16561.48
27693, -16557.77
27695, -16554.01
27697, -16551.21
27699, -16548.17
27701, -16545.23
27703, -16541.22
27705, -16538.04
27707, -16535.29
27709, -16531.95
27711, -16528.97
27713, -16525.24
27715, -16520.66
27717, -16517.39
27719, -16514.35
27721, -16511.42
27723, -16508.00
27725, -16504.22
27727, -16500.88
27729, -16497.27
27731, -16494.35
27734, -16490.79
27735, -16487.14
27738, -16482.37
27740, -16478.12
27744, -16473.42
27746, -16469.64
27748, -16465.74
27750, -16462.02
27753, -16457.43
27755, -16453.70
27758, -16447.67
27761, -16443.46
27764, -16438.71
27766, -16435.54
27768, -16431.55
27770, -16427.58
27773, -16422.33
27776, -16418.43
27779, -16413.89
27781, -16410.74
27783, -16407.87
27785, -16403.88
27788, -16398.17
27790, -16394.49
27792, -16391.11
27795, -16385.97
27797, -16382.70
27799, -16378.92
27802, -16374.08
27804, -16370.10
27806, -16366.77
27808, -16363.39
27810, -16360.46
27812, -16357.66
27814, -16353.66
27817, -16349.62
27819, -16346.23
27821, -16342.73
27823, -16339.02
27827, -16333.72
27829, -16330.51
27831, -16327.27
27833, -16324.09
27835, -16320.79
27837, -16316.99
27839, -16312.93
27842, -16307.91
27844, -16304.20
27847, -16300.03
27849, -16296.54
27851, -16293.09
27853, -16289.46
27855, -16285.68
27857, -16282.83
27859, -16279.47
27861, -16276.50
27863, -16273.75
27865, -16270.63
27867, -16267.32
27870, -16262.17
27873, -16256.39
27876, -16251.88
27879, -16246.94
27881, -16243.77
27883, -16240.36
27885, -16236.49
27888, -16232.58
27890, -16228.54
27892, -16225.21
27895, -16220.63
27897, -16217.33
27899, -16213.42
27902, -16208.88
27905, -16205.15
27908, -16200.19
27910, -16196.60
27913, -16192.02
27915, -16188.57
27918, -16183.81
27920, -16180.66
27922, -16177.62
27924, -16174.13
27926, -16170.47
27929, -16165.53
27931, -16162.60
27934, -16158.87
27936, -16155.70
27939, -16150.18
27941, -16147.01
27943, -16144.02
27945, -16141.00
27947, -16138.33
27949, -16135.16
27951, -16131.84
27954, -16127.34
27956, -16124.24
27958, -16121.34
27960, -16117.86
27963, -16112.75
27965, -16109.80
27968, -16106.52
27970, -16103.12
27972, -16099.80
27975, -16095.82
27977, -16092.09
27980, -16087.64
27982, -16084.80
27984, -16080.91
27987, -16076.79
27989, -16073.64
27991, -16070.08
27993, -16067.27
27995, -16064.14
27997, -16061.31
27999, -16058.86
28000, -16056.14
28002, -16053.46
28005, -16049.79
28007, -16046.27
28010, -16041.79
28012, -16039.60
28015, -16041.02
28018, -16044.32
28020, -16047.65
28023, -16052.37
28026, -16057.56
28028, -16061.07
28031, -16064.28
28033, -16067.30
28035, -16070.83
28037, -16073.71
28040, -16077.39
28042, -16081.06
28045, -16085.54
28047, -16088.98
28049, -16091.87
28051, -16095.20
28053, -16097.71
28055, -16100.93
28057, -16104.55
28060, -16108.19
28063, -16112.85
28065, -16116.26
28067, -16119.59
28069, -16123.07
28071, -16126.40
28073, -16129.88
28076, -16133.41
28078, -16137.24
28080, -16140.28
28082, -16143.21
28085, -16147.02
28087, -16151.58
28090, -16155.01
28092, -16158.98
28094, -16162.51
28096, -16165.65
28098, -16168.09
28102, -16172.71
28104, -16176.16
28107, -16181.09
28110, -16185.68
28112, -16189.77
28114, -16193.76
28116, -16197.06
28119, -16200.71
28121, -16204.79
28124, -16207.95
28126, -16211.01
28129, -16216.73
28131, -16219.99
28134, -16224.33
28137, -16228.60
28139, -16233.13
28142, -16236.60
28145, -16241.33
28147, -16244.81
28149, -16247.79
28151, -16251.20
28154, -16256.03
28157, -16260.95
28160, -16265.16
28162, -16268.79
28164, -16272.13
28166, -16275.54
28168, -16278.34
28170, -16281.94
28172, -16284.95
28174, -16288.26
28177, -16292.94
28179, -16296.12
28181, -16299.55
28184, -16303.42
28186, -16307.08
28189, -16312.22
28191, -16315.70
28194, -16320.23
28196, -16323.32
28198, -16326.43
28201, -16331.33
28203, -16334.78
28205, -16338.79
28208, -16342.78
28210, -16346.05
28212, -16350.30
28214, -16353.63
28217, -16357.77
28219, -16360.54
28221, -16364.56
28224, -16368.33
28226, -16372.93
28228, -16377.78
28231, -16380.82
28232, -16383.91
28235, -16387.15
28237, -16392.02
28240, -16396.29
28242, -16399.76
28244, -16402.16
28246, -16405.15
28247, -16408.07
28250, -16412.96
28253, -16418.34
28255, -16421.93
28257, -16425.43
28259, -16428.53
28261, -16431.92
28263, -16434.72
28265, -16437.87
28267, -16441.12
28269, -16443.91
28271, -16446.70
28273, -16450.38
28275, -16454.77
28278, -16458.54
28280, -16461.15
28282, -16464.76
28284, -16468.46
28286, -16471.55
28289, -16476.81
28292, -16481.87
28294, -16485.44
28297, -16489.64
28299, -16493.22
28302, -16497.73
28304, -16501.96
28306, -16505.50
28309, -16509.87
28311, -16513.62
28313, -16516.99
28315, -16520.22
28318, -16524.97
28321, -16529.55
28324, -16533.87
28327, -16539.20
28330, -16543.33
28332, -16546.89
28334, -16550.81
28337, -16555.70
28339, -16558.96
28341, -16562.95
28343, -16566.69
28345, -16569.95
28347, -16572.95
28349, -16576.31
28353, -16581.05
28354, -16584.23
28357, -16588.13
28360, -16593.79
28362, -16597.59
28364, -16600.30
28367, -16604.52
28369, -16608.13
28371, -16612.17
28373, -16615.52
28375, -16618.26
28377, -16620.92
28379, -16623.30
28381, -16626.67
28382, -16630.34
28384, -16633.30
28387, -16636.63
28389, -16640.57
28392, -16644.79
28394, -16648.56
28397, -16652.29
28399, -16655.26
28401, -16659.15
28403, -16663.38
28405, -16666.73
28407, -16670.21
28411, -16676.48
28413, -16680.41
28415, -16683.30
28417, -16686.50
28420, -16690.37
28422, -16693.92
28425, -16697.64
28427, -16701.91
28429, -16705.54
28431, -16708.83
28433, -16712.21
28436, -16717.52
28439, -16721.22
28441, -16724.90
28443, -16727.94
28445, -16730.75
28447, -16733.86
28449, -16737.16
28451, -16740.75
28453, -16744.07
28455, -16746.84
28457, -16749.98
28459, -16752.85
28461, -16756.13
28463, -16759.50
28465, -16762.35
28467, -16766.40
28470, -16770.91
28472, -16774.32
28474, -16777.42
28476, -16780.95
28478, -16784.02
28480, -16786.57
28482, -16789.29
28484, -16792.86
28486, -16796.26
28488, -16799.32
28491, -16804.32
28493, -16807.04
28494, -16809.54
28496, -16812.78
28498, -16816.18
28500, -16819.15
28502, -16822.11
28505, -16824.71
28507, -16828.01
28508, -16831.19
28510, -16834.13
28512, -16837.11
28514, -16840.33
28516, -16844.16
28518, -16847.36
28520, -16849.93
28522, -16852.98
28524, -16856.03
28527, -16860.07
28529, -16863.35
28531, -16866.43
28533, -16870.01
28535, -16873.35
28537, -16876.68
28540, -16880.66
28542, -16884.75
28544, -16887.86
28546, -16891.47
28550, -16896.16
28552, -16899.55
28555, -16903.45
28558, -16908.48
28560, -16911.32
28562, -16914.82
28564, -16918.26
28566, -16922.29
28568, -16925.86
28570, -16928.48
28572, -16931.30
28574, -16934.38
28576, -16937.47
28579, -16940.95
28580, -16943.76
28583, -16946.95
28586, -16951.46
28588, -16954.48
28589, -16957.00
28591, -16959.98
28593, -16963.36
28595, -16965.95
28597, -16969.16
28599, -16972.73
28603, -16977.23
28605, -16979.77
28607, -16983.50
28609, -16987.19
28611, -16989.88
28613, -16992.75
28614, -16995.39
28616, -16998.73
28618, -17001.67
28620, -17004.15
28622, -17007.12
28624, -17009.86
28626, -17013.21
28629, -17016.72
28631, -17019.86
28633, -17023.60
28636, -17028.21
28638, -17031.87
28640, -17034.67
28642, -17037.71
28644, -17040.87
28646, -17044.10
28648, -17047.01
28650, -17049.41
28652, -17052.45
28654, -17055.76
28656, -17058.91
28658, -17061.81
28660, -17064.25
28662, -17067.64
28664, -17070.68
28666, -17073.22
28668, -17076.22
28670, -17079.18
28672, -17082.67
28674, -17086.17
28676, -17088.95
28678, -17091.89
28680, -17094.84
28682, -17098.56
28684, -17101.95
28687, -17106.59
28689, -17110.28
28692, -17113.33
28694, -17116.45
28696, -17119.88
28699, -17124.64
28702, -17128.64
28703, -17131.80
28705, -17134.23
28707, -17137.11
28709, -17140.10
28711, -17143.64
28713, -17147.05
28716, -17151.02
28718, -17153.71
28720, -17156.30
28722, -17159.66
28724, -17162.77
28726, -17165.18
28728, -17168.14
28730, -17171.13
28732, -17174.55
28734, -17177.58
28736, -17180.11
28738, -17183.36
28740, -17186.53
28742, -17189.74
28743, -17192.64
28746, -17195.66
28748, -17198.91
28750, -17202.48
28752, -17205.71
28754, -17209.02
28756, -17211.78
28758, -17214.71
28760, -17217.63
28762, -17220.85
28764, -17223.72
28766, -17226.85
28768, -17230.59
28771, -17235.78
28774, -17239.82
28776, -17242.55
28778, -17245.65
28780, -17248.89
28782, -17252.23
28784, -17255.82
28787, -17259.48
28789, -17262.55
28791, -17266.12
28794, -17271.78
28796, -17274.93
28799, -17278.46
28801, -17282.29
28803, -17285.62
28806, -17289.99
28809, -17294.51
28811, -17297.99
28813, -17301.10
28815, -17304.27
28817, -17308.05
28819, -17311.24
28821, -17313.69
28823, -17316.58
28825, -17319.39
28827, -17322.48
28829, -17325.82
28831, -17328.71
28833, -17331.91
28835, -17335.37
28837, -17338.64
28839, -17341.81
28841, -17344.39
28843, -17348.10
28845, -17351.61
28848, -17355.61
28851, -17360.95
28854, -17365.68
28857, -17370.20
28859, -17374.06
28861, -17376.80
28863, -17379.93
28866, -17384.61
28869, -17388.93
28871, -17392.47
28874, -17397.50
28877, -17401.63
28879, -17405.58
28882, -17410.75
28884, -17413.90
28887, -17418.26
28890, -17422.41
28892, -17426.27
28894, -17429.55
28896, -17432.07
28898, -17435.04
28900, -17438.02
28902, -17440.75
28904, -17444.04
28907, -17449.43
28910, -17453.54
28912, -17457.72
28914, -17461.07
28916, -17464.25
28918, -17467.78
28921, -17471.69
28924, -17476.04
28926, -17479.32
28928, -17482.97
28930, -17485.95
28932, -17488.52
28934, -17491.84
28937, -17496.46
28939, -17500.12
28941, -17503.59
28944, -17507.75
28946, -17511.34
28948, -17514.63
28951, -17518.52
28954, -17523.27
28956, -17526.49
28958, -17530.50
28961, -17535.01
28963, -17538.21
28965, -17542.15
28968, -17546.74
28971, -17550.93
28973, -17554.12
28975, -17557.48
28976, -17560.31
28978, -17563.05
28981, -17566.52
28984, -17571.23
28987, -17576.06
28989, -17579.02
28990, -17581.85
28993, -17585.20
28995, -17589.08
28997, -17592.39
29000, -17595.81
29002, -17598.66
29003, -17602.28
29005, -17605.39
29007, -17608.26
29011, -17613.11
29012, -17615.81
29015, -17619.13
29017, -17621.97
29018, -17625.01
29020, -17628.17
29022, -17631.53
29024, -17634.63
29026, -17637.34
29028, -17640.91
29030, -17644.02
29033, -17647.45
29036, -17651.82
29037, -17654.87
29039, -17658.09
29041, -17660.84
29043, -17663.66
29045, -17666.61
29047, -17669.67
29049, -17673.19
29051, -17676.07
29053, -17679.47
29056, -17683.48
29059, -17687.81
29061, -17691.03
29063, -17694.00
29065, -17697.18
29067, -17701.22
29070, -17704.83
29072, -17708.44
29074, -17712.20
29076, -17714.65
29078, -17717.57
29081, -17721.25
29084, -17726.26
29087, -17731.92
29090, -17735.28
29092, -17738.92
29095, -17742.54
29097, -17745.29
29099, -17749.67
29102, -17753.42
29105, -17757.87
29108, -17761.73
29111, -17766.51
29113, -17769.85
29116, -17774.30
29119, -17778.85
29121, -17782.58
29124, -17786.08
29127, -17791.02
29129, -17793.93
29131, -17797.34
29133, -17800.20
29137, -17804.57
29139, -17809.32
29142, -17813.86
29145, -17817.71
29147, -17820.33
29149, -17823.43
29151, -17826.53
29153, -17829.92
29155, -17833.50
29158, -17836.32
29160, -17839.25
29162, -17842.28
29164, -17845.39
29167, -17849.43
29169, -17853.29
29172, -17856.84
29175, -17861.49
29177, -17864.59
29179, -17867.82
29182, -17871.32
29184, -17875.15
29187, -17879.89
29191, -17884.53
29193, -17888.62
29195, -17891.95
29197, -17893.61
29200, -17896.69
29202, -17899.87
29205, -17905.43
29208, -17910.46
29211, -17914.18
29213, -17916.68
29215, -17919.42
29218, -17924.32
29221, -17928.41
29224, -17931.61
29226, -17935.74
29228, -17938.67
29230, -17941.45
29233, -17945.65
29236, -17949.91
29238, -17953.13
29241, -17957.02
29243, -17960.14
29245, -17962.94
29248, -17965.84
29250, -17968.95
29252, -17972.56
29255, -17976.82
29257, -17979.80
29259, -17982.45
29261, -17985.47
29263, -17988.27
29265, -17991.52
29268, -17995.08
29270, -17998.17
29274, -18003.67
29276, -18007.40
29278, -18010.54
29280, -18014.11
29282, -18017.12
29285, -18020.94
29287, -18023.63
29290, -18027.28
29292, -18030.49
29294, -18034.57
29297, -18038.33
29299, -18041.46
29301, -18044.58
29303, -18047.86
29305, -18050.71
29308, -18053.21
29310, -18056.41
29312, -18059.69
29314, -18063.06
29316, -18066.47
29319, -18070.83
29322, -18075.38
29324, -18079.12
29327, -18082.76
29329, -18085.82
29332, -18089.12
29334, -18092.87
29337, -18097.53
29339, -18101.26
29342, -18105.37
29344, -18109.24
29347, -18112.73
29350, -18117.19
29353, -18120.63
29355, -18124.54
29358, -18128.58
29360, -18132.23
29362, -18134.76
29364, -18138.03
29367, -18143.10
29369, -18146.48
29371, -18149.63
29373, -18152.30
29376, -18155.89
29378, -18159.58
29381, -18163.25
29383, -18166.99
29385, -18170.55
29388, -18173.81
29390, -18177.71
29392, -18181.10
29394, -18184.10
29396, -18186.62
29398, -18188.91
29400, -18192.14
29402, -18195.37
29403, -18197.74
29405, -18200.59
29407, -18203.53
29409, -18206.94
29411, -18210.39
29413, -18213.47
29415, -18217.05
29417, -18220.06
29419, -18222.94
29421, -18226.10
29423, -18229.23
29425, -18232.34
29427, -18235.16
29429, -18238.04
29431, -18240.99
29432, -18244.02
29434, -18248.19
29436, -18251.33
29438, -18253.46
29440, -18256.21
29442, -18259.09
29444, -18262.23
29446, -18265.09
29448, -18267.57
29449, -18270.71
29451, -18273.61
29453, -18276.08
29455, -18279.48
29457, -18282.68
29459, -18285.56
29461, -18288.53
29463, -18291.28
29465, -18295.05
29466, -18298.45
29468, -18300.98
29470, -18304.26
29472, -18307.29
29474, -18310.31
29476, -18313.31
29478, -18316.13
29480, -18319.50
29481, -18322.88
29483, -18325.93
29485, -18329.19
29487, -18332.33
29489, -18335.15
29491, -18337.82
29493, -18340.66
29495, -18344.36
29497, -18347.75
29499, -18350.82
29501, -18354.57
29503, -18358.40
29505, -18361.80
29507, -18364.65
29509, -18367.87
29511, -18371.43
29513, -18374.73
29515, -18378.50
29517, -18381.78
29519, -18384.99
29521, -18388.59
29523, -18391.58
29525, -18394.84
29527, -18398.18
29529, -18401.61
29531, -18404.79
29533, -18407.79
29535, -18410.96
29537, -18414.20
29539, -18417.34
29541, -18420.81
29543, -18423.91
29545, -18427.42
29547, -18430.71
29548, -18433.36
29550, -18436.63
29552, -18440.02
29554, -18443.23
29556, -18446.65
29558, -18449.86
29560, -18453.25
29562, -18456.49
29564, -18459.75
29566, -18463.38
29568, -18466.78
29570, -18471.03
29572, -18474.20
29574, -18477.66
29576, -18481.13
29578, -18484.44
29580, -18488.48
29582, -18492.28
29584, -18494.88
29586, -18498.16
29588, -18501.86
29590, -18505.88
29592, -18509.22
29594, -18512.29
29596, -18515.48
29598, -18518.88
29600, -18522.82
29602, -18526.40
29604, -18529.48
29606, -18532.95
29608, -18536.58
29610, -18540.28
29612, -18543.64
29614, -18546.62
29616, -18550.26
29618, -18553.79
29620, -18557.15
29621, -18560.27
29623, -18563.36
29625, -18566.90
29627, -18570.14
29629, -18573.32
29631, -18577.21
29633, -18580.77
29635, -18584.33
29637, -18587.77
29640, -18592.18
29642, -18596.24
29644, -18599.16
29646, -18602.83
29648, -18606.52
29650, -18609.99
29652, -18613.54
29654, -18617.33
29656, -18621.07
29658, -18624.81
29660, -18628.71
29663, -18632.45
29665, -18636.11
29667, -18639.35
29669, -18641.96
29671, -18645.70
29673, -18648.61
29675, -18652.07
29677, -18655.54
29679, -18658.59
29681, -18662.46
29682, -18665.95
29684, -18668.75
29686, -18671.95
29688, -18674.99
29690, -18678.57
29692, -18682.44
29694, -18685.68
29696, -18689.20
29698, -18692.61
29700, -18696.41
29702, -18700.16
29704, -18702.66
29706, -18705.80
29708, -18709.12
29710, -18712.57
29712, -18716.05
29714, -18718.90
29716, -18722.77
29718, -18726.72
29720, -18730.11
29722, -18733.62
29724, -18736.70
29726, -18740.84
29728, -18744.21
29730, -18747.74
29732, -18751.38
29734, -18753.97
29736, -18756.97
29738, -18760.16
29740, -18763.59
29742, -18766.83
29744, -18769.76
29746, -18773.65
29748, -18777.36
29750, -18780.24
29752, -18783.69
29754, -18787.11
29756, -18790.98
29758, -18794.08
29760, -18796.85
29761, -18800.67
29763, -18803.88
29765, -18807.31
29767, -18810.71
29770, -18814.14
29772, -18817.93
29774, -18821.26
29776, -18824.78
29778, -18828.54
29780, -18831.47
29782, -18834.71
29784, -18837.63
29786, -18841.11
29787, -18844.33
29789, -18847.21
29792, -18850.85
29794, -18853.77
29796, -18857.72
29798, -18861.31
29800, -18864.67
29802, -18867.83
29804, -18871.16
29806, -18874.94
29808, -18878.22
29810, -18881.36
29812, -18884.47
29814, -18887.40
29816, -18891.04
29818, -18894.74
29820, -18898.36
29822, -18901.43
29824, -18904.21
29826, -18907.61
29828, -18910.80
29830, -18913.74
29831, -18917.16
29833, -18920.59
29835, -18924.06
29837, -18927.03
29839, -18929.55
29841, -18932.76
29843, -18936.30
29845, -18939.13
29847, -18941.82
29849, -18944.87
29851, -18948.72
29853, -18952.17
29854, -18954.84
29856, -18958.28
29859, -18961.27
29861, -18964.49
29862, -18967.78
29864, -18970.67
29867, -18974.17
29869, -18976.88
29870, -18980.24
29872, -18983.81
29874, -18986.89
29876, -18989.77
29878, -18992.96
29881, -18996.79
29883, -19000.28
29885, -19003.31
29887, -19006.79
29889, -19009.87
29891, -19012.93
29893, -19015.98
29895, -19018.96
29896, -19022.23
29898, -19025.38
29900, -19028.91
29902, -19032.27
29905, -19035.19
29907, -19038.23
29909, -19041.09
29910, -19044.09
29912, -19047.82
29914, -19051.04
29917, -19054.51
29919, -19058.46
29921, -19062.19
29923, -19065.37
29925, -19068.29
29927, -19071.49
29929, -19074.29
29931, -19077.68
29933, -19080.86
29935, -19083.74
29937, -19087.19
29939, -19090.18
29941, -19093.44
29943, -19096.81
29945, -19099.53
29947, -19102.62
29949, -19105.90
29951, -19109.41
29953, -19112.75
29955, -19115.40
29957, -19118.73
29959, -19121.67
29961, -19124.56
29963, -19127.81
29965, -19130.71
29966, -19134.50
29968, -19137.97
29970, -19140.88
29972, -19143.73
29974, -19146.40
29976, -19149.77
29978, -19152.94
29980, -19155.93
29982, -19159.19
29984, -19162.61
29986, -19166.14
29988, -19169.10
29991, -19173.04
29993, -19176.51
29995, -19179.22
29997, -19183.19
30000, -19186.98
30002, -19190.59
30004, -19194.87
30006, -19198.02
30009, -19201.66
30011, -19204.43
30013, -19207.78
30015, -19210.90
30017, -19214.68
30019, -19218.42
30021, -19221.56
30023, -19224.92
30025, -19228.06
30027, -19231.37
30029, -19235.12
30032, -19238.59
30034, -19243.47
30036, -19246.97
30039, -19250.95
30042, -19254.90
30044, -19258.24
30046, -19261.41
30049, -19267.18
30051, -19270.16
30054, -19275.26
30058, -19281.04
30060, -19284.35
30063, -19288.18
30065, -19291.68
30067, -19295.33
30069, -19299.58
30072, -19304.96
30074, -19308.43
30077, -19312.30
30079, -19315.94
30081, -19318.58
30083, -19321.48
30084, -19324.43
30087, -19328.78
30089, -19332.49
30091, -19335.64
30093, -19338.88
30095, -19341.72
30098, -19346.76
30101, -19352.79
30104, -19357.18
30107, -19361.05
30110, -19366.76
30112, -19370.24
30115, -19373.93
30118, -19379.19
30121, -19383.37
30123, -19387.80
30126, -19392.62
30128, -19395.81
30130, -19399.13
30132, -19402.71
30134, -19406.38
30136, -19409.71
30138, -19412.61
30140, -19415.53
30142, -19418.99
30144, -19421.95
30146, -19425.24
30148, -19428.65
30150, -19431.53
30152, -19435.02
30154, -19438.29
30156, -19440.96
30158, -19444.03
30160, -19446.84
30162, -19450.23
30164, -19453.77
30166, -19457.54
30168, -19461.55
30171, -19465.47
30173, -19469.51
30175, -19472.82
30177, -19476.19
30179, -19479.44
30181, -19482.80
30183, -19486.08
30185, -19489.07
30187, -19492.37
30189, -19495.46
30191, -19498.27
30193, -19501.50
30195, -19505.39
30197, -19509.76
30199, -19513.32
30202, -19516.16
30204, -19519.20
30206, -19522.17
30207, -19526.02
30209, -19529.32
30212, -19532.50
30214, -19536.08
30217, -19540.61
30219, -19544.53
30221, -19547.86
30223, -19551.35
30225, -19554.56
30227, -19557.48
30229, -19560.53
30231, -19563.65
30233, -19567.52
30235, -19570.47
30237, -19573.59
30239, -19576.93
30241, -19579.55
30243, -19583.01
30245, -19587.05
30247, -19590.34
30249, -19593.20
30251, -19595.91
30253, -19599.45
30254, -19602.44
30256, -19605.28
30258, -19608.49
30260, -19611.12
30263, -19614.85
30265, -19618.02
30267, -19621.01
30269, -19624.27
30271, -19627.20
30273, -19630.41
30275, -19633.50
30276, -19636.29
30278, -19639.45
30280, -19642.53
30282, -19646.10
30284, -19649.38
30286, -19651.75
30288, -19654.85
30290, -19657.66
30292, -19661.12
30294, -19664.30
30296, -19667.65
30299, -19671.20
30301, -19674.22
30303, -19677.62
30305, -19680.59
30307, -19683.30
30309, -19686.78
30311, -19689.69
30313, -19692.85
30315, -19695.92
30317, -19699.05
30319, -19702.50
30321, -19705.25
30323, -19708.39
30325, -19711.21
30326, -19713.97
30328, -19717.03
30330, -19719.78
30332, -19723.25
30334, -19726.84
30336, -19729.74
30338, -19732.62
30340, -19735.37
30342, -19738.74
30344, -19741.75
30346, -19744.42
30349, -19747.72
30350, -19750.62
30353, -19753.97
30355, -19757.41
30357, -19760.93
30359, -19764.19
30361, -19767.43
30363, -19770.91
30365, -19773.73
30367, -19776.84
30369, -19780.22
30371, -19782.76
30373, -19785.67
30375, -19788.64
30377, -19791.57
30379, -19794.30
30381, -19796.54
30383, -19799.35
30385, -19802.66
30387, -19805.80
30389, -19808.41
30391, -19811.03
30393, -19814.46
30395, -19817.45
30396, -19820.21
30398, -19823.60
30400, -19826.39
30402, -19829.30
30404, -19831.96
30406, -19834.31
30408, -19837.76
30410, -19840.50
30412, -19843.45
30414, -19847.05
30417, -19849.79
30419, -19853.12
30421, -19856.60
30423, -19860.02
30425, -19863.07
30428, -19866.20
30430, -19868.86
30432, -19871.59
30434, -19874.85
30436, -19877.82
30438, -19880.68
30440, -19883.87
30442, -19886.95
30444, -19889.79
30446, -19892.17
30448, -19894.98
30450, -19897.96
30452, -19900.87
30453, -19903.65
30455, -19906.10
30457, -19908.58
30459, -19911.39
30461, -19914.04
30463, -19917.34
30465, -19920.70
30467, -19923.40
30469, -19926.03
30471, -19928.65
30473, -19931.64
30475, -19934.31
30477, -19936.80
30479, -19939.63
30481, -19942.52
30483, -19946.02
30485, -19948.85
30487, -19950.99
30489, -19954.02
30491, -19957.18
30493, -19960.41
30495, -19963.25
30497, -19965.19
30499, -19967.66
30500, -19970.59
30502, -19973.87
30504, -19976.90
30506, -19979.23
30508, -19982.13
30510, -19985.29
30512, -19987.72
30514, -19990.44
30516, -19993.09
30518, -19995.86
30520, -19998.41
30522, -20000.85
30524, -20004.19
30526, -20007.17
30528, -20009.92
30530, -20012.77
30532, -20015.21
30535, -20019.57
30537, -20022.88
30539, -20025.78
30542, -20029.39
30544, -20033.38
30546, -20036.18
30549, -20039.35
30552, -20043.96
30553, -20046.74
30555, -20049.40
30557, -20051.74
30559, -20054.86
30561, -20057.66
30563, -20060.55
30565, -20063.53
30567, -20065.83
30569, -20068.28
30571, -20071.17
30573, -20074.38
30575, -20077.02
30577, -20079.26
30579, -20081.97
30581, -20085.02
30583, -20088.23
30585, -20091.12
30587, -20093.37
30588, -20096.17
30590, -20098.84
30592, -20101.22
30594, -20104.17
30597, -20108.60
30600, -20111.78
30602, -20115.71
30604, -20118.87
30606, -20121.43
30608, -20124.67
30610, -20127.68
30612, -20130.01
30614, -20132.61
30616, -20135.84
30618, -20139.25
30620, -20141.67
30622, -20144.10
30624, -20147.24
30626, -20150.12
30628, -20152.86
30630, -20155.72
30632, -20158.62
30634, -20161.85
30636, -20164.58
30638, -20167.11
30640, -20169.88
30642, -20172.29
30644, -20175.38
30645, -20178.45
30647, -20181.03
30649, -20183.79
30651, -20186.20
30654, -20190.23
30656, -20193.71
30658, -20196.82
30661, -20200.32
30663, -20204.45
30665, -20207.94
30668, -20210.82
30669, -20213.43
30671, -20216.34
30673, -20219.15
30675, -20221.90
30677, -20224.49
30679, -20227.27
30681, -20230.11
30683, -20233.05
30685, -20236.04
30687, -20238.79
30689, -20241.72
30691, -20244.65
30693, -20247.38
30695, -20250.24
30697, -20253.04
30699, -20255.84
30700, -20258.98
30702, -20261.74
30704, -20264.61
30706, -20267.30
30708, -20270.01
30710, -20273.07
30713, -20277.07
30715, -20280.21
30717, -20283.93
30719, -20287.31
30721, -20290.20
30723, -20292.88
30725, -20295.69
30727, -20298.13
30729, -20301.56
30731, -20304.49
30733, -20307.40
30736, -20311.17
30738, -20314.48
30740, -20318.23
30742, -20321.09
30744, -20324.87
30747, -20328.14
30749, -20331.31
30751, -20334.61
30754, -20339.51
30756, -20342.75
30758, -20346.10
30760, -20349.07
30762, -20351.80
30764, -20354.88
30766, -20358.04
30768, -20360.98
30770, -20363.93
30772, -20366.68
30774, -20370.04
30776, -20373.56
30778, -20376.25
30780, -20379.13
30781, -20382.07
30783, -20385.35
30785, -20388.19
30787, -20390.69
30789, -20393.94
30791, -20397.35
30793, -20400.26
30795, -20403.14
30797, -20406.14
30799, -20409.79
30801, -20413.14
30803, -20415.81
30805, -20419.20
30807, -20422.07
30809, -20425.13
30811, -20428.03
30813, -20431.02
30816, -20436.00
30818, -20439.86
30820, -20443.18
30822, -20446.08
30824, -20449.51
30826, -20452.54
30828, -20455.18
30830, -20459.17
30833, -20463.66
30835, -20467.72
30837, -20471.10
30840, -20475.79
30842, -20478.85
30844, -20482.24
30846, -20485.86
30848, -20488.66
30850, -20491.82
30852, -20494.63
30854, -20497.36
30856, -20500.37
30858, -20503.57
30860, -20506.53
30862, -20509.78
30864, -20513.74
30868, -20519.33
30870, -20523.13
30872, -20526.20
30874, -20529.67
30876, -20532.91
30878, -20535.71
30880, -20539.02
30882, -20542.01
30884, -20544.54
30886, -20547.70
30887, -20551.08
30890, -20554.78
30892, -20558.30
30894, -20562.03
30896, -20565.34
30898, -20568.28
30900, -20571.46
30902, -20574.48
30904, -20577.51
30906, -20580.81
30908, -20584.37
30910, -20587.87
30912, -20591.27
30914, -20594.02
30917, -20598.92
30919, -20602.29
30921, -20606.08
30924, -20609.76
30926, -20613.07
30928, -20616.57
30931, -20620.87
30933, -20625.89
30936, -20629.50
30938, -20633.02
30940, -20636.48
30942, -20639.71
30943, -20642.63
30945, -20645.54
30947, -20648.49
30949, -20652.00
30951, -20655.08
30953, -20657.74
30955, -20660.90
30957, -20664.04
30959, -20667.37
30961, -20671.04
30963, -20673.93
30965, -20677.68
30967, -20681.03
30969, -20683.80
30971, -20687.28
30973, -20689.90
30975, -20693.67
30977, -20696.99
30979, -20699.98
30981, -20703.03
30983, -20705.60
30985, -20708.98
30987, -20712.29
30989, -20715.26
30991, -20718.76
30993, -20721.46
30995, -20724.94
30997, -20728.46
30999, -20731.22
31001, -20734.38
31003, -20737.19
31005, -20740.33
31006, -20743.67
31008, -20746.18
31010, -20749.21
31013, -20753.11
31015, -20757.78
31017, -20761.21
31019, -20764.50
31023, -20769.88
31025, -20773.22
31027, -20776.52
31029, -20780.26
31031, -20783.34
31033, -20786.14
31035, -20789.47
31037, -20792.56
31039, -20795.45
31041, -20798.70
31043, -20801.39
31045, -20804.49
31047, -20808.01
31049, -20811.30
31051, -20814.54
31053, -20817.32
31055, -20821.12
31057, -20824.91
31060, -20828.62
31063, -20833.25
31065, -20837.43
31067, -20840.45
31069, -20843.04
31071, -20846.08
31073, -20848.82
31075, -20852.18
31077, -20855.52
31079, -20858.12
31081, -20861.58
31083, -20864.35
31085, -20866.99
31087, -20870.04
31089, -20872.38
31091, -20875.54
31093, -20878.86
31095, -20881.91
31096, -20884.94
31098, -20887.57
31100, -20890.78
31102, -20893.85
31104, -20896.43
31106, -20899.18
31108, -20901.88
31110, -20905.01
31112, -20907.79
31114, -20910.40
31116, -20913.97
31118, -20916.82
31119, -20919.68
31121, -20923.06
31123, -20925.53
31125, -20928.36
31127, -20931.51
31129, -20934.89
31131, -20937.97
31133, -20940.54
31135, -20944.09
31137, -20946.77
31140, -20949.83
31142, -20953.19
31144, -20957.00
31146, -20960.21
31149, -20965.42
31152, -20969.12
31154, -20971.70
31156, -20974.80
31158, -20978.08
31160, -20981.13
31162, -20984.38
31165, -20988.99
31167, -20991.83
31169, -20994.24
31172, -20998.78
31174, -21001.74
31176, -21004.84
31178, -21008.29
31181, -21011.82
31183, -21014.97
31186, -21019.78
31189, -21024.96
31191, -21027.97
31194, -21031.19
31196, -21034.69
31198, -21037.63
31200, -21040.54
31202, -21043.56
31204, -21046.08
31206, -21049.02
31208, -21051.89
31209, -21054.49
31212, -21057.67
31213, -21060.44
31215, -21063.68
31217, -21066.67
31219, -21069.21
31221, -21072.10
31223, -21074.58
31225, -21077.32
31227, -21080.38
31229, -21083.35
31231, -21086.43
31233, -21089.47
31235, -21092.45
31237, -21095.45
31239, -21097.80
31241, -21100.58
31243, -21103.34
31244, -21106.22
31247, -21109.88
31249, -21112.92
31251, -21116.47
31254, -21120.86
31256, -21124.22
31258, -21126.92
31261, -21130.46
31263, -21133.87
31265, -21136.26
31267, -21138.91
31269, -21141.71
31271, -21145.11
31273, -21148.42
31275, -21151.01
31277, -21155.04
31279, -21158.32
31282, -21161.75
31285, -21167.18
31288, -21171.23
31290, -21174.24
31292, -21177.14
31294, -21179.67
31296, -21183.07
31299, -21187.09
31302, -21191.66
31304, -21195.30
31307, -21198.84
31309, -21201.97
31312, -21206.56
31315, -21211.05
31318, -21214.58
