4889, 2073, 10
4892, 2072, 9
4895, 2071, 2
4898, 2071, -17
4902, 2070, -55
4905, 2068, -100
4909, 2066, -160
4912, 2063, -231
4915, 2060, -319
4918, 2056, -424
4921, 2053, -530
4925, 2049, -651
4928, 2045, -778
4931, 2040, -918
4934, 2036, -1063
4937, 2032, -1206
4941, 2027, -1357
4944, 2023, -1516
4947, 2019, -1680
4950, 2016, -1836
4953, 2012, -1997
4957, 2009, -2155
4960, 2005, -2323
4963, 2002, -2490
4967, 1997, -2657
4970, 1994, -2811
4973, 1990, -2968
4976, 1987, -3119
4980, 1984, -3277
4983, 1981, -3421
4986, 1977, -3559
4990, 1974, -3694
4993, 1971, -3823
4996, 1968, -3953
5000, 1966, -4072
5003, 1963, -4186
5006, 1961, -4301
5009, 1958, -4404
5013, 1956, -4515
5016, 1954, -4617
5019, 1951, -4708
5022, 1949, -4804
5026, 1947, -4902
5029, 1944, -4988
5032, 1942, -5072
5036, 1940, -5161
5039, 1938, -5248
5042, 1936, -5322
5046, 1934, -5397
5049, 1931, -5476
5052, 1930, -5543
5055, 1929, -5602
5058, 1927, -5661
5062, 1925, -5732
5065, 1923, -5796
5068, 1921, -5850
5071, 1919, -5901
5074, 1918, -5957
5078, 1917, -6017
5081, 1916, -6071
5084, 1915, -6119
5088, 1913, -6165
5091, 1912, -6233
5096, 1910, -6285
5099, 1908, -6334
5103, 1907, -6382
5107, 1906, -6421
5110, 1904, -6469
5114, 1903, -6523
5118, 1902, -6564
5122, 1900, -6593
5125, 1899, -6620
5128, 1898, -6650
5131, 1898, -6682
5134, 1897, -6720
5137, 1896, -6755
5140, 1894, -6784
5144, 1893, -6809
5147, 1893, -6831
5150, 1892, -6853
5153, 1891, -6877
5156, 1890, -6905
5160, 1890, -6942
5163, 1888, -6975
5167, 1887, -7004
5170, 1886, -7030
5174, 1886, -7054
5178, 1885, -7074
5182, 1885, -7089
5185, 1885, -7107
5188, 1884, -7129
5192, 1884, -7156
5195, 1883, -7187
5199, 1882, -7217
5203, 1881, -7242
5207, 1880, -7257
5210, 1879, -7272
5214, 1879, -7285
5218, 1879, -7299
5222, 1878, -7316
5226, 1878, -7337
5230, 1877, -7353
5233, 1876, -7373
5237, 1875, -7396
5240, 1874, -7416
5243, 1873, -7434
5246, 1872, -7448
5250, 1872, -7459
5253, 1872, -7470
5256, 1873, -7479
5259, 1872, -7487
5263, 1872, -7493
5266, 1872, -7499
5269, 1872, -7505
5273, 1871, -7512
5276, 1871, -7519
5279, 1871, -7528
5282, 1870, -7537
5285, 1870, -7548
5289, 1870, -7560
5292, 1869, -7573
5295, 1869, -7588
5298, 1868, -7602
5301, 1868, -7617
5304, 1867, -7630
5307, 1867, -7641
5310, 1866, -7651
5314, 1866, -7659
5317, 1865, -7666
5320, 1866, -7671
5323, 1866, -7676
5326, 1866, -7680
5329, 1866, -7683
5332, 1866, -7686
5335, 1866, -7689
5338, 1866, -7691
5341, 1866, -7694
5344, 1866, -7696
5347, 1866, -7698
5350, 1866, -7700
5354, 1865, -7702
5357, 1865, -7705
5360, 1865, -7708
5363, 1865, -7711
5366, 1865, -7715
5369, 1865, -7720
5372, 1865, -7725
5375, 1864, -7732
5378, 1864, -7738
5381, 1864, -7745
5384, 1863, -7752
5387, 1863, -7759
5391, 1863, -7767
5394, 1862, -7775
5397, 1862, -7783
5400, 1862, -7792
5403, 1861, -7802
5406, 1861, -7811
5409, 1860, -7820
5412, 1859, -7829
5415, 1859, -7837
5418, 1859, -7845
5422, 1859, -7853
5425, 1860, -7861
5428, 1859, -7866
5431, 1859, -7870
5434, 1859, -7874
5437, 1859, -7877
5440, 1859, -7879
5443, 1859, -7881
5446, 1859, -7882
5449, 1859, -7883
5452, 1859, -7885
5455, 1858, -7887
5459, 1858, -7887
5462, 1858, -7888
5465, 1858, -7889
5468, 1858, -7889
5471, 1858, -7890
5474, 1858, -7890
5477, 1858, -7890
5480, 1858, -7890
5483, 1859, -7891
5486, 1859, -7891
5489, 1859, -7891
5492, 1859, -7892
5496, 1859, -7892
5499, 1859, -7892
5502, 1859, -7892
5505, 1859, -7892
5508, 1859, -7892
5511, 1859, -7892
5514, 1859, -7893
5517, 1858, -7893
5520, 1858, -7893
5523, 1858, -7893
5526, 1859, -7893
5530, 1858, -7893
5533, 1859, -7893
5536, 1859, -7893
5539, 1858, -7893
5542, 1858, -7893
5545, 1859, -7893
5548, 1858, -7893
5551, 1859, -7894
5554, 1859, -7894
5557, 1859, -7894
5560, 1859, -7895
5564, 1860, -7895
5567, 1859, -7895
5570, 1859, -7895
5573, 1859, -7895
5576, 1859, -7895
5579, 1858, -7896
5582, 1858, -7896
5585, 1859, -7896
5588, 1859, -7896
5591, 1859, -7897
5594, 1859, -7897
5597, 1859, -7897
5601, 1859, -7898
5604, 1858, -7899
5607, 1858, -7899
5610, 1858, -7899
5613, 1858, -7899
5616, 1858, -7900
5619, 1858, -7900
5622, 1858, -7901
5625, 1858, -7901
5628, 1858, -7901
5632, 1859, -7902
5635, 1859, -7903
5638, 1858, -7904
5641, 1858, -7905
5644, 1858, -7906
5647, 1858, -7906
5650, 1858, -7907
5653, 1858, -7908
5656, 1858, -7909
5659, 1858, -7910
5662, 1858, -7911
5665, 1857, -7912
5669, 1857, -7914
5672, 1857, -7915
5675, 1857, -7916
5678, 1857, -7917
5681, 1857, -7918
5684, 1857, -7919
5687, 1857, -7920
5691, 1857, -7920
5694, 1857, -7921
5697, 1857, -7923
5700, 1857, -7924
5703, 1857, -7925
5706, 1857, -7926
5709, 1857, -7927
5712, 1857, -7927
5715, 1857, -7929
5718, 1857, -7929
5721, 1858, -7930
5724, 1857, -7931
5728, 1857, -7932
5731, 1857, -7933
5734, 1857, -7934
5737, 1857, -7934
5740, 1857, -7935
5743, 1857, -7936
5746, 1857, -7938
5749, 1856, -7939
7762, 1856, -7963
7765, 1856, -7963
7769, 1856, -7968
7772, 1856, -7978
7775, 1855, -7996
7778, 1854, -8022
7781, 1852, -8057
7785, 1849, -8100
7789, 1846, -8158
7792, 1844, -8221
7796, 1840, -8298
7800, 1837, -8394
7805, 1833, -8485
7809, 1829, -8585
7813, 1824, -8662
7816, 1820, -8745
7820, 1816, -8853
7824, 1811, -8933
7828, 1808, -9007
7831, 1804, -9083
7834, 1801, -9165
7838, 1797, -9240
7841, 1794, -9314
7844, 1791, -9387
7847, 1788, -9457
7851, 1785, -9525
7854, 1781, -9619
7858, 1779, -9684
7861, 1775, -9752
7865, 1773, -9815
7868, 1770, -9878
7871, 1767, -9940
7874, 1765, -9995
7877, 1763, -10054
7880, 1760, -10111
7884, 1758, -10169
7887, 1756, -10225
7890, 1753, -10276
7893, 1751, -10336
7897, 1748, -10397
7901, 1746, -10453
7904, 1744, -10508
7908, 1742, -10557
7911, 1740, -10602
7915, 1737, -10663
7918, 1735, -10714
7922, 1732, -10762
7925, 1730, -10813
7929, 1727, -10867
7933, 1725, -10918
7937, 1723, -10970
7940, 1721, -11013
7944, 1719, -11071
7949, 1716, -11130
7953, 1715, -11165
7956, 1712, -11204
7960, 1710, -11263
7964, 1708, -11310
7968, 1707, -11345
7972, 1704, -11380
7975, 1702, -11419
7978, 1701, -11452
7982, 1699, -11479
7985, 1698, -11505
7988, 1696, -11538
7991, 1695, -11583
7995, 1694, -11616
7999, 1693, -11649
8003, 1692, -11674
8007, 1691, -11705
8010, 1689, -11744
8015, 1688, -11774
8018, 1686, -11799
8022, 1684, -11819
8026, 1683, -11853
8030, 1682, -11885
8034, 1681, -11911
8037, 1680, -11932
8040, 1679, -11950
8043, 1677, -11967
8047, 1677, -11989
8051, 1676, -12009
8054, 1675, -12037
8058, 1674, -12067
8063, 1673, -12084
8066, 1671, -12104
8070, 1670, -12118
8075, 1670, -12133
8078, 1670, -12151
8082, 1669, -12169
8086, 1668, -12189
8089, 1667, -12209
8092, 1666, -12228
8095, 1665, -12243
8099, 1664, -12255
8102, 1664, -12266
8105, 1664, -12275
8109, 1664, -12287
8113, 1664, -12296
8116, 1663, -12305
8120, 1662, -12317
8123, 1661, -12330
8126, 1660, -12345
8130, 1659, -12363
8133, 1658, -12378
8136, 1658, -12397
8141, 1657, -12406
8145, 1657, -12414
8148, 1657, -12422
8152, 1657, -12430
8155, 1657, -12436
8160, 1657, -12441
8163, 1657, -12446
8166, 1656, -12453
8170, 1656, -12463
8174, 1655, -12474
8178, 1655, -12488
8183, 1654, -12499
8186, 1653, -12515
8191, 1652, -12535
8195, 1651, -12544
8198, 1651, -12552
8202, 1651, -12560
8205, 1650, -12565
8208, 1650, -12569
8212, 1650, -12573
8215, 1650, -12576
8218, 1650, -12579
8222, 1651, -12581
8225, 1650, -12584
8228, 1650, -12585
8231, 1650, -12587
8234, 1650, -12589
8237, 1650, -12590
8240, 1650, -12593
8243, 1650, -12595
8246, 1650, -12597
8249, 1649, -12600
8252, 1649, -12602
8255, 1649, -12606
8259, 1648, -12610
8262, 1648, -12615
8265, 1648, -12620
8268, 1648, -12626
8272, 1648, -12631
8275, 1647, -12639
8279, 1647, -12648
8283, 1646, -12655
8287, 1646, -12664
8291, 1645, -12671
8294, 1645, -12679
8297, 1645, -12687
8300, 1644, -12695
8304, 1644, -12703
8307, 1644, -12709
8310, 1644, -12714
8314, 1644, -12718
8318, 1644, -12722
8321, 1643, -12725
8325, 1643, -12727
8328, 1643, -12729
8332, 1643, -12731
8336, 1643, -12732
8339, 1643, -12733
8344, 1643, -12734
8348, 1643, -12734
8352, 1643, -12735
8355, 1643, -12736
8359, 1643, -12736
8362, 1643, -12736
8366, 1643, -12737
8371, 1643, -12737
8374, 1643, -12738
8378, 1642, -12738
8382, 1643, -12738
8385, 1643, -12738
8389, 1643, -12738
8393, 1643, -12738
8396, 1644, -12739
8400, 1643, -12739
8403, 1643, -12740
8406, 1643, -12740
8410, 1643, -12740
8413, 1643, -12741
8416, 1644, -12742
8420, 1644, -12742
8423, 1643, -12742
8426, 1643, -12742
8431, 1643, -12742
8435, 1643, -12743
8438, 1643, -12743
8442, 1643, -12743
8445, 1643, -12743
8449, 1643, -12744
8452, 1643, -12745
8456, 1643, -12746
8460, 1643, -12746
8465, 1643, -12747
8468, 1643, -12747
8472, 1643, -12748
8475, 1643, -12748
8479, 1643, -12749
8482, 1643, -12750
8486, 1643, -12752
8490, 1642, -12753
8493, 1643, -12755
8496, 1643, -12756
8500, 1643, -12757
8503, 1643, -12759
8506, 1643, -12760
8509, 1643, -12761
8513, 1642, -12763
8516, 1642, -12764
8519, 1642, -12766
8522, 1642, -12767
8526, 1642, -12768
8529, 1642, -12770
8532, 1642, -12772
8535, 1642, -12773
8538, 1641, -12775
8541, 1641, -12777
8545, 1641, -12779
8549, 1641, -12780
8552, 1641, -12781
8556, 1641, -12783
8560, 1641, -12785
8564, 1641, -12786
8567, 1641, -12787
8571, 1641, -12788
8575, 1641, -12788
8578, 1641, -12790
8582, 1640, -12791
10595, 1640, -12799
10598, 1640, -12799
10601, 1640, -12802
10605, 1640, -12807
10608, 1639, -12813
10612, 1639, -12822
10615, 1637, -12837
10619, 1636, -12857
10622, 1635, -12880
10626, 1632, -12914
10629, 1630, -12950
10633, 1627, -12990
10636, 1624, -13050
10640, 1620, -13107
10644, 1617, -13168
10647, 1614, -13247
10652, 1610, -13329
10656, 1606, -13414
10660, 1602, -13485
10664, 1598, -13571
10668, 1593, -13634
10672, 1589, -13731
10676, 1585, -13814
10680, 1581, -13879
10684, 1576, -13954
10687, 1573, -14021
10690, 1569, -14093
10694, 1566, -14161
10698, 1562, -14246
10702, 1560, -14311
10705, 1556, -14382
10708, 1553, -14442
10712, 1550, -14507
10715, 1547, -14570
10718, 1544, -14636
10722, 1541, -14702
10725, 1538, -14758
10728, 1535, -14820
10731, 1533, -14875
10734, 1530, -14948
10739, 1528, -15011
10742, 1525, -15068
10746, 1523, -15126
10749, 1520, -15181
10753, 1518, -15242
10757, 1515, -15316
10761, 1512, -15378
10765, 1510, -15425
10768, 1508, -15489
10772, 1505, -15553
10776, 1503, -15605
10780, 1501, -15657
10783, 1498, -15704
10787, 1496, -15753
10791, 1494, -15808
10795, 1491, -15855
10798, 1490, -15894
10801, 1488, -15929
10804, 1486, -15966
10807, 1484, -16007
10811, 1483, -16050
10814, 1482, -16083
10817, 1480, -16111
10820, 1479, -16142
10824, 1478, -16179
10827, 1477, -16218
10830, 1475, -16249
10833, 1474, -16276
10836, 1473, -16301
10839, 1472, -16328
10842, 1471, -16359
10846, 1470, -16396
10849, 1469, -16425
10852, 1468, -16450
10855, 1467, -16473
10858, 1467, -16500
10862, 1466, -16525
10865, 1465, -16554
10868, 1463, -16584
10871, 1462, -16611
10875, 1461, -16637
10879, 1460, -16658
10882, 1460, -16683
10887, 1459, -16716
10891, 1458, -16757
10896, 1457, -16795
10900, 1455, -16824
10905, 1454, -16843
10908, 1453, -16860
10912, 1452, -16876
10915, 1452, -16894
10919, 1451, -16915
10922, 1450, -16936
10925, 1449, -16959
10928, 1448, -16982
10932, 1447, -16999
10935, 1447, -17014
10938, 1446, -17027
10941, 1446, -17041
10946, 1445, -17052
10949, 1445, -17064
10953, 1444, -17077
10956, 1444, -17092
10960, 1444, -17109
10963, 1443, -17127
10966, 1442, -17148
10970, 1441, -17173
10974, 1440, -17192
10979, 1439, -17204
10982, 1439, -17217
10987, 1439, -17225
10990, 1439, -17232
10993, 1439, -17238
10997, 1439, -17243
11000, 1439, -17248
11003, 1438, -17254
11006, 1438, -17260
11010, 1438, -17269
11013, 1437, -17279
11017, 1437, -17294
11021, 1436, -17309
11025, 1435, -17326
11029, 1435, -17342
11032, 1434, -17358
11035, 1433, -17375
11038, 1433, -17390
11042, 1432, -17401
11045, 1432, -17410
11048, 1432, -17417
11051, 1432, -17423
11055, 1432, -17428
11058, 1432, -17433
11061, 1432, -17437
11064, 1432, -17440
11067, 1432, -17442
11071, 1432, -17445
11074, 1432, -17447
11077, 1432, -17449
11081, 1431, -17451
11084, 1432, -17453
11087, 1432, -17454
11091, 1432, -17456
11094, 1432, -17458
11097, 1432, -17461
11101, 1431, -17464
11104, 1431, -17467
11107, 1431, -17470
11111, 1431, -17475
11114, 1430, -17480
11118, 1430, -17485
11121, 1430, -17490
11124, 1430, -17496
11127, 1429, -17502
11131, 1429, -17508
11134, 1429, -17515
11137, 1428, -17523
11140, 1428, -17530
11143, 1427, -17537
11146, 1427, -17545
11150, 1426, -17553
11153, 1426, -17560
11156, 1426, -17568
11160, 1426, -17575
11163, 1426, -17582
11166, 1426, -17589
11170, 1426, -17596
11173, 1426, -17605
11178, 1425, -17612
11181, 1425, -17618
11185, 1425, -17621
11189, 1424, -17624
11192, 1424, -17626
11196, 1424, -17628
11199, 1424, -17629
11202, 1424, -17630
11206, 1424, -17631
11211, 1425, -17632
11214, 1425, -17633
11219, 1425, -17633
11222, 1425, -17633
11225, 1425, -17633
11228, 1425, -17633
11232, 1425, -17634
11235, 1425, -17634
11240, 1425, -17634
11243, 1425, -17634
11246, 1425, -17635
11249, 1425, -17635
11252, 1425, -17636
11256, 1424, -17636
11259, 1424, -17636
11262, 1424, -17636
11265, 1424, -17636
11268, 1424, -17636
11271, 1424, -17636
11275, 1424, -17635
11278, 1424, -17635
11281, 1424, -17635
11284, 1424, -17635
11287, 1425, -17636
11290, 1425, -17636
11293, 1425, -17636
11296, 1425, -17636
11300, 1425, -17636
11303, 1425, -17636
11306, 1425, -17636
11309, 1424, -17636
11312, 1425, -17637
11316, 1425, -17637
11319, 1425, -17637
11322, 1425, -17637
11325, 1425, -17637
11328, 1425, -17637
11331, 1425, -17637
11334, 1425, -17637
11337, 1425, -17637
11341, 1425, -17637
11344, 1424, -17637
11347, 1424, -17638
11350, 1424, -17638
11353, 1425, -17638
11357, 1425, -17638
11360, 1425, -17638
11363, 1425, -17639
11366, 1425, -17639
11369, 1424, -17639
11372, 1424, -17639
11376, 1424, -17639
11379, 1424, -17639
11382, 1424, -17640
11385, 1424, -17640
11388, 1424, -17640
11391, 1425, -17640
11394, 1425, -17640
11398, 1424, -17640
11401, 1424, -17640
11404, 1424, -17640
11407, 1424, -17640
11410, 1425, -17640
11414, 1425, -17640
11417, 1425, -17641
11420, 1425, -17641
11423, 1425, -17642
11426, 1425, -17642
11429, 1424, -17642
11432, 1424, -17642
11436, 1424, -17642
11439, 1424, -17643
11442, 1424, -17643
11445, 1424, -17643
11448, 1424, -17644
11451, 1424, -17644
11454, 1424, -17645
11457, 1424, -17645
11461, 1425, -17645
11464, 1425, -17645
11467, 1425, -17645
11470, 1425, -17645
11473, 1424, -17646
11476, 1424, -17646
11480, 1424, -17647
11483, 1424, -17647
11486, 1424, -17647
11490, 1424, -17647
11493, 1424, -17647
11496, 1424, -17647
11500, 1424, -17648
11503, 1424, -17648
11506, 1424, -17648
11509, 1424, -17649
11513, 1424, -17649
11516, 1425, -17650
11519, 1425, -17651
11523, 1425, -17651
11526, 1425, -17652
11529, 1425, -17652
11532, 1424, -17652
11535, 1424, -17654
11539, 1424, -17655
11542, 1424, -17655
11545, 1424, -17656
11548, 1424, -17656
11551, 1424, -17658
11554, 1424, -17659
11557, 1424, -17659
11561, 1424, -17660
11564, 1424, -17660
11567, 1424, -17661
11570, 1424, -17663
11573, 1424, -17664
11576, 1423, -17665
13590, 1424, -17684
13593, 1423, -17684
13596, 1424, -17687
13599, 1423, -17692
13602, 1423, -17702
13605, 1422, -17716
13608, 1420, -17735
13611, 1419, -17762
13614, 1417, -17796
13617, 1415, -17834
13621, 1413, -17884
13624, 1410, -17941
13627, 1406, -18000
13630, 1403, -18068
13633, 1400, -18137
13636, 1397, -18212
13639, 1394, -18294
13642, 1390, -18377
13645, 1387, -18464
13648, 1383, -18551
13652, 1380, -18642
13655, 1377, -18742
13658, 1374, -18840
13661, 1371, -18937
13665, 1367, -19035
13668, 1363, -19136
13671, 1360, -19233
13674, 1356, -19334
13677, 1353, -19429
13681, 1350, -19526
13684, 1347, -19618
13687, 1344, -19705
13690, 1341, -19803
13694, 1339, -19883
13697, 1336, -19971
13700, 1333, -20048
13703, 1330, -20131
13706, 1328, -20210
13709, 1325, -20281
13713, 1322, -20359
13716, 1320, -20427
13719, 1317, -20496
13722, 1314, -20567
13725, 1312, -20632
13728, 1310, -20695
13731, 1308, -20762
13735, 1305, -20823
13738, 1304, -20880
13741, 1301, -20944
13744, 1299, -21002
13748, 1297, -21052
13751, 1295, -21111
13754, 1292, -21166
13757, 1291, -21222
13761, 1288, -21299
13766, 1286, -21350
13769, 1285, -21396
13773, 1283, -21461
13777, 1280, -21510
13780, 1278, -21550
13783, 1277, -21588
13786, 1274, -21629
13790, 1273, -21673
13793, 1271, -21712
13796, 1270, -21746
13799, 1268, -21791
13804, 1267, -21831
13807, 1265, -21867
13810, 1264, -21901
13814, 1263, -21935
13817, 1261, -21969
13821, 1259, -22006
13825, 1258, -22042
13828, 1257, -22070
13831, 1255, -22097
13835, 1254, -22121
13839, 1253, -22146
13842, 1252, -22177
13845, 1250, -22208
13848, 1249, -22236
13852, 1248, -22259
13856, 1247, -22284
13860, 1246, -22312
13865, 1245, -22340
13868, 1244, -22366
13872, 1243, -22390
13876, 1241, -22407
13879, 1240, -22425
13884, 1240, -22443
13888, 1239, -22461
13891, 1239, -22480
13895, 1238, -22504
13898, 1236, -22525
13901, 1235, -22542
13904, 1235, -22557
13908, 1234, -22569
13911, 1234, -22584
13915, 1234, -22596
13919, 1233, -22608
13923, 1232, -22620
13926, 1232, -22634
13929, 1231, -22656
13934, 1230, -22675
13937, 1229, -22689
13940, 1228, -22701
13944, 1227, -22711
13948, 1227, -22720
13952, 1227, -22727
13956, 1227, -22733
13959, 1227, -22741
13964, 1226, -22749
13967, 1226, -22758
13970, 1225, -22769
13973, 1224, -22781
13976, 1224, -22794
13980, 1223, -22808
13983, 1222, -22822
13986, 1222, -22834
13989, 1221, -22844
13992, 1220, -22853
13995, 1220, -22860
13998, 1220, -22866
14001, 1220, -22871
14005, 1220, -22875
14008, 1220, -22879
14011, 1219, -22882
14014, 1219, -22885
14017, 1220, -22888
14020, 1220, -22890
14023, 1220, -22892
14026, 1220, -22895
14029, 1220, -22899
14033, 1219, -22903
14036, 1219, -22908
14039, 1219, -22916
14044, 1218, -22923
14047, 1218, -22931
14051, 1217, -22940
14055, 1217, -22949
14058, 1216, -22959
14062, 1215, -22968
14066, 1214, -22980
14070, 1214, -22988
14075, 1213, -22993
14078, 1213, -22997
14083, 1214, -23001
14087, 1214, -23004
14091, 1214, -23006
14095, 1214, -23007
14098, 1213, -23009
14102, 1213, -23010
14105, 1213, -23011
14109, 1213, -23012
14112, 1213, -23013
14115, 1213, -23014
14118, 1213, -23014
14121, 1213, -23015
14124, 1213, -23016
14128, 1213, -23017
14131, 1213, -23017
14134, 1213, -23018
14137, 1213, -23018
14140, 1213, -23019
14144, 1213, -23021
14147, 1213, -23022
14152, 1213, -23025
14156, 1213, -23027
14159, 1213, -23031
14164, 1213, -23033
14167, 1213, -23037
14171, 1212, -23041
14175, 1212, -23045
14178, 1212, -23048
14181, 1211, -23053
14185, 1211, -23057
14188, 1211, -23061
14191, 1210, -23065
14195, 1210, -23069
14198, 1210, -23073
14202, 1210, -23077
14205, 1210, -23080
14209, 1210, -23084
14212, 1210, -23087
14215, 1210, -23090
14218, 1210, -23093
14221, 1210, -23096
14224, 1210, -23100
14228, 1210, -23103
14231, 1209, -23107
14235, 1209, -23110
14239, 1209, -23113
14242, 1209, -23117
14246, 1208, -23120
14250, 1208, -23124
14254, 1208, -23127
14258, 1208, -23129
14261, 1208, -23132
14266, 1207, -23133
16279, 1207, -23141
16282, 1207, -23141
16286, 1207, -23143
16289, 1206, -23149
16292, 1206, -23158
16295, 1205, -23173
16299, 1203, -23194
16302, 1201, -23218
16305, 1199, -23247
16308, 1197, -23281
16312, 1194, -23318
16315, 1191, -23358
16318, 1189, -23400
16321, 1186, -23442
16325, 1182, -23490
16328, 1180, -23536
16331, 1177, -23586
16334, 1173, -23635
16337, 1170, -23683
16340, 1167, -23732
16344, 1164, -23792
16348, 1161, -23851
16352, 1158, -23916
16356, 1155, -23969
16359, 1151, -24019
16363, 1148, -24070
16366, 1144, -24138
16370, 1141, -24194
16374, 1138, -24245
16377, 1134, -24305
16381, 1131, -24359
16385, 1128, -24417
16388, 1125, -24469
16392, 1122, -24521
16395, 1119, -24567
16398, 1115, -24617
16401, 1113, -24664
16405, 1110, -24710
16408, 1107, -24758
16411, 1105, -24802
16415, 1102, -24847
16418, 1100, -24887
16421, 1097, -24925
16424, 1094, -24970
16428, 1092, -25007
16431, 1090, -25043
16434, 1087, -25082
16437, 1085, -25118
16440, 1084, -25150
16443, 1082, -25188
16446, 1080, -25225
16450, 1078, -25257
16453, 1076, -25291
16456, 1074, -25328
16459, 1073, -25360
16462, 1071, -25388
16465, 1069, -25419
16468, 1067, -25458
16472, 1066, -25487
16475, 1064, -25516
16479, 1062, -25558
16483, 1060, -25600
16487, 1059, -25625
16490, 1057, -25652
16494, 1054, -25687
16498, 1052, -25720
16502, 1051, -25744
16505, 1049, -25765
16508, 1048, -25789
16511, 1046, -25819
16515, 1045, -25844
16518, 1044, -25865
16521, 1043, -25886
16525, 1042, -25911
16529, 1041, -25945
16533, 1039, -25965
16536, 1038, -25985
16540, 1037, -26003
16544, 1036, -26024
16548, 1034, -26053
16552, 1033, -26074
16555, 1032, -26093
16558, 1031, -26109
16562, 1030, -26123
16565, 1029, -26137
16568, 1029, -26153
16572, 1028, -26171
16575, 1027, -26190
16578, 1026, -26206
16582, 1025, -26221
16585, 1024, -26233
16589, 1023, -26247
16593, 1023, -26259
16597, 1023, -26273
16600, 1022, -26291
16604, 1020, -26315
16609, 1019, -26334
16613, 1018, -26344
16616, 1017, -26354
16619, 1016, -26362
16623, 1016, -26371
16626, 1016, -26381
16630, 1015, -26392
16633, 1015, -26404
16636, 1014, -26419
16640, 1013, -26433
16643, 1011, -26447
16647, 1010, -26461
16651, 1010, -26470
16655, 1009, -26477
16659, 1009, -26484
16662, 1009, -26489
16666, 1009, -26494
16669, 1009, -26500
16673, 1009, -26506
16677, 1008, -26512
16680, 1008, -26521
16684, 1007, -26532
16688, 1007, -26544
16692, 1006, -26556
16695, 1005, -26567
16698, 1004, -26575
16702, 1004, -26582
16705, 1003, -26588
16709, 1003, -26593
16713, 1003, -26597
16716, 1003, -26600
16720, 1003, -26603
16723, 1003, -26606
16726, 1003, -26608
16730, 1003, -26610
16733, 1003, -26613
16736, 1003, -26616
16739, 1003, -26620
16742, 1002, -26625
16746, 1002, -26630
16749, 1002, -26635
16752, 1001, -26642
16755, 1000, -26649
16758, 1000, -26656
16761, 999, -26664
16765, 999, -26672
16768, 999, -26680
16771, 998, -26688
16774, 998, -26696
16777, 997, -26702
16780, 997, -26707
16783, 997, -26711
16787, 996, -26715
16790, 996, -26718
16793, 997, -26720
16796, 997, -26722
16799, 997, -26724
16802, 997, -26726
16806, 998, -26727
16809, 998, -26728
16812, 998, -26729
16815, 998, -26730
16818, 997, -26731
16822, 997, -26732
16825, 997, -26733
16829, 997, -26733
16833, 997, -26734
16837, 997, -26734
16840, 997, -26735
16843, 997, -26736
16846, 997, -26737
16850, 996, -26738
16853, 997, -26739
16856, 996, -26741
16860, 996, -26742
16863, 996, -26744
16867, 996, -26746
16870, 995, -26748
16873, 995, -26750
16877, 995, -26754
16881, 995, -26757
16885, 995, -26760
16888, 994, -26764
16893, 994, -26767
16897, 994, -26771
16901, 994, -26774
16904, 994, -26778
16908, 993, -26782
16913, 993, -26785
16916, 993, -26788
16919, 992, -26791
16922, 992, -26793
16926, 992, -26795
16930, 992, -26797
16933, 992, -26800
16937, 992, -26803
16941, 992, -26805
16945, 992, -26808
16949, 991, -26810
16952, 992, -26812
16955, 992, -26814
16958, 991, -26816
16962, 991, -26818
16965, 991, -26820
16968, 991, -26822
16972, 991, -26823
16975, 990, -26826
18989, 990, -26832
18993, 990, -26832
18997, 990, -26836
19000, 989, -26848
19004, 988, -26868
19008, 987, -26892
19011, 984, -26927
19015, 981, -26967
19019, 977, -27008
19022, 973, -27053
19026, 969, -27102
19029, 966, -27147
19032, 962, -27196
19036, 959, -27247
19039, 956, -27297
19042, 953, -27349
19046, 949, -27404
19049, 946, -27457
19052, 942, -27511
19055, 939, -27563
19058, 936, -27621
19062, 933, -27677
19065, 929, -27737
19068, 926, -27798
19072, 923, -27856
19075, 920, -27910
19078, 916, -27974
19082, 913, -28031
19085, 910, -28092
19089, 908, -28149
19092, 904, -28204
19095, 902, -28257
19099, 899, -28313
19102, 896, -28380
19106, 893, -28434
19110, 890, -28486
19113, 887, -28540
19117, 884, -28604
19121, 881, -28655
19124, 878, -28709
19128, 876, -28758
19131, 874, -28803
19135, 872, -28868
19139, 869, -28910
19142, 867, -28963
19146, 865, -29009
19149, 863, -29048
19153, 860, -29086
19156, 858, -29131
19159, 856, -29170
19162, 854, -29209
19166, 852, -29266
19170, 849, -29307
19173, 848, -29341
19177, 846, -29384
19181, 844, -29432
19185, 842, -29481
19189, 841, -29511
19192, 839, -29547
19196, 837, -29589
19199, 836, -29630
19204, 834, -29660
19208, 833, -29700
19212, 831, -29747
19216, 829, -29785
19220, 828, -29811
19224, 826, -29840
19227, 824, -29874
19231, 823, -29908
19235, 822, -29940
19239, 821, -29960
19243, 820, -29987
19246, 819, -30020
19250, 818, -30060
19255, 817, -30086
19258, 816, -30107
19261, 814, -30125
19265, 814, -30144
19268, 813, -30163
19271, 812, -30185
19274, 811, -30210
19277, 809, -30233
19281, 808, -30252
19284, 808, -30272
19288, 807, -30287
19292, 807, -30302
19295, 807, -30326
19299, 805, -30349
19303, 804, -30376
19306, 803, -30397
19310, 802, -30415
19313, 801, -30431
19317, 801, -30446
19321, 801, -30457
19324, 800, -30468
19328, 800, -30480
19331, 799, -30499
19336, 799, -30516
19339, 798, -30536
19342, 797, -30560
19346, 796, -30581
19351, 795, -30593
19354, 795, -30604
19358, 794, -30612
19361, 794, -30620
19364, 794, -30627
19367, 794, -30635
19370, 794, -30645
19374, 793, -30656
19377, 792, -30667
19380, 792, -30680
19383, 791, -30693
19386, 790, -30712
19390, 790, -30727
19393, 789, -30740
19397, 789, -30751
19401, 788, -30762
19405, 788, -30768
19408, 788, -30775
19412, 788, -30781
19416, 788, -30784
19419, 788, -30787
19422, 788, -30792
19427, 788, -30797
19431, 788, -30801
19434, 788, -30807
19438, 787, -30814
19442, 787, -30826
19446, 786, -30839
19450, 785, -30854
19454, 784, -30869
19458, 783, -30884
19461, 783, -30901
19466, 782, -30914
19469, 782, -30924
19472, 782, -30932
19476, 781, -30939
19479, 781, -30945
19482, 781, -30950
19485, 781, -30953
19489, 781, -30956
19492, 781, -30959
19495, 781, -30961
19498, 781, -30963
19501, 781, -30965
19505, 781, -30966
19509, 781, -30968
19512, 781, -30969
19517, 782, -30970
19521, 781, -30971
19525, 781, -30972
19528, 781, -30973
19531, 781, -30975
19536, 781, -30977
19540, 781, -30979
19544, 781, -30981
19548, 781, -30984
19552, 781, -30988
19557, 780, -30992
19560, 780, -30996
19564, 779, -31001
19568, 779, -31006
19572, 779, -31012
19577, 779, -31016
19580, 778, -31020
19583, 778, -31024
19586, 778, -31028
19589, 779, -31032
19592, 778, -31037
19596, 778, -31041
19599, 778, -31046
19602, 778, -31052
19607, 777, -31057
19610, 777, -31063
19614, 777, -31069
19619, 776, -31075
19622, 776, -31079
19626, 775, -31086
19630, 775, -31091
19634, 775, -31096
19638, 775, -31100
19641, 775, -31104
19645, 775, -31108
19649, 774, -31111
21663, 775, -31123
21666, 775, -31123
21669, 774, -31129
21673, 774, -31142
21676, 773, -31163
21679, 771, -31191
21682, 770, -31231
21686, 767, -31283
21689, 764, -31339
21692, 760, -31407
21695, 756, -31479
21699, 753, -31557
21702, 749, -31639
21705, 746, -31726
21709, 742, -31813
21712, 739, -31899
21715, 736, -31987
21718, 732, -32083
21721, 729, -32180
21725, 726, -32279
21728, 722, -32377
21731, 719, -32480
21735, 716, -32580
21738, 712, -32686
21741, 709, -32784
21744, 706, -32907
21748, 703, -33018
21751, 699, -33158
21755, 696, -33265
21759, 693, -33409
21763, 690, -33531
21767, 686, -33646
21770, 683, -33751
21773, 680, -33857
21777, 678, -33963
21780, 675, -34072
21783, 672, -34171
21786, 669, -34272
21789, 667, -34380
21792, 664, -34475
21795, 663, -34572
21799, 660, -34674
21802, 658, -34766
21805, 657, -34857
21808, 654, -34962
21811, 652, -35056
21814, 650, -35141
21817, 648, -35240
21820, 646, -35335
21823, 644, -35420
21826, 642, -35507
21829, 640, -35606
21833, 639, -35691
21836, 638, -35766
21839, 636, -35847
21842, 634, -35948
21846, 633, -36047
21850, 631, -36119
21853, 629, -36200
21856, 627, -36279
21859, 626, -36345
21862, 624, -36406
21865, 622, -36474
21868, 621, -36549
21872, 619, -36614
21875, 618, -36676
21878, 617, -36731
21881, 616, -36791
21885, 615, -36855
21888, 614, -36918
21891, 612, -36968
21894, 611, -37011
21897, 610, -37058
21901, 609, -37114
21904, 607, -37176
21907, 606, -37224
21911, 605, -37266
21914, 604, -37304
21917, 604, -37346
21920, 603, -37409
21925, 602, -37468
21929, 600, -37510
21932, 599, -37557
21936, 599, -37592
21940, 598, -37630
21943, 597, -37672
21947, 595, -37719
21950, 594, -37756
21953, 592, -37790
21957, 591, -37820
21961, 591, -37850
21964, 591, -37880
21968, 590, -37910
21971, 590, -37943
21975, 588, -37982
21978, 587, -38018
21981, 586, -38049
21985, 585, -38074
21989, 584, -38094
21992, 585, -38111
21995, 584, -38129
21999, 584, -38148
22002, 583, -38170
22005, 583, -38197
22008, 582, -38226
22012, 581, -38256
22015, 580, -38283
22018, 579, -38308
22022, 579, -38324
22025, 579, -38337
22029, 579, -38349
22032, 578, -38363
22036, 578, -38377
22040, 578, -38390
22043, 578, -38406
22046, 578, -38424
22049, 577, -38452
22054, 576, -38479
22057, 575, -38507
22061, 574, -38527
22064, 573, -38545
22068, 572, -38560
22072, 572, -38571
22075, 572, -38580
22078, 572, -38589
22082, 573, -38597
22087, 573, -38604
22090, 573, -38613
22095, 573, -38621
22099, 572, -38633
22102, 571, -38645
22106, 571, -38659
22109, 570, -38674
22112, 569, -38690
22115, 569, -38708
22118, 568, -38725
22121, 568, -38745
22125, 567, -38763
22128, 567, -38776
22131, 567, -38788
22134, 567, -38797
22138, 567, -38805
22141, 566, -38811
22144, 566, -38817
22147, 566, -38822
22150, 567, -38824
22153, 567, -38826
22156, 567, -38828
22160, 567, -38829
22163, 567, -38831
22166, 566, -38832
22169, 566, -38834
22172, 566, -38835
22175, 566, -38837
22178, 566, -38839
22181, 566, -38844
22186, 566, -38848
22189, 566, -38854
22194, 565, -38860
22197, 565, -38867
22201, 565, -38876
22205, 565, -38885
22208, 564, -38895
22212, 564, -38906
22215, 563, -38916
22219, 563, -38927
22222, 562, -38939
22225, 562, -38950
22228, 562, -38961
22231, 562, -38972
22235, 562, -38982
22238, 562, -38995
22242, 561, -39006
22246, 560, -39016
22249, 560, -39026
22253, 560, -39033
22257, 559, -39038
22260, 559, -39042
22263, 559, -39045
22267, 560, -39048
22270, 559, -39050
22273, 560, -39052
22277, 560, -39053
22280, 560, -39055
22284, 560, -39056
22287, 560, -39057
22291, 560, -39057
22294, 560, -39058
22299, 560, -39059
22303, 560, -39060
22307, 560, -39060
22311, 560, -39060
22314, 560, -39060
22319, 560, -39061
22323, 560, -39061
22327, 560, -39061
22330, 559, -39061
22333, 560, -39061
22336, 560, -39062
22339, 560, -39062
22343, 560, -39062
22346, 560, -39062
22349, 560, -39062
22353, 560, -39063
22357, 560, -39063
22361, 560, -39063
22364, 560, -39063
22367, 560, -39064
22371, 560, -39064
22374, 560, -39064
22378, 560, -39065
22381, 559, -39065
22385, 560, -39065
22389, 559, -39066
22392, 559, -39066
22396, 559, -39067
22400, 559, -39067
22405, 560, -39067
22409, 560, -39068
22412, 560, -39068
22416, 560, -39069
22421, 560, -39069
22424, 560, -39070
22427, 559, -39071
22431, 559, -39072
22435, 559, -39072
22438, 559, -39073
22441, 559, -39074
22444, 560, -39075
22448, 560, -39076
22451, 560, -39077
22454, 560, -39078
22458, 560, -39078
22461, 559, -39078
22464, 559, -39078
22468, 559, -39079
22471, 559, -39081
22476, 559, -39082
22479, 559, -39083
22482, 559, -39084
22486, 558, -39086
22489, 558, -39088
22493, 558, -39090
22497, 558, -39091
22501, 558, -39092
22504, 558, -39093
22507, 558, -39095
22510, 558, -39096
22513, 558, -39097
22517, 558, -39099
22520, 558, -39100
22523, 558, -39101
22527, 558, -39103
22530, 558, -39104
22533, 558, -39105
22536, 558, -39106
22540, 558, -39108
22543, 558, -39109
22546, 559, -39110
22550, 559, -39111
22553, 559, -39112
22556, 558, -39113
22559, 558, -39114
22562, 558, -39116
22566, 558, -39118
22570, 559, -39119
22574, 559, -39121
22578, 558, -39123
22581, 558, -39125
22585, 558, -39127
22589, 557, -39129
24603, 557, -39143
24606, 557, -39142
24610, 557, -39152
24613, 557, -39157
24616, 556, -39150
24621, 557, -39126
24624, 558, -39081
24627, 560, -39018
24631, 563, -38945
24634, 567, -38857
24637, 572, -38755
24641, 576, -38647
24644, 580, -38522
24647, 584, -38396
24650, 588, -38270
24654, 592, -38132
24657, 596, -37991
24660, 601, -37849
24664, 605, -37693
24667, 609, -37548
24670, 613, -37392
24674, 617, -37231
24677, 620, -37074
24680, 624, -36874
24685, 628, -36663
24690, 632, -36479
24693, 636, -36327
24696, 640, -36114
24701, 644, -35958
24705, 648, -35778
24708, 651, -35625
24712, 655, -35462
24716, 658, -35326
24719, 661, -35184
24723, 664, -35048
24726, 667, -34930
24729, 669, -34781
24733, 672, -34663
24737, 674, -34562
24740, 677, -34447
24743, 679, -34342
24747, 682, -34250
24750, 684, -34153
24753, 687, -34058
24756, 688, -33943
24761, 691, -33851
24764, 693, -33769
24767, 695, -33672
24772, 698, -33584
24775, 701, -33494
24779, 702, -33429
24782, 704, -33349
24787, 707, -33269
24790, 708, -33187
24794, 710, -33113
24799, 712, -33060
24802, 714, -33002
24805, 715, -32948
24809, 717, -32895
24812, 718, -32851
24815, 719, -32802
24819, 720, -32748
24822, 722, -32700
24825, 723, -32660
24829, 724, -32624
24832, 725, -32588
24835, 726, -32549
24838, 727, -32505
24841, 729, -32462
24845, 730, -32422
24848, 731, -32394
24851, 732, -32367
24855, 732, -32337
24858, 733, -32303
24861, 734, -32265
24864, 735, -32230
24867, 737, -32200
24870, 738, -32175
24873, 739, -32151
24877, 739, -32130
24880, 740, -32108
24883, 741, -32082
24886, 741, -32053
24890, 743, -32021
24893, 744, -31991
24896, 745, -31967
24899, 745, -31946
24902, 746, -31929
24905, 746, -31914
24908, 746, -31897
24912, 746, -31880
24915, 747, -31860
24918, 747, -31833
24923, 749, -31810
24926, 750, -31783
24930, 751, -31756
24934, 752, -31735
24938, 753, -31718
24942, 753, -31706
24945, 753, -31696
24948, 753, -31683
24952, 753, -31671
24955, 753, -31658
24958, 753, -31644
24962, 754, -31627
24965, 755, -31607
24969, 756, -31582
24973, 757, -31559
24978, 758, -31545
24981, 759, -31533
24984, 759, -31522
24988, 760, -31513
24991, 760, -31506
24995, 760, -31500
24998, 760, -31493
25003, 760, -31487
25006, 760, -31479
25010, 760, -31472
25014, 761, -31461
25018, 761, -31450
25022, 761, -31439
25025, 762, -31427
25029, 762, -31410
25033, 763, -31397
25036, 763, -31383
25040, 764, -31367
25044, 765, -31353
25047, 766, -31337
25052, 766, -31328
25055, 766, -31320
25058, 766, -31314
25061, 766, -31309
25065, 766, -31304
25068, 766, -31301
25071, 766, -31298
25075, 766, -31295
25079, 766, -31293
25082, 766, -31291
25086, 766, -31289
25089, 766, -31287
25093, 766, -31286
25096, 766, -31284
25100, 766, -31281
25105, 767, -31279
25108, 767, -31276
25112, 767, -31274
25115, 767, -31271
25119, 768, -31267
25122, 768, -31264
25125, 768, -31261
25129, 768, -31256
25133, 768, -31252
25136, 768, -31248
25139, 769, -31242
25144, 769, -31236
25148, 769, -31232
25151, 769, -31226
25155, 770, -31219
25159, 770, -31213
25164, 770, -31207
25167, 770, -31202
25170, 770, -31197
25173, 771, -31192
25176, 771, -31187
25179, 771, -31181
25183, 771, -31176
25186, 771, -31171
25189, 771, -31166
25192, 772, -31161
25195, 772, -31156
25198, 772, -31151
25202, 772, -31146
25205, 772, -31141
25209, 772, -31137
25212, 772, -31132
25215, 773, -31126
25219, 773, -31121
25224, 773, -31117
25227, 773, -31113
25231, 774, -31110
27245, 774, -31093
27248, 774, -31093
27251, 774, -31098
27254, 774, -31102
27257, 773, -31100
27260, 774, -31083
27264, 776, -31048
27267, 779, -31001
27270, 783, -30942
27273, 787, -30875
27276, 792, -30804
27279, 796, -30721
27283, 801, -30634
27286, 805, -30550
27289, 809, -30453
27293, 813, -30367
27296, 818, -30252
27300, 822, -30167
27303, 826, -30054
27308, 831, -29954
27311, 835, -29870
27314, 839, -29768
27318, 843, -29685
27322, 848, -29592
27326, 852, -29509
27329, 856, -29418
27333, 860, -29342
27336, 864, -29247
27341, 868, -29180
27344, 871, -29103
27348, 874, -29031
27352, 878, -28959
27356, 881, -28892
27360, 884, -28830
27363, 886, -28775
27366, 889, -28722
27369, 893, -28668
27373, 895, -28619
27376, 898, -28575
27379, 900, -28521
27382, 903, -28466
27386, 905, -28423
27390, 907, -28375
27393, 910, -28317
27398, 911, -28269
27402, 914, -28227
27405, 916, -28175
27409, 918, -28138
27413, 920, -28093
27417, 923, -28048
27421, 924, -28016
27424, 926, -27985
27428, 928, -27943
27432, 931, -27903
27436, 932, -27873
27439, 934, -27839
27444, 936, -27805
27448, 937, -27774
27452, 939, -27743
27455, 940, -27719
27459, 942, -27698
27462, 943, -27677
27465, 944, -27656
27468, 945, -27631
27471, 946, -27607
27474, 947, -27579
27479, 949, -27560
27482, 950, -27542
27486, 951, -27525
27489, 951, -27505
27493, 953, -27477
27497, 954, -27451
27501, 955, -27435
27505, 956, -27421
27508, 957, -27405
27512, 957, -27389
27516, 957, -27372
27519, 959, -27354
27523, 960, -27334
27526, 962, -27312
27531, 963, -27299
27534, 963, -27288
27538, 964, -27277
27542, 964, -27268
27546, 964, -27255
27550, 965, -27245
27553, 966, -27233
27557, 966, -27219
27560, 967, -27201
27564, 969, -27186
27567, 970, -27175
27571, 971, -27166
27574, 971, -27159
27577, 971, -27152
27580, 971, -27146
27583, 971, -27140
27587, 971, -27135
27590, 972, -27128
27593, 972, -27119
27598, 973, -27110
27601, 974, -27101
27604, 974, -27087
27609, 975, -27076
27612, 975, -27061
27616, 976, -27050
27620, 977, -27042
27623, 978, -27036
27626, 978, -27030
27630, 978, -27026
27633, 978, -27022
27638, 978, -27018
27642, 978, -27016
27646, 978, -27013
27649, 978, -27011
27653, 978, -27008
27657, 978, -27005
27661, 979, -27001
27664, 979, -26998
27667, 979, -26993
27671, 980, -26987
27675, 980, -26981
27680, 980, -26975
27683, 980, -26970
27686, 981, -26963
27689, 982, -26957
27693, 983, -26950
27696, 983, -26943
27699, 984, -26936
27702, 984, -26928
27706, 985, -26920
27709, 985, -26913
27713, 985, -26908
27716, 986, -26903
27719, 986, -26899
27723, 985, -26895
27727, 985, -26893
27731, 985, -26891
27735, 985, -26889
27738, 985, -26887
27742, 985, -26886
27745, 986, -26885
27748, 986, -26884
27751, 986, -26884
27755, 986, -26883
27758, 986, -26883
27761, 985, -26882
27766, 985, -26881
27769, 986, -26881
27773, 986, -26881
27776, 986, -26880
27780, 986, -26880
27784, 986, -26880
27788, 985, -26879
27792, 985, -26879
27795, 985, -26878
27799, 985, -26878
27802, 985, -26877
27805, 985, -26876
27808, 985, -26876
27812, 986, -26875
27816, 986, -26873
27819, 986, -26872
27823, 986, -26870
27827, 987, -26868
27831, 986, -26866
27834, 986, -26865
27838, 986, -26863
27841, 986, -26862
27845, 987, -26860
27849, 987, -26858
27852, 987, -26856
27856, 988, -26854
27859, 988, -26852
27862, 988, -26850
27867, 988, -26847
27871, 988, -26845
27875, 988, -26843
27879, 988, -26842
27883, 988, -26840
27887, 988, -26838
27891, 988, -26837
27895, 988, -26835
27899, 989, -26833
27903, 988, -26832
27906, 988, -26831
27909, 988, -26830
27912, 988, -26828
27915, 988, -26827
27918, 988, -26826
27922, 989, -26825
27925, 989, -26823
27928, 989, -26821
27931, 989, -26820
27935, 989, -26818
27938, 989, -26817
27942, 989, -26815
27945, 989, -26814
27950, 990, -26813
29963, 990, -26807
29966, 990, -26809
29971, 990, -26813
29974, 990, -26813
29978, 991, -26800
29982, 992, -26776
29985, 995, -26740
29988, 999, -26694
29991, 1004, -26643
29995, 1009, -26590
29998, 1014, -26530
30001, 1019, -26468
30004, 1024, -26402
30008, 1028, -26331
30011, 1033, -26263
30014, 1037, -26197
30018, 1042, -26124
30021, 1046, -26056
30024, 1050, -25989
30028, 1055, -25921
30031, 1058, -25839
30035, 1062, -25768
30038, 1066, -25703
30042, 1070, -25632
30045, 1074, -25567
30049, 1078, -25493
30053, 1082, -25426
30057, 1085, -25365
30060, 1089, -25304
30064, 1092, -25229
30068, 1096, -25176
30071, 1099, -25121
30075, 1102, -25072
30078, 1105, -25027
30081, 1108, -24973
30085, 1111, -24922
30088, 1113, -24863
30093, 1116, -24816
30096, 1118, -24776
30100, 1121, -24732
30103, 1123, -24688
30106, 1126, -24650
30110, 1127, -24611
30113, 1130, -24557
30117, 1132, -24516
30121, 1134, -24484
30124, 1136, -24436
30129, 1139, -24391
30133, 1140, -24349
30137, 1142, -24319
30140, 1145, -24277
30145, 1147, -24236
30149, 1148, -24207
30153, 1150, -24178
30157, 1152, -24135
30161, 1154, -24102
30165, 1156, -24069
30170, 1158, -24045
30173, 1159, -24017
30177, 1161, -23990
30180, 1163, -23959
30184, 1164, -23939
30188, 1165, -23914
30193, 1166, -23888
30197, 1167, -23866
30200, 1169, -23840
30204, 1170, -23817
30207, 1171, -23800
30210, 1172, -23784
30213, 1173, -23770
30216, 1173, -23755
30220, 1174, -23741
30223, 1175, -23725
30226, 1176, -23707
30230, 1177, -23682
30234, 1179, -23664
30238, 1179, -23652
30241, 1180, -23640
30245, 1180, -23628
30249, 1181, -23616
30252, 1181, -23604
30256, 1182, -23591
30259, 1183, -23574
30263, 1184, -23554
30267, 1185, -23533
30271, 1187, -23516
30274, 1187, -23501
30279, 1187, -23489
30283, 1188, -23479
30287, 1188, -23472
30290, 1188, -23464
30294, 1188, -23457
30299, 1189, -23450
30303, 1189, -23441
30307, 1190, -23432
30310, 1191, -23419
30314, 1192, -23408
30318, 1193, -23395
30321, 1194, -23383
30324, 1194, -23374
30327, 1195, -23365
30331, 1195, -23357
30334, 1195, -23352
30337, 1195, -23347
30340, 1195, -23342
30344, 1195, -23337
30348, 1195, -23333
30352, 1195, -23329
30356, 1195, -23326
30360, 1195, -23321
30364, 1196, -23316
30369, 1196, -23310
30372, 1196, -23302
30377, 1197, -23296
30380, 1197, -23290
30384, 1197, -23282
30388, 1198, -23272
30392, 1198, -23262
30397, 1199, -23252
30401, 1199, -23243
30405, 1200, -23232
30409, 1200, -23223
30412, 1201, -23213
30416, 1202, -23207
30420, 1202, -23202
30424, 1202, -23198
30429, 1203, -23196
30432, 1202, -23194
30435, 1202, -23192
30438, 1202, -23191
30442, 1202, -23190
30445, 1202, -23189
30448, 1202, -23187
30452, 1203, -23187
30456, 1202, -23186
30459, 1202, -23186
30463, 1202, -23185
30467, 1203, -23185
30471, 1203, -23184
30474, 1203, -23184
30477, 1203, -23184
30480, 1203, -23183
30484, 1203, -23182
30488, 1203, -23182
30492, 1203, -23181
30496, 1203, -23181
30500, 1203, -23180
30504, 1203, -23179
30508, 1203, -23179
30511, 1203, -23178
30515, 1203, -23177
30519, 1203, -23176
30523, 1203, -23175
30526, 1204, -23173
30531, 1204, -23171
30534, 1204, -23170
30538, 1204, -23169
30541, 1204, -23167
30544, 1204, -23166
30547, 1204, -23165
30550, 1204, -23163
30554, 1204, -23162
30557, 1204, -23161
30560, 1204, -23160
30563, 1204, -23158
30566, 1204, -23157
30570, 1204, -23155
30573, 1205, -23153
30576, 1205, -23152
30580, 1205, -23150
30584, 1205, -23148
30587, 1205, -23147
30590, 1205, -23145
30594, 1205, -23143
30599, 1205, -23141
30603, 1205, -23139
30606, 1206, -23137
30610, 1206, -23136
30614, 1206, -23134
30619, 1206, -23132
30622, 1206, -23131
30626, 1205, -23129
30629, 1206, -23128
30633, 1206, -23127
30636, 1206, -23125
30640, 1206, -23124
30643, 1206, -23123
30646, 1206, -23122
30650, 1206, -23121
30653, 1206, -23120
30656, 1206, -23119
30659, 1206, -23118
30662, 1206, -23117
30665, 1206, -23117
30668, 1206, -23116
30672, 1206, -23115
30675, 1206, -23114
30678, 1206, -23113
30681, 1207, -23112
32694, 1207, -23107
32698, 1207, -23108
32701, 1207, -23113
32706, 1207, -23114
32709, 1208, -23094
32714, 1210, -23057
32717, 1212, -23009
32721, 1216, -22955
32724, 1221, -22884
32728, 1226, -22817
32731, 1232, -22741
32734, 1237, -22663
32738, 1242, -22586
32741, 1246, -22504
32744, 1251, -22419
32747, 1255, -22334
32751, 1260, -22244
32754, 1264, -22153
32757, 1268, -22066
32760, 1272, -21966
32764, 1276, -21880
32767, 1280, -21796
32771, 1284, -21708
32774, 1288, -21611
32778, 1292, -21523
32781, 1295, -21420
32785, 1298, -21332
32788, 1301, -21242
32792, 1305, -21159
32795, 1308, -21072
32799, 1312, -20994
32802, 1315, -20900
32806, 1319, -20818
32810, 1322, -20717
32814, 1325, -20638
32817, 1328, -20563
32821, 1331, -20465
32825, 1334, -20372
32830, 1337, -20306
32833, 1339, -20234
32836, 1342, -20168
32839, 1344, -20112
32843, 1346, -20052
32846, 1348, -19982
32849, 1350, -19922
32852, 1351, -19842
32857, 1354, -19776
32861, 1356, -19713
32864, 1358, -19646
32868, 1360, -19594
32872, 1362, -19525
32876, 1364, -19467
32879, 1365, -19400
32884, 1367, -19354
32887, 1368, -19298
32891, 1370, -19246
32894, 1372, -19198
32897, 1373, -19153
32901, 1375, -19100
32906, 1376, -19054
32909, 1378, -19006
32913, 1379, -18962
32916, 1380, -18924
32919, 1381, -18892
32922, 1382, -18863
32925, 1383, -18832
32929, 1384, -18799
32932, 1385, -18758
32936, 1387, -18714
32939, 1388, -18679
32942, 1389, -18651
32945, 1390, -18625
32949, 1391, -18603
32952, 1391, -18583
32955, 1392, -18562
32958, 1393, -18538
32961, 1394, -18509
32964, 1395, -18478
32967, 1395, -18447
32971, 1397, -18418
32974, 1397, -18395
32977, 1398, -18376
32981, 1398, -18358
32984, 1399, -18342
32988, 1399, -18325
32992, 1399, -18309
32995, 1400, -18292
32998, 1401, -18271
33002, 1402, -18247
33005, 1403, -18222
33008, 1404, -18196
33012, 1405, -18170
33016, 1405, -18152
33020, 1406, -18135
33024, 1406, -18124
33027, 1405, -18110
33032, 1405, -18100
33036, 1405, -18090
33039, 1406, -18080
33043, 1407, -18069
33047, 1408, -18056
33050, 1408, -18043
33054, 1409, -18030
33057, 1409, -18017
33060, 1410, -18002
33063, 1410, -17985
33067, 1411, -17967
33070, 1412, -17951
33073, 1413, -17938
33076, 1413, -17927
33079, 1413, -17916
33083, 1413, -17908
33087, 1413, -17902
33090, 1413, -17897
33094, 1413, -17892
33097, 1413, -17889
33100, 1413, -17886
33103, 1413, -17883
33107, 1413, -17880
33110, 1414, -17876
33113, 1414, -17872
33117, 1414, -17867
33120, 1414, -17863
33123, 1415, -17857
33126, 1415, -17852
33129, 1415, -17847
33132, 1415, -17840
33135, 1415, -17834
33138, 1415, -17828
33142, 1415, -17822
33145, 1416, -17815
33148, 1416, -17808
33151, 1417, -17800
33154, 1417, -17793
33158, 1417, -17786
33161, 1417, -17779
33164, 1418, -17772
33167, 1418, -17766
33170, 1419, -17759
33173, 1419, -17753
33177, 1419, -17746
33180, 1419, -17740
33183, 1419, -17734
33186, 1419, -17728
33189, 1419, -17722
33192, 1420, -17716
33195, 1420, -17710
33198, 1420, -17703
33202, 1420, -17698
33205, 1421, -17694
33208, 1420, -17691
33211, 1421, -17689
33214, 1421, -17686
33217, 1421, -17685
33220, 1420, -17683
33223, 1420, -17682
33227, 1421, -17681
33230, 1421, -17680
33233, 1421, -17679
33236, 1421, -17679
33240, 1421, -17678
33243, 1421, -17678
33247, 1421, -17677
33250, 1421, -17677
33255, 1421, -17677
33258, 1421, -17677
33262, 1421, -17677
33265, 1421, -17677
33268, 1421, -17677
33272, 1421, -17676
33275, 1421, -17676
33278, 1421, -17675
33281, 1420, -17675
33285, 1421, -17674
33289, 1421, -17674
33293, 1421, -17674
33296, 1421, -17674
33299, 1421, -17674
33302, 1421, -17674
33305, 1421, -17674
33308, 1421, -17673
33311, 1422, -17673
33315, 1421, -17673
33318, 1422, -17673
33321, 1421, -17673
33325, 1421, -17672
33328, 1421, -17672
33331, 1420, -17672
33334, 1420, -17672
33337, 1420, -17672
33340, 1420, -17671
33344, 1420, -17671
33347, 1421, -17671
33350, 1421, -17671
33353, 1421, -17670
33356, 1421, -17670
33359, 1421, -17670
33362, 1421, -17670
33365, 1421, -17669
33368, 1421, -17669
33371, 1421, -17669
33374, 1421, -17669
33377, 1420, -17669
33381, 1420, -17668
33384, 1420, -17667
33387, 1420, -17667
33390, 1421, -17666
33393, 1421, -17665
33396, 1421, -17664
33399, 1421, -17663
33402, 1421, -17662
33405, 1421, -17661
33409, 1421, -17660
33412, 1421, -17659
33415, 1421, -17658
33418, 1422, -17657
33421, 1421, -17656
33424, 1421, -17654
33427, 1421, -17653
33430, 1421, -17651
33434, 1421, -17650
33437, 1422, -17649
33440, 1422, -17647
33443, 1422, -17646
33446, 1422, -17645
33450, 1422, -17643
33453, 1422, -17642
33456, 1422, -17641
33459, 1422, -17639
33463, 1422, -17638
33466, 1422, -17637
33469, 1422, -17636
33473, 1422, -17634
33477, 1422, -17634
33481, 1422, -17633
33484, 1422, -17632
33487, 1422, -17631
33490, 1423, -17630
35503, 1422, -17602
35508, 1422, -17604
35512, 1423, -17612
35515, 1423, -17613
35519, 1424, -17596
35523, 1426, -17553
35526, 1429, -17498
35530, 1432, -17430
35533, 1437, -17353
35536, 1442, -17266
35540, 1447, -17138
35544, 1452, -17025
35548, 1457, -16902
35552, 1463, -16804
35555, 1469, -16668
35560, 1474, -16541
35564, 1479, -16399
35568, 1485, -16289
35572, 1489, -16192
35575, 1494, -16065
35579, 1499, -15945
35584, 1504, -15848
35587, 1508, -15727
35591, 1512, -15644
35595, 1517, -15559
35598, 1521, -15479
35601, 1524, -15400
35605, 1528, -15325
35608, 1531, -15257
35611, 1534, -15189
35614, 1536, -15117
35618, 1539, -15055
35621, 1541, -14977
35625, 1544, -14904
35629, 1546, -14827
35633, 1549, -14761
35636, 1552, -14706
35640, 1555, -14655
35643, 1557, -14580
35647, 1560, -14516
35652, 1562, -14469
35655, 1565, -14417
35658, 1568, -14370
35661, 1570, -14324
35665, 1572, -14278
35669, 1574, -14230
35672, 1575, -14187
35675, 1577, -14147
35679, 1578, -14096
35683, 1580, -14056
35687, 1583, -14013
35690, 1584, -13975
35694, 1586, -13933
35699, 1587, -13898
35702, 1589, -13861
35705, 1591, -13827
35709, 1592, -13799
35712, 1594, -13773
35715, 1595, -13750
35718, 1596, -13725
35721, 1597, -13696
35724, 1599, -13664
35728, 1600, -13631
35732, 1601, -13609
35736, 1602, -13589
35739, 1603, -13567
35743, 1603, -13537
35747, 1605, -13503
35751, 1606, -13477
35755, 1608, -13453
35759, 1609, -13429
35763, 1611, -13414
35767, 1611, -13398
35770, 1611, -13380
35774, 1612, -13356
35779, 1613, -13329
35783, 1614, -13307
35786, 1616, -13287
35790, 1616, -13271
35793, 1617, -13257
35796, 1617, -13245
35800, 1618, -13234
35803, 1618, -13225
35806, 1618, -13214
35810, 1619, -13203
35813, 1619, -13192
35816, 1620, -13180
35820, 1620, -13167
35823, 1621, -13153
35826, 1622, -13137
35829, 1623, -13122
35832, 1624, -13110
35835, 1624, -13099
35839, 1625, -13090
35842, 1625, -13080
35847, 1624, -13074
35850, 1625, -13069
35853, 1625, -13064
35856, 1625, -13058
35861, 1626, -13052
35864, 1626, -13046
35867, 1626, -13040
35871, 1627, -13033
35875, 1627, -13022
35879, 1627, -13012
35882, 1629, -13003
35886, 1629, -12991
35889, 1630, -12976
35893, 1631, -12962
35897, 1632, -12949
35901, 1632, -12939
35904, 1632, -12927
35909, 1633, -12918
35913, 1633, -12911
35917, 1632, -12906
35922, 1632, -12903
35925, 1632, -12899
35929, 1633, -12897
35932, 1633, -12896
35935, 1632, -12894
35939, 1632, -12893
35942, 1632, -12891
35945, 1632, -12890
35948, 1632, -12889
35952, 1633, -12888
35955, 1633, -12886
35960, 1634, -12884
35964, 1633, -12882
35967, 1633, -12880
35971, 1633, -12878
35974, 1633, -12876
35978, 1633, -12872
35982, 1634, -12869
35985, 1634, -12865
35989, 1635, -12861
35993, 1635, -12856
35997, 1635, -12851
36001, 1635, -12848
36005, 1635, -12843
36009, 1635, -12840
36012, 1635, -12836
36015, 1636, -12831
36018, 1636, -12827
36022, 1636, -12823
36025, 1636, -12819
36028, 1637, -12815
36031, 1637, -12811
36034, 1637, -12807
36038, 1638, -12804
36041, 1638, -12800
36044, 1638, -12797
36047, 1638, -12793
36050, 1638, -12790
36053, 1638, -12787
36056, 1639, -12785
36059, 1638, -12783
36062, 1639, -12780
36066, 1639, -12777
36069, 1639, -12775
36072, 1639, -12773
36075, 1639, -12771
36079, 1639, -12769
36082, 1639, -12767
36085, 1639, -12765
36088, 1640, -12763
38101, 1640, -12751
38106, 1640, -12751
38110, 1639, -12756
38113, 1639, -12758
38116, 1639, -12753
38120, 1640, -12735
38123, 1642, -12704
38126, 1645, -12663
38129, 1648, -12609
38133, 1653, -12549
38136, 1658, -12480
38139, 1663, -12406
38143, 1668, -12327
38146, 1674, -12247
38149, 1678, -12166
38152, 1683, -12083
38155, 1687, -12001
38159, 1691, -11908
38162, 1695, -11805
38166, 1699, -11717
38170, 1704, -11635
38173, 1708, -11524
38177, 1712, -11441
38180, 1717, -11353
38184, 1721, -11264
38188, 1725, -11174
38191, 1729, -11083
38195, 1733, -10999
38199, 1737, -10917
38203, 1740, -10820
38207, 1743, -10734
38211, 1747, -10655
38215, 1751, -10572
38219, 1754, -10486
38223, 1758, -10424
38227, 1761, -10364
38230, 1764, -10302
38233, 1766, -10248
38236, 1768, -10194
38240, 1771, -10134
38243, 1774, -10076
38246, 1775, -10027
38250, 1777, -9976
38253, 1780, -9922
38256, 1781, -9863
38260, 1783, -9818
38263, 1786, -9752
38268, 1788, -9698
38271, 1789, -9658
38275, 1791, -9619
38278, 1793, -9573
38281, 1796, -9524
38285, 1797, -9484
38288, 1799, -9451
38291, 1800, -9415
38294, 1802, -9360
38299, 1803, -9314
38302, 1805, -9269
38307, 1806, -9233
38311, 1808, -9202
38314, 1809, -9165
38317, 1811, -9124
38321, 1812, -9092
38324, 1813, -9066
38328, 1814, -9043
38331, 1815, -9019
38334, 1816, -8989
38337, 1817, -8957
38341, 1819, -8925
38344, 1820, -8898
38347, 1821, -8874
38350, 1822, -8855
38354, 1822, -8836
38357, 1823, -8818
38360, 1823, -8797
38363, 1824, -8776
38366, 1825, -8744
38370, 1826, -8716
38373, 1827, -8690
38377, 1829, -8669
38380, 1829, -8646
38385, 1830, -8632
38388, 1830, -8618
38391, 1830, -8604
38395, 1831, -8582
38399, 1832, -8561
38402, 1833, -8537
38406, 1834, -8509
38410, 1835, -8488
38414, 1836, -8467
38418, 1837, -8454
38421, 1837, -8442
38425, 1837, -8429
38429, 1837, -8419
38433, 1837, -8410
38437, 1837, -8395
38441, 1838, -8381
38445, 1839, -8361
38450, 1840, -8347
38453, 1840, -8332
38456, 1842, -8313
38459, 1843, -8295
38462, 1844, -8278
38466, 1844, -8265
38469, 1844, -8253
38472, 1844, -8242
38476, 1844, -8232
38481, 1844, -8226
38484, 1844, -8221
38487, 1844, -8216
38491, 1844, -8211
38495, 1844, -8206
38499, 1844, -8202
38503, 1845, -8196
38507, 1845, -8188
38512, 1845, -8182
38516, 1846, -8174
38519, 1846, -8167
38522, 1847, -8157
38527, 1847, -8145
38531, 1848, -8135
38535, 1848, -8124
38538, 1848, -8111
38542, 1849, -8098
38546, 1850, -8088
38550, 1850, -8078
38553, 1851, -8065
38557, 1851, -8053
38562, 1851, -8046
38565, 1851, -8041
38568, 1851, -8036
38571, 1852, -8032
38574, 1852, -8029
38578, 1851, -8027
38581, 1851, -8024
38584, 1851, -8023
38588, 1851, -8021
38591, 1851, -8020
38595, 1851, -8019
38599, 1851, -8018
38602, 1851, -8016
38606, 1852, -8016
38610, 1852, -8015
38613, 1852, -8014
38617, 1852, -8013
38621, 1852, -8013
38625, 1852, -8012
38628, 1852, -8012
38632, 1851, -8011
38636, 1852, -8010
38640, 1851, -8010
38643, 1851, -8009
38647, 1851, -8008
38652, 1852, -8006
38655, 1851, -8005
38658, 1852, -8004
38661, 1852, -8002
38665, 1852, -7999
38669, 1852, -7997
38673, 1852, -7994
38676, 1852, -7992
38679, 1852, -7990
38683, 1853, -7987
38686, 1852, -7984
38689, 1853, -7980
38692, 1853, -7977
38696, 1853, -7973
38700, 1853, -7970
38703, 1853, -7967
38707, 1853, -7963
38710, 1853, -7960
38714, 1854, -7956
38718, 1854, -7952
38722, 1854, -7949
38725, 1854, -7946
38729, 1854, -7943
38732, 1854, -7940
38736, 1854, -7938
38739, 1854, -7935
38743, 1855, -7932
38747, 1855, -7930
38751, 1855, -7927
38755, 1855, -7925
38758, 1855, -7923
38762, 1855, -7920
38766, 1855, -7918
38770, 1855, -7917
38773, 1855, -7915
38777, 1855, -7913
38781, 1855, -7912
38785, 1855, -7911
38788, 1855, -7909
38792, 1855, -7908
38795, 1855, -7907
38798, 1856, -7906
