5030, 2072, -7
5034, 2071, -7
5037, 2071, -13
5040, 2070, -31
5043, 2070, -66
5046, 2068, -115
5050, 2066, -172
5053, 2064, -241
5056, 2060, -331
5059, 2056, -431
5063, 2052, -537
5066, 2048, -662
5069, 2044, -802
5073, 2040, -938
5076, 2035, -1089
5079, 2031, -1247
5083, 2027, -1408
5086, 2022, -1587
5090, 2017, -1759
5093, 2013, -1940
5097, 2010, -2158
5101, 2005, -2361
5105, 2001, -2517
5108, 1997, -2674
5111, 1994, -2825
5115, 1990, -2982
5118, 1986, -3123
5121, 1983, -3268
5125, 1980, -3423
5128, 1977, -3554
5131, 1974, -3685
5134, 1971, -3805
5137, 1968, -3929
5140, 1966, -4046
5144, 1963, -4152
5147, 1961, -4261
5150, 1959, -4364
5153, 1957, -4457
5156, 1954, -4561
5159, 1952, -4681
5163, 1950, -4771
5166, 1947, -4868
5170, 1945, -4967
5173, 1943, -5043
5177, 1940, -5160
5181, 1938, -5249
5185, 1937, -5321
5188, 1934, -5402
5191, 1932, -5495
5195, 1930, -5569
5199, 1928, -5649
5203, 1925, -5742
5208, 1923, -5803
5211, 1922, -5864
5215, 1920, -5923
5218, 1917, -5991
5222, 1916, -6053
5225, 1915, -6104
5229, 1913, -6151
5232, 1912, -6201
5236, 1911, -6256
5239, 1909, -6300
5242, 1908, -6340
5245, 1906, -6376
5249, 1905, -6415
5252, 1904, -6460
5255, 1903, -6504
5258, 1901, -6544
5262, 1900, -6579
5265, 1899, -6608
5269, 1899, -6636
5272, 1898, -6671
5275, 1897, -6718
5279, 1895, -6754
5283, 1894, -6786
5286, 1893, -6812
5289, 1892, -6838
5293, 1892, -6864
5297, 1891, -6895
5300, 1890, -6931
5304, 1889, -6967
5307, 1888, -6996
5312, 1887, -7029
5315, 1886, -7048
5319, 1885, -7064
5322, 1885, -7080
5325, 1885, -7099
5329, 1884, -7121
5332, 1883, -7147
5335, 1882, -7175
5339, 1881, -7203
5342, 1880, -7225
5345, 1879, -7243
5349, 1879, -7258
5352, 1879, -7270
5355, 1879, -7282
5359, 1878, -7293
5362, 1878, -7305
5365, 1878, -7317
5368, 1877, -7330
5371, 1877, -7349
5376, 1876, -7378
5380, 1875, -7401
5383, 1874, -7420
5387, 1873, -7438
5391, 1873, -7455
5395, 1872, -7465
5398, 1872, -7474
5402, 1872, -7482
5405, 1872, -7489
5409, 1872, -7496
5413, 1872, -7503
5416, 1872, -7513
5421, 1872, -7524
5425, 1871, -7537
5429, 1871, -7550
5433, 1870, -7567
5436, 1869, -7587
5441, 1868, -7609
5445, 1867, -7624
5449, 1867, -7638
5453, 1866, -7647
5456, 1866, -7655
5460, 1866, -7661
5464, 1866, -7667
5467, 1865, -7672
5472, 1865, -7675
5475, 1865, -7678
5479, 1865, -7681
5482, 1865, -7683
5485, 1865, -7685
5488, 1865, -7688
5491, 1865, -7690
5494, 1865, -7693
5498, 1865, -7696
5501, 1865, -7699
5504, 1865, -7703
5508, 1865, -7709
5512, 1865, -7715
5516, 1864, -7722
5519, 1864, -7732
5523, 1863, -7739
5527, 1863, -7749
5531, 1863, -7759
5535, 1862, -7769
5539, 1862, -7778
5542, 1862, -7788
5546, 1861, -7797
5549, 1861, -7810
5553, 1860, -7818
5556, 1860, -7827
5559, 1860, -7837
5564, 1859, -7846
5567, 1859, -7853
5572, 1858, -7857
5575, 1858, -7861
5579, 1858, -7864
5582, 1858, -7867
5586, 1858, -7869
5590, 1859, -7871
5593, 1859, -7872
5597, 1859, -7873
5600, 1859, -7874
5604, 1859, -7874
5607, 1858, -7875
5610, 1858, -7875
5613, 1858, -7876
5616, 1859, -7876
5620, 1858, -7876
5623, 1858, -7877
5626, 1859, -7877
5630, 1858, -7878
5633, 1859, -7878
5636, 1859, -7878
5640, 1859, -7878
5645, 1859, -7878
5648, 1859, -7878
5652, 1859, -7878
5656, 1858, -7878
5660, 1858, -7878
5663, 1858, -7878
5667, 1858, -7879
5671, 1858, -7879
5675, 1859, -7879
5679, 1859, -7880
5682, 1859, -7880
5685, 1859, -7880
5689, 1859, -7881
5693, 1859, -7881
5697, 1859, -7882
5701, 1859, -7882
5704, 1859, -7882
5708, 1859, -7882
5711, 1859, -7882
5715, 1859, -7882
5718, 1858, -7883
5721, 1858, -7883
5725, 1858, -7884
5728, 1858, -7884
5731, 1859, -7884
5735, 1859, -7885
5738, 1859, -7885
5742, 1859, -7885
5746, 1858, -7885
5749, 1858, -7885
5753, 1858, -7885
5756, 1858, -7886
5759, 1858, -7886
5762, 1858, -7887
5766, 1858, -7887
5769, 1858, -7888
5772, 1858, -7888
5775, 1858, -7889
5780, 1858, -7889
5783, 1858, -7890
5786, 1858, -7891
5790, 1858, -7892
5793, 1858, -7893
5797, 1858, -7894
5801, 1858, -7895
5806, 1858, -7896
5809, 1858, -7897
5812, 1858, -7898
5815, 1858, -7899
5819, 1858, -7900
5822, 1858, -7902
5825, 1858, -7903
5829, 1857, -7905
5832, 1857, -7906
5836, 1857, -7908
5839, 1857, -7909
5842, 1857, -7911
5846, 1858, -7912
5849, 1858, -7914
5852, 1858, -7915
5855, 1858, -7917
5858, 1858, -7918
5862, 1858, -7919
5865, 1858, -7921
5868, 1857, -7923
5871, 1857, -7924
5875, 1857, -7926
5878, 1857, -7928
5882, 1857, -7929
5885, 1857, -7931
5888, 1857, -7932
5891, 1857, -7934
5894, 1857, -7935
5898, 1856, -7937
7911, 1856, -7954
7915, 1855, -7954
7919, 1855, -7959
7922, 1855, -7971
7926, 1854, -7991
7929, 1853, -8024
7933, 1851, -8065
7936, 1849, -8117
7940, 1845, -8171
7943, 1842, -8235
7947, 1838, -8307
7951, 1835, -8375
7954, 1831, -8453
7958, 1828, -8529
7961, 1825, -8601
7964, 1822, -8675
7968, 1818, -8757
7972, 1815, -8833
7975, 1812, -8911
7979, 1808, -8990
7983, 1805, -9067
7986, 1802, -9139
7989, 1798, -9207
7992, 1795, -9283
7995, 1792, -9354
7999, 1789, -9430
8002, 1786, -9496
8005, 1783, -9564
8008, 1780, -9626
8011, 1777, -9691
8014, 1774, -9754
8018, 1772, -9819
8021, 1769, -9887
8024, 1766, -9945
8027, 1764, -10008
8030, 1761, -10065
8034, 1759, -10126
8037, 1756, -10186
8040, 1754, -10239
8043, 1751, -10297
8046, 1749, -10350
8049, 1747, -10404
8053, 1745, -10460
8056, 1742, -10511
8059, 1740, -10563
8063, 1737, -10621
8066, 1734, -10673
8070, 1733, -10719
8073, 1730, -10776
8077, 1728, -10838
8081, 1726, -10881
8085, 1724, -10935
8088, 1721, -10996
8093, 1719, -11052
8097, 1717, -11112
8101, 1715, -11149
8104, 1713, -11184
8108, 1710, -11224
8111, 1708, -11265
8114, 1707, -11301
8117, 1705, -11332
8120, 1704, -11366
8123, 1702, -11403
8127, 1701, -11448
8131, 1700, -11479
8135, 1698, -11512
8138, 1696, -11547
8142, 1694, -11587
8145, 1693, -11620
8149, 1691, -11649
8153, 1690, -11673
8157, 1689, -11712
8161, 1687, -11743
8164, 1686, -11768
8167, 1684, -11792
8171, 1683, -11819
8175, 1682, -11841
8179, 1681, -11869
8182, 1680, -11897
8186, 1679, -11923
8189, 1678, -11945
8193, 1676, -11963
8196, 1675, -11977
8199, 1675, -11992
8202, 1675, -12009
8206, 1674, -12030
8209, 1673, -12054
8213, 1672, -12075
8216, 1670, -12092
8219, 1669, -12108
8222, 1669, -12121
8226, 1669, -12133
8229, 1668, -12145
8232, 1668, -12158
8236, 1668, -12172
8239, 1667, -12189
8242, 1666, -12210
8245, 1665, -12228
8249, 1664, -12243
8252, 1664, -12256
8255, 1663, -12267
8258, 1663, -12277
8261, 1663, -12287
8266, 1662, -12296
8269, 1662, -12304
8273, 1661, -12316
8277, 1661, -12331
8281, 1660, -12347
8285, 1659, -12367
8290, 1658, -12388
8293, 1657, -12405
8298, 1656, -12417
8302, 1656, -12426
8306, 1656, -12433
8309, 1656, -12439
8312, 1656, -12444
8316, 1655, -12448
8319, 1655, -12453
8322, 1655, -12458
8325, 1655, -12463
8328, 1655, -12468
8332, 1654, -12475
8335, 1654, -12483
8338, 1654, -12491
8341, 1653, -12500
8344, 1653, -12514
8349, 1652, -12527
8352, 1651, -12539
8356, 1651, -12549
8359, 1650, -12558
8362, 1649, -12567
8366, 1649, -12573
8370, 1649, -12578
8373, 1649, -12582
8377, 1649, -12586
8382, 1649, -12589
8385, 1649, -12591
8389, 1649, -12593
8393, 1649, -12596
8397, 1649, -12598
8401, 1649, -12599
8405, 1649, -12600
8408, 1649, -12602
8412, 1649, -12604
8415, 1648, -12607
8419, 1648, -12609
8423, 1648, -12612
8426, 1648, -12617
8431, 1648, -12620
8434, 1648, -12624
8437, 1647, -12629
8440, 1647, -12633
8444, 1646, -12638
8447, 1646, -12644
8450, 1646, -12650
8453, 1645, -12657
8456, 1645, -12666
8461, 1645, -12673
8464, 1644, -12679
8467, 1644, -12686
8471, 1643, -12692
8474, 1643, -12701
8478, 1643, -12708
8482, 1643, -12714
8485, 1643, -12720
8488, 1643, -12725
8492, 1642, -12731
8495, 1642, -12736
8500, 1642, -12739
8503, 1642, -12742
8506, 1642, -12744
8511, 1642, -12746
8514, 1642, -12747
8518, 1642, -12748
8521, 1642, -12749
8525, 1642, -12749
8530, 1642, -12749
8533, 1642, -12750
8536, 1642, -12750
8540, 1642, -12750
8543, 1642, -12750
8547, 1642, -12751
8550, 1642, -12751
8554, 1642, -12751
8557, 1642, -12751
8560, 1642, -12752
8563, 1642, -12752
8567, 1642, -12752
8570, 1642, -12752
8573, 1642, -12752
8577, 1643, -12752
8580, 1643, -12752
8584, 1643, -12752
8587, 1642, -12752
8590, 1642, -12752
8594, 1642, -12752
8597, 1642, -12752
8600, 1643, -12752
8603, 1643, -12752
8606, 1643, -12752
8609, 1643, -12752
8613, 1642, -12752
8616, 1642, -12752
8619, 1642, -12753
8622, 1642, -12753
8626, 1642, -12753
8629, 1642, -12753
8632, 1642, -12754
8635, 1642, -12754
8638, 1643, -12754
8641, 1643, -12754
8644, 1643, -12754
8647, 1643, -12754
8651, 1643, -12754
8654, 1642, -12753
8657, 1642, -12753
8660, 1642, -12753
8663, 1642, -12754
8666, 1642, -12754
8669, 1642, -12754
8672, 1642, -12755
8675, 1642, -12755
8678, 1642, -12755
8682, 1642, -12755
8685, 1642, -12755
8688, 1642, -12755
8691, 1642, -12755
8694, 1642, -12755
8697, 1642, -12755
8700, 1642, -12755
8703, 1642, -12755
8706, 1642, -12756
8710, 1641, -12756
8713, 1641, -12757
8716, 1641, -12758
8719, 1641, -12758
8722, 1642, -12758
8725, 1642, -12758
8728, 1642, -12758
8732, 1642, -12758
8735, 1642, -12758
8738, 1641, -12758
8741, 1641, -12758
8745, 1641, -12759
8748, 1641, -12759
8751, 1642, -12759
8754, 1642, -12759
8757, 1642, -12759
8760, 1642, -12760
8764, 1642, -12761
8767, 1642, -12762
8770, 1642, -12763
8773, 1641, -12763
8776, 1641, -12764
8779, 1641, -12765
8783, 1641, -12766
8786, 1641, -12766
8789, 1641, -12767
8793, 1641, -12768
8797, 1641, -12770
8801, 1641, -12771
8804, 1641, -12772
8808, 1641, -12772
8812, 1641, -12773
8816, 1641, -12774
8820, 1641, -12775
8824, 1641, -12776
8828, 1640, -12776
10841, 1640, -12794
10845, 1640, -12794
10849, 1640, -12798
10852, 1639, -12806
10856, 1639, -12818
10859, 1637, -12839
10862, 1636, -12869
10866, 1633, -12902
10869, 1630, -12945
10873, 1627, -12990
10876, 1624, -13040
10879, 1620, -13089
10883, 1617, -13142
10886, 1613, -13203
10889, 1610, -13264
10892, 1607, -13334
10896, 1604, -13399
10899, 1600, -13461
10903, 1597, -13530
10906, 1593, -13595
10909, 1589, -13662
10913, 1586, -13735
10916, 1582, -13808
10920, 1579, -13879
10923, 1575, -13968
10927, 1572, -14059
10932, 1568, -14120
10935, 1565, -14193
10939, 1561, -14269
10942, 1557, -14350
10946, 1554, -14411
10950, 1551, -14477
10953, 1548, -14539
10956, 1544, -14605
10959, 1542, -14666
10963, 1540, -14724
10966, 1537, -14786
10969, 1534, -14843
10972, 1532, -14899
10976, 1529, -14959
10979, 1527, -15013
10982, 1524, -15088
10987, 1521, -15143
10990, 1519, -15194
10993, 1517, -15271
10998, 1514, -15330
11002, 1512, -15397
11006, 1509, -15453
11009, 1507, -15502
11013, 1504, -15569
11017, 1501, -15624
11021, 1499, -15674
11025, 1497, -15722
11028, 1495, -15778
11032, 1493, -15820
11035, 1491, -15874
11040, 1489, -15931
11044, 1487, -15989
11049, 1485, -16028
11052, 1483, -16059
11055, 1481, -16095
11059, 1479, -16143
11062, 1478, -16179
11065, 1477, -16210
11069, 1475, -16241
11072, 1474, -16277
11076, 1473, -16315
11079, 1472, -16351
11082, 1470, -16381
11086, 1469, -16407
11089, 1468, -16432
11092, 1467, -16458
11096, 1467, -16490
11099, 1465, -16528
11103, 1464, -16559
11106, 1463, -16582
11109, 1462, -16604
11113, 1461, -16631
11117, 1460, -16659
11121, 1459, -16691
11125, 1458, -16726
11129, 1456, -16754
11133, 1456, -16782
11137, 1455, -16800
11141, 1454, -16820
11145, 1454, -16840
11149, 1453, -16869
11153, 1452, -16902
11157, 1450, -16929
11161, 1449, -16947
11165, 1448, -16962
11168, 1447, -16975
11171, 1447, -16985
11174, 1447, -16996
11177, 1447, -17007
11181, 1446, -17025
11185, 1445, -17042
11189, 1445, -17066
11192, 1444, -17087
11195, 1443, -17111
11199, 1442, -17130
11203, 1441, -17150
11207, 1441, -17161
11210, 1441, -17173
11214, 1441, -17181
11218, 1441, -17188
11222, 1440, -17195
11225, 1440, -17202
11229, 1440, -17212
11233, 1439, -17224
11238, 1438, -17237
11242, 1438, -17255
11246, 1437, -17270
11249, 1436, -17293
11253, 1435, -17317
11257, 1435, -17335
11262, 1434, -17350
11266, 1434, -17359
11269, 1434, -17369
11274, 1433, -17375
11277, 1433, -17380
11280, 1433, -17384
11283, 1433, -17388
11286, 1433, -17391
11289, 1433, -17394
11293, 1433, -17396
11296, 1433, -17399
11299, 1433, -17402
11303, 1432, -17405
11306, 1433, -17408
11309, 1433, -17412
11313, 1433, -17417
11316, 1432, -17422
11319, 1432, -17427
11322, 1432, -17433
11325, 1431, -17442
11330, 1430, -17447
11333, 1430, -17454
11336, 1429, -17460
11339, 1429, -17467
11342, 1429, -17475
11346, 1429, -17484
11350, 1429, -17492
11353, 1428, -17503
11357, 1428, -17514
11361, 1428, -17523
11364, 1427, -17531
11368, 1426, -17540
11371, 1426, -17549
11375, 1426, -17555
11378, 1425, -17559
11382, 1426, -17562
11385, 1426, -17564
11388, 1426, -17567
11392, 1426, -17569
11395, 1426, -17570
11398, 1426, -17572
11401, 1426, -17573
11405, 1425, -17574
11409, 1426, -17575
11412, 1426, -17575
11415, 1426, -17575
11419, 1426, -17576
11422, 1426, -17576
11426, 1426, -17577
11429, 1426, -17577
11432, 1426, -17577
11436, 1426, -17577
11439, 1426, -17577
11442, 1426, -17577
11445, 1426, -17578
11448, 1426, -17578
11452, 1426, -17578
11455, 1426, -17578
11458, 1426, -17578
11461, 1426, -17578
11464, 1426, -17578
11467, 1426, -17579
11470, 1426, -17579
11474, 1426, -17579
11477, 1426, -17579
11480, 1426, -17580
11483, 1426, -17580
11486, 1426, -17580
11489, 1426, -17581
11492, 1426, -17581
11495, 1426, -17582
11498, 1425, -17582
11502, 1425, -17583
11505, 1425, -17583
11508, 1425, -17583
11511, 1426, -17583
11514, 1426, -17584
11517, 1426, -17584
11521, 1427, -17585
11524, 1426, -17585
11527, 1426, -17586
11530, 1426, -17586
11533, 1426, -17587
11536, 1426, -17588
11539, 1426, -17588
11543, 1426, -17589
11546, 1426, -17589
11549, 1426, -17590
11552, 1426, -17591
11555, 1425, -17592
11559, 1425, -17594
11563, 1425, -17597
11567, 1425, -17599
11571, 1425, -17601
11575, 1425, -17603
11579, 1425, -17605
11582, 1425, -17607
11586, 1425, -17609
11590, 1425, -17611
11594, 1425, -17613
11598, 1425, -17616
11602, 1425, -17618
11605, 1425, -17620
11608, 1425, -17622
11611, 1425, -17624
11615, 1424, -17627
11618, 1425, -17629
11621, 1425, -17632
11625, 1424, -17634
11628, 1424, -17636
11632, 1424, -17639
11635, 1424, -17641
11638, 1424, -17643
11642, 1424, -17645
11646, 1424, -17646
11650, 1424, -17649
11654, 1423, -17651
13668, 1423, -17673
13672, 1423, -17674
13676, 1422, -17678
13679, 1422, -17692
13683, 1422, -17709
13687, 1421, -17747
13691, 1418, -17788
13694, 1416, -17838
13697, 1412, -17897
13701, 1408, -17963
13704, 1404, -18032
13707, 1401, -18105
13710, 1398, -18186
13714, 1394, -18275
13717, 1391, -18360
13720, 1387, -18455
13724, 1384, -18562
13727, 1380, -18691
13732, 1376, -18794
13735, 1372, -18900
13739, 1369, -19002
13742, 1365, -19110
13746, 1361, -19237
13750, 1358, -19342
13754, 1354, -19436
13757, 1350, -19531
13760, 1347, -19616
13763, 1344, -19710
13766, 1341, -19799
13770, 1338, -19886
13773, 1335, -19968
13776, 1332, -20048
13779, 1329, -20134
13782, 1326, -20208
13786, 1324, -20288
13789, 1321, -20363
13792, 1319, -20432
13795, 1316, -20507
13798, 1313, -20574
13802, 1312, -20637
13805, 1309, -20708
13808, 1307, -20767
13811, 1305, -20827
13814, 1303, -20892
13818, 1300, -20949
13821, 1298, -21001
13824, 1296, -21063
13827, 1293, -21124
13831, 1292, -21174
13834, 1289, -21227
13837, 1287, -21291
13841, 1286, -21350
13845, 1284, -21397
13849, 1281, -21452
13852, 1279, -21499
13856, 1277, -21542
13859, 1275, -21588
13863, 1273, -21639
13867, 1272, -21679
13870, 1271, -21723
13874, 1269, -21774
13879, 1267, -21827
13883, 1266, -21860
13886, 1265, -21898
13891, 1263, -21944
13895, 1261, -21980
13898, 1259, -22014
13902, 1258, -22041
13905, 1256, -22073
13910, 1255, -22099
13913, 1253, -22129
13916, 1252, -22160
13919, 1251, -22187
13923, 1249, -22209
13926, 1248, -22228
13929, 1248, -22249
13932, 1247, -22272
13936, 1246, -22299
13939, 1245, -22328
13943, 1244, -22349
13946, 1243, -22368
13950, 1242, -22385
13953, 1241, -22400
13957, 1241, -22416
13960, 1240, -22444
13965, 1238, -22469
13968, 1237, -22498
13973, 1236, -22515
13976, 1235, -22534
13980, 1234, -22546
13984, 1234, -22560
13988, 1234, -22571
13991, 1233, -22585
13995, 1233, -22600
13998, 1232, -22618
14002, 1230, -22638
14006, 1229, -22656
14009, 1228, -22672
14014, 1227, -22682
14017, 1227, -22692
14021, 1227, -22698
14025, 1227, -22704
14028, 1227, -22710
14031, 1227, -22716
14035, 1227, -22726
14038, 1227, -22735
14041, 1226, -22748
14045, 1225, -22764
14049, 1224, -22783
14053, 1223, -22798
14057, 1222, -22816
14061, 1221, -22826
14065, 1220, -22835
14068, 1220, -22841
14071, 1220, -22847
14075, 1220, -22852
14079, 1220, -22856
14083, 1220, -22860
14086, 1220, -22863
14090, 1220, -22866
14093, 1220, -22870
14096, 1220, -22874
14099, 1220, -22879
14103, 1220, -22883
14106, 1219, -22889
14109, 1219, -22896
14112, 1219, -22902
14115, 1218, -22909
14118, 1217, -22916
14121, 1217, -22925
14125, 1216, -22934
14128, 1215, -22943
14131, 1214, -22952
14135, 1214, -22959
14138, 1214, -22963
14141, 1214, -22967
14144, 1214, -22971
14147, 1214, -22973
14150, 1214, -22976
14154, 1214, -22978
14157, 1214, -22980
14160, 1214, -22981
14163, 1214, -22982
14167, 1214, -22984
14170, 1214, -22985
14173, 1214, -22986
14176, 1214, -22986
14180, 1214, -22987
14183, 1214, -22988
14186, 1214, -22989
14190, 1214, -22989
14193, 1215, -22990
14196, 1215, -22991
14199, 1214, -22992
14202, 1214, -22993
14205, 1213, -22995
14208, 1213, -22996
14211, 1213, -22998
14214, 1213, -23000
14218, 1213, -23003
14221, 1213, -23006
14224, 1213, -23010
14227, 1213, -23013
14230, 1212, -23016
14233, 1212, -23020
14237, 1212, -23024
14240, 1212, -23028
14243, 1212, -23032
14246, 1212, -23036
14249, 1212, -23041
14252, 1212, -23045
14256, 1211, -23049
14259, 1211, -23056
14264, 1211, -23062
14268, 1210, -23067
14271, 1210, -23072
14275, 1210, -23077
14279, 1209, -23081
14282, 1209, -23085
14285, 1209, -23089
14288, 1209, -23092
14291, 1209, -23096
14295, 1208, -23099
14298, 1208, -23102
14301, 1208, -23104
14304, 1208, -23106
14307, 1208, -23108
14310, 1208, -23111
14313, 1208, -23113
14316, 1208, -23114
14320, 1208, -23116
14323, 1208, -23118
14326, 1208, -23119
14329, 1207, -23121
16342, 1207, -23125
16345, 1207, -23125
16349, 1207, -23128
16352, 1207, -23134
16356, 1206, -23142
16359, 1205, -23156
16362, 1204, -23174
16365, 1202, -23208
16370, 1199, -23239
16373, 1197, -23275
16377, 1194, -23314
16380, 1191, -23354
16383, 1188, -23399
16386, 1184, -23447
16390, 1181, -23495
16393, 1178, -23558
16397, 1174, -23616
16401, 1171, -23685
16405, 1167, -23755
16410, 1163, -23808
16413, 1160, -23864
16416, 1156, -23932
16421, 1152, -23999
16425, 1148, -24062
16429, 1145, -24116
16432, 1141, -24169
16435, 1138, -24219
16439, 1135, -24274
16442, 1131, -24322
16445, 1128, -24372
16448, 1126, -24420
16452, 1123, -24467
16455, 1120, -24516
16458, 1117, -24562
16462, 1114, -24628
16466, 1112, -24672
16469, 1109, -24718
16472, 1106, -24773
16477, 1104, -24836
16481, 1101, -24881
16485, 1098, -24929
16489, 1096, -24982
16493, 1093, -25021
16496, 1090, -25073
16501, 1087, -25115
16505, 1085, -25159
16508, 1082, -25205
16512, 1080, -25242
16516, 1077, -25291
16520, 1074, -25330
16523, 1073, -25362
16527, 1070, -25399
16530, 1067, -25434
16533, 1066, -25463
16536, 1064, -25490
16539, 1063, -25523
16543, 1061, -25566
16547, 1060, -25595
16551, 1058, -25621
16554, 1056, -25653
16557, 1054, -25681
16560, 1053, -25705
16564, 1051, -25729
16567, 1050, -25752
16570, 1048, -25790
16575, 1047, -25815
16578, 1046, -25837
16581, 1044, -25856
16584, 1043, -25877
16587, 1042, -25900
16591, 1040, -25923
16594, 1039, -25943
16597, 1038, -25960
16600, 1037, -25976
16603, 1036, -25992
16606, 1035, -26010
16609, 1034, -26032
16612, 1032, -26052
16615, 1031, -26069
16618, 1030, -26084
16621, 1030, -26097
16624, 1030, -26110
16627, 1030, -26124
16631, 1029, -26141
16634, 1028, -26159
16637, 1026, -26175
16640, 1025, -26189
16643, 1024, -26201
16646, 1024, -26211
16649, 1023, -26221
16652, 1023, -26231
16655, 1023, -26242
16658, 1022, -26256
16662, 1021, -26273
16665, 1020, -26289
16668, 1019, -26303
16671, 1018, -26314
16674, 1017, -26325
16677, 1017, -26333
16681, 1017, -26341
16684, 1017, -26349
16687, 1016, -26358
16690, 1016, -26369
16693, 1015, -26380
16696, 1014, -26393
16699, 1013, -26408
16703, 1012, -26421
16706, 1011, -26432
16709, 1011, -26441
16712, 1010, -26448
16715, 1010, -26454
16718, 1010, -26460
16721, 1010, -26465
16724, 1010, -26469
16728, 1010, -26474
16731, 1009, -26480
16734, 1009, -26486
16737, 1009, -26494
16741, 1009, -26506
16745, 1008, -26518
16749, 1007, -26529
16752, 1006, -26539
16755, 1005, -26548
16758, 1005, -26555
16761, 1004, -26562
16765, 1004, -26566
16768, 1004, -26571
16771, 1004, -26574
16774, 1004, -26578
16778, 1004, -26580
16781, 1004, -26583
16784, 1004, -26586
16788, 1004, -26589
16791, 1004, -26593
16795, 1004, -26597
16798, 1003, -26602
16801, 1003, -26608
16805, 1002, -26614
16808, 1002, -26622
16811, 1001, -26629
16814, 1000, -26638
16818, 1000, -26647
16821, 999, -26657
16824, 999, -26666
16827, 998, -26674
16831, 998, -26681
16834, 998, -26686
16837, 998, -26690
16840, 998, -26694
16844, 998, -26696
16847, 998, -26699
16850, 998, -26701
16853, 998, -26703
16856, 998, -26704
16859, 998, -26706
16863, 998, -26707
16866, 998, -26708
16869, 998, -26709
16872, 998, -26709
16875, 998, -26710
16878, 997, -26711
16882, 997, -26711
16885, 997, -26712
16889, 997, -26713
16892, 997, -26715
16896, 997, -26716
16900, 997, -26718
16903, 997, -26720
16907, 997, -26722
16910, 996, -26724
16914, 996, -26726
16917, 996, -26729
16920, 995, -26732
16924, 995, -26736
16929, 995, -26739
16932, 994, -26744
16936, 995, -26748
16940, 995, -26752
16945, 994, -26757
16949, 994, -26760
16952, 994, -26764
16957, 993, -26769
16961, 993, -26773
16964, 993, -26776
16968, 992, -26780
16973, 992, -26783
16976, 991, -26785
16979, 992, -26787
16982, 992, -26790
16985, 992, -26792
16989, 992, -26794
16992, 992, -26797
16995, 992, -26799
16998, 991, -26801
17001, 991, -26803
17005, 991, -26806
17008, 990, -26808
19021, 990, -26815
19025, 991, -26815
19029, 990, -26819
19032, 990, -26829
19036, 988, -26847
19039, 987, -26873
19043, 984, -26905
19046, 980, -26941
19049, 977, -26977
19053, 974, -27018
19056, 970, -27059
19059, 967, -27102
19062, 964, -27148
19065, 960, -27194
19068, 957, -27247
19071, 954, -27298
19075, 951, -27349
19078, 948, -27405
19082, 945, -27458
19085, 942, -27515
19089, 938, -27567
19092, 935, -27623
19095, 932, -27686
19099, 929, -27740
19102, 926, -27795
19105, 922, -27858
19109, 919, -27918
19112, 916, -27972
19115, 912, -28029
19119, 909, -28086
19122, 906, -28161
19127, 903, -28219
19130, 900, -28279
19134, 897, -28345
19138, 894, -28405
19142, 891, -28467
19146, 888, -28519
19149, 885, -28576
19153, 882, -28633
19157, 878, -28685
19160, 876, -28731
19163, 874, -28772
19166, 872, -28818
19169, 870, -28864
19173, 868, -28903
19176, 866, -28946
19179, 863, -28991
19182, 861, -29034
19186, 860, -29074
19189, 857, -29121
19193, 855, -29169
19197, 854, -29221
19201, 852, -29270
19205, 849, -29308
19208, 848, -29344
19212, 846, -29395
19216, 844, -29440
19220, 842, -29478
19224, 841, -29514
19227, 839, -29561
19231, 837, -29605
19236, 835, -29633
19239, 834, -29662
19242, 832, -29709
19247, 830, -29742
19250, 829, -29773
19254, 828, -29802
19258, 827, -29841
19262, 825, -29883
19267, 824, -29914
19270, 822, -29938
19274, 820, -29959
19277, 819, -29981
19280, 818, -30008
19283, 816, -30038
19286, 815, -30064
19289, 814, -30086
19293, 814, -30104
19296, 813, -30123
19299, 813, -30145
19303, 812, -30166
19306, 811, -30190
19309, 809, -30214
19313, 808, -30236
19316, 807, -30254
19320, 807, -30269
19323, 807, -30286
19327, 806, -30302
19331, 806, -30327
19335, 805, -30349
19338, 804, -30373
19342, 803, -30398
19346, 802, -30414
19349, 801, -30428
19353, 801, -30443
19357, 801, -30457
19361, 800, -30471
19365, 800, -30484
19368, 799, -30506
19373, 798, -30533
19377, 796, -30553
19381, 795, -30569
19384, 795, -30582
19387, 794, -30593
19391, 794, -30602
19394, 794, -30610
19398, 793, -30618
19401, 793, -30627
19404, 793, -30637
19408, 793, -30648
19411, 793, -30661
19415, 792, -30674
19418, 792, -30688
19422, 791, -30708
19426, 789, -30723
19429, 789, -30735
19433, 788, -30746
19436, 788, -30754
19440, 788, -30762
19444, 788, -30768
19448, 788, -30773
19452, 788, -30778
19456, 787, -30782
19461, 787, -30787
19464, 787, -30793
19469, 787, -30800
19473, 786, -30810
19478, 786, -30818
19481, 785, -30828
19484, 785, -30837
19488, 785, -30849
19491, 784, -30863
19495, 783, -30876
19498, 783, -30889
19501, 783, -30903
19504, 782, -30913
19507, 782, -30922
19511, 782, -30929
19514, 782, -30935
19517, 781, -30940
19520, 781, -30945
19524, 781, -30948
19527, 781, -30951
19530, 781, -30953
19533, 781, -30956
19536, 782, -30957
19540, 782, -30959
19543, 781, -30960
19546, 781, -30961
19549, 782, -30962
19552, 782, -30963
19555, 781, -30964
19559, 781, -30965
19562, 781, -30966
19565, 781, -30967
19568, 780, -30968
19571, 780, -30969
19574, 780, -30971
19578, 780, -30972
19581, 780, -30974
19584, 780, -30977
19588, 780, -30979
19591, 780, -30982
19594, 780, -30985
19597, 780, -30988
19600, 780, -30991
19603, 779, -30994
19606, 779, -30998
19610, 779, -31001
19613, 779, -31005
19616, 779, -31009
19619, 779, -31013
19622, 778, -31016
19625, 778, -31021
19628, 778, -31025
19631, 778, -31029
19634, 777, -31033
19638, 777, -31037
19641, 777, -31041
19644, 777, -31045
19647, 777, -31049
19650, 776, -31054
19653, 776, -31058
19656, 776, -31061
19660, 776, -31065
19663, 776, -31069
19666, 776, -31073
19669, 775, -31076
19672, 776, -31079
19675, 775, -31082
19678, 776, -31086
19681, 775, -31089
19684, 775, -31092
19688, 775, -31095
19691, 774, -31098
21704, 774, -31110
21707, 774, -31110
21710, 774, -31118
21715, 774, -31137
21718, 773, -31174
21722, 770, -31211
21726, 767, -31265
21729, 764, -31327
21733, 761, -31393
21736, 757, -31470
21740, 753, -31549
21743, 750, -31627
21746, 746, -31714
21750, 742, -31812
21753, 738, -31933
21758, 734, -32035
21761, 731, -32130
21765, 727, -32239
21768, 723, -32344
21772, 720, -32449
21775, 717, -32556
21779, 713, -32673
21782, 710, -32776
21785, 706, -32918
21790, 702, -33026
21793, 699, -33136
21796, 695, -33245
21800, 692, -33355
21803, 689, -33461
21806, 686, -33567
21809, 684, -33667
21813, 681, -33790
21816, 679, -33895
21820, 676, -34008
21823, 673, -34111
21826, 670, -34209
21829, 668, -34324
21833, 665, -34429
21836, 663, -34534
21839, 661, -34642
21843, 659, -34740
21846, 657, -34856
21850, 654, -34978
21854, 652, -35069
21857, 650, -35165
21860, 647, -35270
21863, 645, -35362
21866, 644, -35450
21870, 642, -35591
21874, 640, -35690
21878, 638, -35789
21882, 635, -35887
21885, 633, -35969
21888, 631, -36053
21892, 629, -36135
21895, 627, -36248
21900, 625, -36321
21903, 624, -36385
21906, 622, -36455
21910, 621, -36531
21913, 620, -36598
21916, 619, -36657
21919, 617, -36715
21923, 616, -36780
21926, 614, -36846
21929, 613, -36916
21933, 612, -36978
21938, 610, -37041
21942, 609, -37104
21945, 607, -37160
21948, 606, -37207
21952, 605, -37248
21955, 604, -37289
21958, 603, -37334
21962, 602, -37389
21965, 601, -37444
21969, 599, -37489
21972, 598, -37524
21976, 597, -37565
21980, 597, -37613
21985, 596, -37659
21988, 595, -37704
21991, 594, -37744
21995, 593, -37785
21999, 592, -37817
22003, 591, -37841
22007, 591, -37869
22010, 590, -37899
22013, 589, -37934
22016, 588, -37970
22019, 587, -38001
22022, 586, -38027
22025, 585, -38049
22029, 585, -38067
22032, 585, -38085
22035, 585, -38103
22038, 585, -38124
22042, 585, -38148
22045, 584, -38174
22048, 583, -38208
22052, 582, -38239
22055, 581, -38269
22059, 580, -38288
22063, 579, -38306
22066, 579, -38321
22070, 579, -38334
22073, 578, -38346
22076, 578, -38360
22080, 578, -38376
22083, 577, -38394
22087, 577, -38421
22091, 576, -38446
22095, 575, -38480
22099, 574, -38502
22102, 573, -38522
22106, 573, -38538
22110, 573, -38552
22114, 573, -38562
22117, 573, -38569
22121, 573, -38575
22124, 573, -38580
22127, 573, -38586
22130, 572, -38592
22133, 572, -38599
22136, 572, -38609
22140, 571, -38621
22143, 571, -38634
22146, 570, -38654
22151, 570, -38670
22154, 570, -38687
22157, 569, -38705
22160, 568, -38725
22164, 568, -38743
22167, 567, -38757
22170, 567, -38769
22173, 566, -38778
22177, 567, -38786
22180, 566, -38793
22183, 566, -38799
22186, 566, -38803
22189, 566, -38807
22192, 565, -38810
22195, 566, -38811
22198, 566, -38812
22201, 566, -38814
22204, 566, -38815
22207, 566, -38817
22210, 566, -38818
22214, 566, -38819
22217, 566, -38821
22220, 566, -38824
22223, 566, -38826
22226, 566, -38829
22229, 566, -38834
22232, 566, -38839
22235, 566, -38844
22238, 565, -38851
22242, 565, -38858
22245, 565, -38866
22248, 564, -38874
22251, 564, -38884
22254, 564, -38894
22257, 563, -38904
22260, 563, -38916
22264, 563, -38927
22267, 562, -38938
22270, 562, -38949
22273, 562, -38960
22276, 562, -38971
22279, 562, -38981
22282, 561, -38991
22286, 561, -39001
22289, 561, -39008
22292, 561, -39015
22295, 560, -39020
22299, 560, -39026
22303, 560, -39029
22306, 560, -39032
22310, 560, -39034
22313, 560, -39035
22317, 560, -39037
22321, 560, -39038
22325, 560, -39039
22329, 560, -39040
22334, 561, -39041
22338, 560, -39041
22341, 560, -39042
22345, 560, -39042
22348, 560, -39042
22351, 560, -39043
22354, 560, -39043
22358, 560, -39043
22361, 560, -39044
22364, 560, -39044
22368, 560, -39044
22371, 560, -39044
22375, 560, -39044
22378, 560, -39045
22382, 560, -39045
22385, 560, -39046
22389, 560, -39046
22393, 560, -39046
22397, 560, -39047
22402, 560, -39047
22405, 560, -39047
22409, 560, -39048
22413, 560, -39048
22417, 560, -39049
22421, 560, -39049
22424, 560, -39049
22429, 560, -39050
22433, 561, -39051
22437, 561, -39052
22441, 561, -39052
22445, 560, -39053
22448, 560, -39054
22452, 559, -39055
22456, 559, -39056
22459, 559, -39058
22462, 560, -39059
22465, 560, -39060
22468, 560, -39061
22471, 560, -39063
22475, 560, -39064
22478, 560, -39065
22481, 559, -39065
22485, 559, -39065
22488, 559, -39067
22493, 558, -39068
22496, 558, -39069
22500, 558, -39071
22503, 558, -39072
22507, 557, -39074
24521, 557, -39103
24524, 557, -39103
24528, 557, -39112
24531, 557, -39116
24535, 557, -39110
24539, 558, -39087
24542, 559, -39046
24545, 562, -38993
24548, 564, -38927
24551, 568, -38841
24554, 572, -38744
24558, 576, -38634
24561, 580, -38519
24564, 584, -38400
24567, 587, -38278
24571, 591, -38143
24574, 595, -38013
24577, 599, -37875
24580, 603, -37734
24584, 607, -37577
24587, 611, -37402
24591, 615, -37239
24595, 619, -37072
24598, 623, -36922
24602, 627, -36762
24605, 631, -36614
24608, 635, -36448
24612, 637, -36252
24616, 641, -36034
24621, 645, -35873
24624, 648, -35713
24628, 652, -35568
24631, 656, -35403
24635, 659, -35248
24639, 662, -35104
24642, 665, -34981
24646, 668, -34855
24649, 671, -34733
24652, 674, -34627
24656, 676, -34524
24659, 678, -34414
24662, 680, -34318
24665, 682, -34231
24668, 685, -34128
24672, 687, -34033
24675, 689, -33942
24679, 691, -33849
24682, 693, -33765
24685, 695, -33693
24688, 697, -33618
24692, 700, -33526
24696, 701, -33448
24699, 702, -33384
24703, 704, -33314
24706, 707, -33223
24711, 708, -33140
24715, 710, -33086
24718, 712, -33019
24722, 714, -32953
24726, 715, -32901
24729, 717, -32856
24732, 718, -32806
24736, 720, -32738
24740, 722, -32683
24744, 723, -32637
24748, 724, -32599
24751, 726, -32545
24755, 727, -32497
24759, 728, -32454
24762, 729, -32417
24765, 730, -32387
24769, 731, -32358
24772, 731, -32330
24775, 732, -32295
24778, 734, -32258
24781, 735, -32220
24785, 736, -32179
24789, 738, -32144
24793, 739, -32122
24796, 739, -32098
24800, 740, -32070
24804, 741, -32026
24808, 742, -31990
24812, 743, -31962
24815, 744, -31939
24818, 745, -31918
24822, 746, -31894
24826, 746, -31877
24829, 747, -31859
24833, 747, -31832
24837, 748, -31807
24841, 749, -31781
24844, 750, -31755
24848, 751, -31735
24851, 752, -31716
24855, 752, -31697
24860, 752, -31684
24863, 753, -31669
24868, 753, -31655
24871, 753, -31637
24875, 754, -31621
24879, 754, -31606
24882, 756, -31589
24885, 757, -31573
24888, 758, -31555
24891, 759, -31539
24895, 759, -31524
24898, 759, -31513
24901, 760, -31502
24906, 760, -31494
24909, 759, -31488
24912, 759, -31480
24917, 759, -31475
24920, 759, -31468
24924, 759, -31461
24928, 760, -31454
24931, 760, -31443
24935, 761, -31431
24940, 762, -31417
24943, 762, -31402
24948, 762, -31388
24951, 763, -31370
24955, 764, -31354
24959, 764, -31336
24964, 765, -31319
24968, 766, -31310
24971, 766, -31303
24975, 766, -31297
24978, 766, -31292
24981, 766, -31287
24984, 766, -31283
24988, 766, -31281
24991, 766, -31278
24994, 767, -31276
24997, 767, -31274
25001, 767, -31272
25004, 767, -31271
25007, 767, -31269
25011, 767, -31267
25014, 767, -31266
25018, 767, -31264
25021, 767, -31262
25024, 767, -31260
25028, 767, -31258
25032, 767, -31255
25035, 767, -31252
25039, 768, -31248
25043, 768, -31245
25047, 768, -31240
25051, 768, -31236
25055, 768, -31230
25059, 769, -31226
25062, 769, -31219
25067, 769, -31214
25071, 770, -31208
25075, 770, -31202
25078, 770, -31197
25082, 771, -31190
25086, 771, -31184
25090, 771, -31178
25094, 771, -31172
25097, 771, -31167
25101, 771, -31162
25104, 771, -31158
25107, 772, -31153
25110, 772, -31148
25113, 772, -31143
25117, 772, -31138
25120, 772, -31133
25124, 772, -31128
25128, 772, -31124
25131, 772, -31120
25135, 772, -31115
25138, 773, -31111
25141, 773, -31107
25145, 773, -31103
25148, 773, -31100
25151, 774, -31096
27165, 774, -31080
27169, 774, -31080
27172, 774, -31085
27175, 774, -31088
27179, 773, -31085
27182, 775, -31066
27185, 776, -31028
27188, 779, -30974
27192, 783, -30907
27195, 788, -30835
27198, 793, -30760
27201, 798, -30679
27204, 802, -30594
27208, 807, -30502
27211, 811, -30408
27214, 815, -30321
27218, 819, -30232
27221, 824, -30133
27225, 828, -30035
27228, 832, -29948
27231, 836, -29844
27236, 841, -29755
27239, 844, -29675
27242, 848, -29592
27246, 852, -29513
27249, 856, -29411
27253, 859, -29334
27257, 863, -29258
27260, 867, -29167
27265, 871, -29099
27268, 874, -29016
27272, 878, -28946
27276, 881, -28871
27281, 884, -28791
27285, 887, -28737
27288, 891, -28686
27291, 894, -28632
27295, 896, -28584
27298, 899, -28539
27301, 901, -28489
27304, 904, -28444
27307, 905, -28400
27311, 907, -28353
27314, 910, -28310
27318, 911, -28270
27321, 913, -28226
27325, 916, -28183
27328, 918, -28145
27331, 920, -28112
27335, 922, -28079
27338, 924, -28044
27341, 925, -28004
27345, 927, -27970
27349, 928, -27937
27352, 930, -27900
27356, 932, -27867
27359, 933, -27840
27363, 934, -27816
27366, 936, -27793
27369, 937, -27764
27373, 939, -27726
27377, 940, -27699
27381, 942, -27678
27384, 943, -27654
27388, 944, -27622
27392, 945, -27594
27395, 947, -27572
27399, 948, -27553
27402, 949, -27536
27405, 950, -27520
27409, 951, -27503
27412, 952, -27485
27415, 953, -27464
27418, 954, -27443
27421, 956, -27423
27425, 957, -27408
27428, 958, -27395
27432, 958, -27383
27435, 958, -27369
27438, 958, -27351
27442, 959, -27333
27445, 960, -27309
27450, 962, -27290
27454, 962, -27278
27457, 964, -27267
27461, 964, -27256
27465, 965, -27247
27469, 965, -27235
27473, 966, -27224
27476, 967, -27211
27480, 968, -27194
27484, 969, -27179
27488, 970, -27162
27492, 970, -27151
27496, 971, -27139
27500, 971, -27131
27504, 971, -27125
27507, 972, -27120
27510, 972, -27114
27514, 972, -27109
27517, 973, -27103
27520, 973, -27095
27523, 973, -27087
27527, 974, -27077
27530, 975, -27067
27534, 975, -27057
27537, 976, -27046
27540, 977, -27036
27543, 977, -27026
27547, 978, -27019
27550, 978, -27011
27555, 978, -27006
27558, 978, -27003
27561, 978, -27000
27564, 978, -26997
27568, 978, -26995
27571, 979, -26992
27574, 979, -26990
27578, 979, -26988
27581, 979, -26986
27584, 979, -26983
27587, 979, -26980
27590, 980, -26977
27594, 980, -26974
27597, 980, -26970
27601, 980, -26965
27604, 981, -26961
27607, 981, -26957
27610, 981, -26951
27613, 982, -26946
27616, 982, -26939
27620, 983, -26933
27623, 983, -26927
27627, 984, -26920
27630, 984, -26913
27633, 985, -26907
27637, 985, -26899
27640, 985, -26893
27644, 985, -26886
27647, 986, -26881
27650, 986, -26877
27654, 986, -26874
27657, 986, -26871
27661, 986, -26869
27664, 986, -26867
27668, 986, -26865
27672, 987, -26864
27676, 986, -26863
27679, 987, -26862
27682, 986, -26861
27686, 986, -26861
27690, 986, -26861
27693, 986, -26861
27697, 985, -26860
27701, 986, -26860
27706, 986, -26859
27710, 986, -26859
27714, 987, -26859
27717, 987, -26859
27721, 987, -26859
27724, 986, -26858
27727, 986, -26858
27730, 986, -26858
27733, 986, -26857
27737, 986, -26856
27740, 986, -26856
27744, 986, -26855
27747, 986, -26855
27750, 986, -26854
27754, 986, -26853
27758, 986, -26852
27761, 986, -26851
27765, 986, -26850
27768, 986, -26849
27772, 986, -26847
27776, 987, -26847
27780, 987, -26845
27784, 987, -26843
27787, 986, -26842
27792, 987, -26840
27795, 986, -26839
27798, 987, -26838
27801, 987, -26837
27804, 988, -26835
27808, 988, -26833
27811, 988, -26831
27814, 988, -26830
27817, 988, -26828
27820, 988, -26827
27823, 989, -26825
27826, 989, -26824
27830, 988, -26823
27833, 988, -26822
27836, 988, -26821
27839, 988, -26820
27842, 988, -26818
27845, 988, -26817
27848, 989, -26816
27851, 989, -26815
27854, 989, -26813
27857, 989, -26812
27860, 989, -26811
27863, 989, -26810
27867, 989, -26809
27870, 989, -26807
27873, 989, -26806
27876, 989, -26805
27880, 989, -26804
27884, 989, -26803
27887, 989, -26802
27890, 989, -26802
27894, 989, -26801
27897, 989, -26800
27902, 989, -26799
27906, 989, -26798
27909, 989, -26797
27914, 989, -26796
27917, 990, -26795
29931, 990, -26791
29934, 990, -26791
29938, 990, -26796
29942, 990, -26797
29945, 990, -26783
29950, 992, -26755
29953, 995, -26710
29957, 999, -26660
29960, 1005, -26599
29964, 1011, -26535
29968, 1017, -26458
29972, 1022, -26389
29975, 1028, -26320
29978, 1032, -26248
29982, 1037, -26171
29986, 1042, -26092
29989, 1046, -26017
29993, 1050, -25944
29996, 1055, -25873
30000, 1059, -25803
30003, 1063, -25730
30007, 1067, -25664
30010, 1072, -25584
30014, 1076, -25520
30018, 1080, -25458
30021, 1084, -25395
30025, 1087, -25338
30028, 1090, -25283
30031, 1093, -25226
30035, 1095, -25174
30038, 1098, -25125
30041, 1101, -25075
30044, 1104, -25030
30047, 1106, -24983
30050, 1109, -24935
30054, 1111, -24892
30057, 1114, -24833
30061, 1117, -24786
30065, 1119, -24747
30068, 1121, -24690
30072, 1124, -24635
30077, 1127, -24595
30080, 1130, -24549
30084, 1133, -24501
30088, 1135, -24457
30093, 1138, -24414
30096, 1140, -24365
30101, 1142, -24331
30105, 1143, -24292
30109, 1145, -24253
30113, 1147, -24220
30117, 1149, -24192
30120, 1151, -24165
30124, 1153, -24136
30127, 1154, -24104
30130, 1155, -24076
30133, 1157, -24053
30137, 1158, -24032
30140, 1159, -24012
30143, 1160, -23988
30146, 1161, -23962
30149, 1163, -23937
30153, 1164, -23917
30157, 1166, -23893
30161, 1167, -23873
30165, 1168, -23850
30168, 1169, -23820
30172, 1170, -23792
30177, 1172, -23770
30180, 1172, -23754
30184, 1173, -23738
30187, 1174, -23719
30192, 1175, -23699
30196, 1176, -23681
30200, 1177, -23659
30203, 1179, -23637
30208, 1180, -23620
30212, 1181, -23608
30216, 1181, -23594
30220, 1182, -23579
30225, 1182, -23566
30228, 1183, -23549
30232, 1184, -23533
30235, 1185, -23516
30238, 1186, -23500
30242, 1187, -23487
30245, 1187, -23475
30248, 1188, -23465
30251, 1188, -23457
30254, 1189, -23450
30258, 1189, -23445
30261, 1189, -23441
30264, 1189, -23436
30268, 1189, -23428
30272, 1189, -23420
30276, 1190, -23412
30280, 1190, -23402
30283, 1191, -23390
30287, 1193, -23373
30292, 1194, -23359
30295, 1195, -23347
30298, 1196, -23338
30302, 1196, -23330
30305, 1196, -23322
30309, 1196, -23317
30313, 1196, -23312
30316, 1195, -23308
30321, 1195, -23305
30324, 1196, -23301
30328, 1196, -23298
30331, 1196, -23295
30335, 1196, -23291
30338, 1196, -23287
30341, 1196, -23283
30344, 1197, -23278
30347, 1197, -23274
30351, 1198, -23269
30354, 1198, -23263
30357, 1199, -23258
30360, 1199, -23251
30363, 1199, -23246
30366, 1199, -23240
30370, 1199, -23233
30373, 1200, -23227
30376, 1200, -23220
30379, 1201, -23213
30383, 1201, -23206
30386, 1202, -23198
30389, 1202, -23192
30393, 1202, -23187
30396, 1202, -23181
30400, 1202, -23177
30403, 1203, -23172
30408, 1203, -23170
30411, 1203, -23168
30414, 1203, -23165
30419, 1203, -23164
30423, 1203, -23163
30426, 1203, -23162
30430, 1203, -23162
30433, 1203, -23161
30437, 1203, -23161
30441, 1203, -23160
30444, 1203, -23160
30449, 1203, -23160
30452, 1203, -23159
30456, 1203, -23159
30459, 1203, -23159
30463, 1203, -23158
30466, 1203, -23158
30469, 1203, -23158
30473, 1203, -23157
30476, 1203, -23157
30479, 1203, -23157
30482, 1203, -23157
30485, 1203, -23156
30489, 1203, -23155
30492, 1203, -23155
30496, 1203, -23155
30499, 1204, -23154
30503, 1204, -23153
30506, 1204, -23153
30509, 1204, -23152
30513, 1205, -23152
30516, 1204, -23151
30519, 1204, -23150
30522, 1204, -23150
30525, 1204, -23148
30529, 1203, -23147
30532, 1204, -23146
30535, 1204, -23145
30538, 1204, -23144
30541, 1204, -23143
30544, 1204, -23142
30547, 1205, -23141
30550, 1204, -23140
30553, 1204, -23139
30556, 1204, -23137
30559, 1204, -23136
30563, 1204, -23135
30566, 1204, -23134
30569, 1204, -23132
30572, 1205, -23131
30575, 1205, -23129
30578, 1205, -23128
30581, 1205, -23126
30584, 1205, -23124
30587, 1205, -23123
30590, 1205, -23122
30593, 1205, -23120
30597, 1206, -23119
30600, 1206, -23118
30603, 1205, -23116
30606, 1206, -23115
30609, 1206, -23114
30613, 1206, -23113
30616, 1206, -23111
30619, 1206, -23110
30622, 1206, -23109
30626, 1206, -23108
30629, 1206, -23107
30632, 1206, -23106
30635, 1207, -23105
32648, 1207, -23093
32651, 1207, -23093
32655, 1207, -23098
32658, 1207, -23100
32661, 1207, -23097
32665, 1208, -23077
32668, 1211, -23043
32671, 1213, -22999
32675, 1217, -22947
32678, 1223, -22884
32681, 1228, -22816
32684, 1232, -22743
32688, 1236, -22668
32691, 1241, -22591
32694, 1245, -22511
32697, 1249, -22413
32701, 1254, -22298
32705, 1259, -22208
32709, 1264, -22099
32713, 1268, -21979
32717, 1273, -21890
32720, 1278, -21794
32724, 1282, -21690
32728, 1287, -21602
32731, 1291, -21483
32736, 1295, -21391
32740, 1299, -21289
32743, 1303, -21181
32747, 1306, -21098
32751, 1310, -20993
32755, 1313, -20902
32759, 1317, -20809
32763, 1320, -20733
32766, 1324, -20647
32770, 1327, -20575
32773, 1329, -20507
32776, 1332, -20426
32780, 1334, -20360
32783, 1336, -20299
32786, 1339, -20227
32790, 1341, -20152
32793, 1343, -20085
32797, 1346, -20017
32800, 1349, -19928
32804, 1351, -19871
32808, 1353, -19812
32811, 1355, -19750
32814, 1357, -19672
32819, 1358, -19613
32823, 1360, -19547
32827, 1362, -19487
32830, 1364, -19433
32833, 1366, -19386
32837, 1367, -19339
32840, 1370, -19275
32844, 1371, -19222
32848, 1373, -19175
32851, 1374, -19134
32854, 1375, -19085
32859, 1376, -19046
32862, 1377, -19001
32865, 1379, -18951
32869, 1380, -18908
32872, 1382, -18872
32876, 1383, -18840
32879, 1384, -18812
32883, 1385, -18780
32886, 1385, -18743
32889, 1387, -18704
32892, 1388, -18669
32895, 1389, -18638
32899, 1390, -18607
32903, 1391, -18583
32906, 1392, -18561
32910, 1393, -18528
32914, 1393, -18490
32919, 1395, -18452
32922, 1396, -18421
32926, 1396, -18393
32929, 1397, -18368
32933, 1398, -18345
32937, 1398, -18330
32941, 1399, -18309
32945, 1400, -18292
32949, 1400, -18273
32953, 1401, -18251
32956, 1402, -18217
32961, 1403, -18185
32965, 1404, -18164
32968, 1405, -18147
32971, 1405, -18133
32974, 1406, -18120
32977, 1406, -18109
32981, 1407, -18099
32984, 1406, -18090
32987, 1406, -18081
32990, 1406, -18072
32993, 1407, -18063
32996, 1407, -18053
33000, 1407, -18042
33003, 1408, -18032
33006, 1409, -18020
33009, 1409, -18007
33013, 1410, -17994
33016, 1411, -17978
33019, 1411, -17962
33022, 1412, -17945
33025, 1412, -17929
33029, 1412, -17917
33032, 1412, -17907
33035, 1413, -17899
33038, 1413, -17893
33041, 1413, -17886
33044, 1413, -17881
33048, 1413, -17876
33051, 1413, -17873
33054, 1414, -17869
33057, 1414, -17866
33060, 1413, -17862
33063, 1413, -17859
33067, 1413, -17855
33070, 1413, -17851
33073, 1413, -17847
33076, 1414, -17842
33079, 1414, -17836
33082, 1414, -17830
33086, 1415, -17824
33089, 1415, -17817
33092, 1415, -17810
33095, 1415, -17803
33098, 1416, -17797
33101, 1416, -17789
33105, 1417, -17782
33108, 1417, -17774
33111, 1417, -17767
33114, 1418, -17760
33118, 1418, -17753
33121, 1418, -17747
33124, 1418, -17740
33127, 1419, -17733
33130, 1419, -17727
33133, 1419, -17721
33136, 1420, -17714
33140, 1420, -17708
33143, 1420, -17703
33146, 1420, -17697
33149, 1420, -17691
33152, 1420, -17685
33156, 1421, -17681
33159, 1421, -17677
33162, 1421, -17674
33165, 1421, -17671
33169, 1421, -17669
33173, 1422, -17667
33177, 1422, -17665
33181, 1422, -17664
33186, 1422, -17663
33190, 1422, -17662
33193, 1421, -17661
33196, 1421, -17660
33199, 1421, -17660
33203, 1421, -17659
33206, 1421, -17659
33209, 1421, -17658
33213, 1421, -17658
33217, 1421, -17658
33220, 1421, -17658
33224, 1421, -17658
33228, 1421, -17658
33232, 1422, -17658
33236, 1422, -17658
33240, 1421, -17658
33243, 1421, -17658
33247, 1421, -17658
33250, 1421, -17658
33254, 1420, -17658
33257, 1420, -17658
33262, 1420, -17657
33266, 1420, -17657
33269, 1421, -17657
33273, 1421, -17657
33277, 1421, -17657
33280, 1421, -17657
33284, 1421, -17657
33289, 1421, -17657
33292, 1421, -17657
33295, 1421, -17656
33299, 1421, -17656
33302, 1421, -17656
33305, 1421, -17656
33309, 1421, -17655
33312, 1421, -17655
33315, 1422, -17655
33319, 1422, -17655
33322, 1422, -17654
33325, 1422, -17654
33329, 1422, -17654
33332, 1422, -17654
33336, 1422, -17654
33339, 1422, -17654
33343, 1422, -17653
33347, 1422, -17653
33351, 1422, -17652
33354, 1422, -17652
33358, 1421, -17652
33361, 1421, -17652
33365, 1421, -17651
33368, 1421, -17651
33371, 1421, -17650
33375, 1421, -17650
33378, 1421, -17649
33382, 1421, -17649
33386, 1421, -17648
33389, 1421, -17647
33393, 1422, -17646
33397, 1422, -17646
33400, 1422, -17645
33404, 1422, -17645
33408, 1422, -17644
33412, 1422, -17643
33415, 1422, -17641
33419, 1421, -17641
33422, 1422, -17640
33425, 1422, -17640
33428, 1422, -17639
33432, 1422, -17638
33435, 1422, -17637
33438, 1422, -17637
33442, 1422, -17636
33446, 1422, -17635
33450, 1422, -17634
33453, 1422, -17633
33457, 1421, -17633
33460, 1421, -17632
33463, 1421, -17631
33467, 1421, -17629
33470, 1421, -17628
33473, 1422, -17627
33478, 1422, -17626
33481, 1422, -17624
33486, 1422, -17623
33489, 1422, -17622
33492, 1422, -17621
33496, 1422, -17620
33499, 1422, -17619
33503, 1422, -17618
33506, 1422, -17617
33509, 1422, -17615
33514, 1423, -17614
35528, 1423, -17585
35531, 1424, -17586
35535, 1424, -17594
35539, 1424, -17596
35542, 1424, -17584
35545, 1426, -17551
35549, 1428, -17489
35553, 1431, -17419
35556, 1436, -17332
35560, 1441, -17215
35564, 1447, -17122
35568, 1453, -17017
35571, 1458, -16907
35575, 1464, -16793
35578, 1469, -16681
35582, 1474, -16577
35586, 1479, -16459
35589, 1483, -16348
35593, 1488, -16238
35596, 1492, -16139
35600, 1496, -16033
35603, 1501, -15937
35607, 1505, -15843
35610, 1509, -15753
35614, 1513, -15666
35617, 1516, -15586
35620, 1519, -15507
35623, 1522, -15434
35626, 1525, -15358
35629, 1528, -15286
35632, 1531, -15220
35636, 1534, -15149
35639, 1537, -15083
35642, 1540, -15000
35646, 1543, -14917
35651, 1546, -14858
35654, 1548, -14803
35657, 1551, -14722
35662, 1554, -14666
35665, 1556, -14607
35668, 1558, -14552
35672, 1561, -14505
35675, 1563, -14461
35678, 1565, -14410
35681, 1568, -14354
35685, 1570, -14306
35689, 1571, -14254
35693, 1574, -14207
35697, 1576, -14149
35701, 1578, -14111
35705, 1579, -14067
35708, 1582, -14027
35712, 1583, -13989
35715, 1585, -13957
35718, 1586, -13930
35721, 1588, -13902
35725, 1589, -13870
35728, 1590, -13832
35731, 1592, -13794
35735, 1593, -13766
35738, 1595, -13736
35742, 1596, -13710
35746, 1597, -13673
35750, 1598, -13642
35753, 1600, -13613
35757, 1601, -13588
35761, 1603, -13567
35765, 1603, -13543
35768, 1604, -13514
35773, 1605, -13488
35776, 1607, -13454
35780, 1608, -13428
35784, 1609, -13405
35789, 1610, -13388
35793, 1611, -13371
35797, 1611, -13356
35800, 1612, -13334
35805, 1613, -13311
35808, 1614, -13281
35812, 1615, -13257
35817, 1617, -13238
35821, 1618, -13225
35825, 1619, -13214
35828, 1619, -13204
35831, 1619, -13194
35835, 1619, -13183
35838, 1619, -13172
35841, 1620, -13161
35844, 1621, -13144
35849, 1621, -13127
35852, 1623, -13112
35856, 1624, -13095
35859, 1624, -13083
35863, 1625, -13074
35866, 1626, -13067
35869, 1626, -13060
35873, 1626, -13054
35877, 1626, -13047
35881, 1626, -13041
35885, 1626, -13037
35888, 1626, -13033
35892, 1626, -13027
35895, 1626, -13021
35898, 1627, -13014
35902, 1627, -13005
35905, 1628, -12993
35910, 1628, -12979
35914, 1629, -12967
35918, 1629, -12955
35921, 1630, -12942
35925, 1631, -12930
35928, 1631, -12918
35931, 1632, -12909
35934, 1632, -12901
35938, 1633, -12895
35941, 1633, -12890
35944, 1633, -12884
35948, 1633, -12881
35952, 1633, -12877
35956, 1633, -12874
35960, 1634, -12872
35963, 1633, -12870
35967, 1633, -12869
35970, 1633, -12867
35974, 1633, -12866
35978, 1633, -12865
35983, 1633, -12864
35986, 1633, -12863
35989, 1633, -12861
35994, 1633, -12859
35998, 1633, -12857
36002, 1634, -12855
36005, 1634, -12852
36009, 1634, -12848
36014, 1635, -12845
36017, 1635, -12842
36021, 1635, -12839
36025, 1635, -12836
36028, 1636, -12831
36032, 1636, -12828
36035, 1636, -12825
36038, 1636, -12822
36042, 1636, -12819
36045, 1637, -12816
36048, 1637, -12813
36052, 1637, -12810
36055, 1637, -12807
36058, 1637, -12803
36063, 1637, -12800
36066, 1637, -12798
36069, 1637, -12795
36072, 1637, -12792
36076, 1637, -12788
36080, 1637, -12786
36083, 1638, -12783
36086, 1638, -12779
36091, 1638, -12776
36095, 1638, -12772
36099, 1638, -12770
36102, 1639, -12767
36106, 1639, -12764
36110, 1638, -12762
36113, 1639, -12758
36118, 1639, -12756
36121, 1639, -12754
36125, 1640, -12752
38138, 1640, -12737
38141, 1640, -12737
38145, 1640, -12742
38148, 1640, -12745
38151, 1640, -12744
38154, 1641, -12731
38157, 1642, -12708
38160, 1644, -12672
38163, 1648, -12623
38166, 1652, -12568
38169, 1657, -12504
38173, 1662, -12433
38176, 1667, -12363
38179, 1672, -12288
38182, 1676, -12210
38185, 1680, -12133
38188, 1684, -12050
38192, 1688, -11967
38195, 1692, -11888
38198, 1696, -11807
38201, 1700, -11726
38204, 1704, -11644
38207, 1708, -11564
38210, 1712, -11483
38213, 1716, -11405
38217, 1719, -11327
38220, 1722, -11253
38223, 1726, -11176
38226, 1729, -11107
38229, 1732, -11034
38232, 1735, -10965
38235, 1738, -10900
38238, 1741, -10831
38241, 1744, -10767
38245, 1747, -10705
38248, 1750, -10639
38251, 1752, -10578
38254, 1755, -10521
38257, 1757, -10457
38260, 1760, -10399
38263, 1761, -10346
38266, 1764, -10289
38269, 1766, -10233
38272, 1768, -10181
38276, 1770, -10130
38279, 1773, -10073
38282, 1775, -10023
38285, 1777, -9977
38288, 1779, -9928
38291, 1781, -9877
38294, 1783, -9832
38297, 1785, -9791
38300, 1787, -9748
38304, 1789, -9701
38307, 1790, -9659
38310, 1791, -9622
38313, 1793, -9588
38316, 1794, -9549
38319, 1795, -9503
38322, 1797, -9464
38325, 1798, -9430
38328, 1800, -9399
38331, 1801, -9367
38334, 1803, -9331
38337, 1805, -9290
38341, 1806, -9257
38344, 1807, -9228
38347, 1809, -9201
38350, 1809, -9172
38353, 1810, -9141
38356, 1812, -9107
38359, 1813, -9074
38362, 1814, -9047
38365, 1815, -9023
38369, 1816, -9002
38372, 1816, -8981
38375, 1817, -8956
38378, 1818, -8928
38381, 1820, -8897
38384, 1821, -8870
38387, 1822, -8847
38390, 1823, -8827
38393, 1823, -8808
38396, 1823, -8791
38399, 1824, -8773
38402, 1824, -8755
38405, 1825, -8735
38409, 1826, -8711
38412, 1827, -8684
38415, 1828, -8660
38418, 1830, -8640
38421, 1830, -8623
38424, 1831, -8608
38427, 1831, -8596
38430, 1831, -8584
38433, 1831, -8572
38436, 1832, -8559
38439, 1832, -8544
38442, 1833, -8527
38445, 1834, -8509
38448, 1835, -8489
38452, 1836, -8469
38455, 1837, -8451
38458, 1837, -8436
38461, 1837, -8424
38464, 1837, -8413
38467, 1837, -8404
38470, 1837, -8397
38473, 1837, -8389
38476, 1838, -8382
38479, 1838, -8374
38482, 1839, -8365
38485, 1839, -8355
38488, 1840, -8343
38492, 1840, -8331
38495, 1841, -8319
38498, 1841, -8305
38501, 1842, -8289
38504, 1843, -8273
38507, 1844, -8256
38510, 1844, -8242
38513, 1845, -8229
38517, 1845, -8219
38520, 1845, -8210
38523, 1845, -8203
38526, 1845, -8196
38529, 1845, -8191
38532, 1845, -8187
38535, 1845, -8183
38538, 1845, -8180
38542, 1845, -8176
38545, 1845, -8173
38548, 1845, -8171
38551, 1845, -8168
38554, 1846, -8164
38557, 1846, -8160
38561, 1846, -8157
38564, 1846, -8152
38567, 1847, -8147
38570, 1847, -8142
38573, 1847, -8135
38576, 1848, -8128
38579, 1848, -8120
38583, 1848, -8112
38586, 1848, -8103
38589, 1849, -8093
38592, 1849, -8085
38595, 1849, -8077
38598, 1849, -8068
38601, 1850, -8058
38605, 1850, -8050
38608, 1851, -8041
38611, 1851, -8031
38614, 1852, -8023
38617, 1852, -8014
38620, 1852, -8005
38623, 1853, -7999
38627, 1853, -7994
38630, 1853, -7990
38633, 1853, -7986
38637, 1853, -7984
38640, 1853, -7981
38643, 1853, -7979
38647, 1853, -7977
38650, 1853, -7976
38653, 1853, -7974
38657, 1853, -7973
38661, 1852, -7973
38664, 1852, -7972
38667, 1853, -7971
38671, 1853, -7971
38674, 1853, -7971
38677, 1853, -7971
38681, 1853, -7970
38684, 1853, -7970
38687, 1853, -7969
38691, 1853, -7969
38694, 1853, -7969
38698, 1853, -7969
38701, 1853, -7968
38704, 1852, -7968
38707, 1852, -7968
38710, 1853, -7968
38713, 1853, -7968
38716, 1853, -7967
38719, 1853, -7967
38723, 1853, -7966
38726, 1853, -7966
38729, 1853, -7966
38732, 1853, -7965
38735, 1853, -7964
38738, 1853, -7964
38741, 1853, -7964
38744, 1853, -7963
38748, 1853, -7962
38751, 1853, -7961
38754, 1853, -7961
38757, 1853, -7960
38760, 1853, -7959
38764, 1853, -7959
38767, 1853, -7958
38770, 1853, -7957
38773, 1853, -7956
38777, 1853, -7954
38780, 1853, -7953
38783, 1853, -7952
38786, 1853, -7951
38790, 1853, -7949
38793, 1854, -7947
38796, 1854, -7945
38800, 1854, -7944
38803, 1854, -7942
38806, 1854, -7940
38809, 1853, -7938
38812, 1853, -7937
38815, 1853, -7935
38819, 1854, -7933
38822, 1854, -7931
38825, 1854, -7930
38828, 1854, -7928
38831, 1854, -7926
38834, 1854, -7925
38837, 1854, -7923
38840, 1855, -7921
38843, 1855, -7920
38847, 1855, -7918
38850, 1855, -7917
38853, 1855, -7915
38856, 1855, -7914
38859, 1855, -7912
38862, 1855, -7910
38865, 1855, -7909
38868, 1855, -7908
38871, 1855, -7907
38874, 1855, -7906
38877, 1855, -7905
38880, 1855, -7904
38884, 1855, -7902
38887, 1855, -7901
38890, 1855, -7900
38893, 1855, -7899
38896, 1855, -7898
38899, 1855, -7897
38902, 1856, -7896
