7514, 2529, -204
7518, 2529, -204
7522, 2529, -207
7525, 2528, -211
7529, 2528, -216
7532, 2527, -223
7535, 2526, -232
7539, 2526, -242
7542, 2525, -253
7545, 2524, -265
7549, 2524, -278
7552, 2523, -294
7555, 2522, -315
7559, 2521, -337
7562, 2520, -360
7565, 2519, -384
7569, 2517, -408
7572, 2516, -430
7575, 2515, -453
7578, 2514, -479
7581, 2513, -505
7585, 2512, -537
7588, 2511, -568
7591, 2509, -600
7594, 2508, -633
7597, 2506, -667
7601, 2504, -701
7604, 2503, -736
7608, 2501, -771
7611, 2500, -808
7614, 2498, -844
7617, 2497, -884
7621, 2495, -926
7624, 2492, -978
7629, 2490, -1020
7632, 2488, -1062
7635, 2487, -1113
7640, 2486, -1149
7643, 2484, -1199
7648, 2483, -1242
7651, 2482, -1282
7655, 2480, -1322
7658, 2479, -1360
7661, 2477, -1402
7665, 2475, -1448
7668, 2473, -1489
7671, 2471, -1538
7675, 2469, -1588
7678, 2467, -1634
7682, 2465, -1685
7685, 2463, -1731
7688, 2462, -1773
7691, 2460, -1815
7694, 2458, -1862
7697, 2457, -1907
7701, 2456, -1946
7704, 2455, -1982
7707, 2454, -2025
7710, 2452, -2072
7713, 2451, -2113
7717, 2450, -2149
7720, 2448, -2184
7724, 2448, -2222
7728, 2447, -2253
7731, 2446, -2287
7734, 2445, -2329
7738, 2444, -2364
7741, 2443, -2392
7745, 2442, -2415
7748, 2442, -2435
7751, 2442, -2452
7755, 2442, -2466
7758, 2442, -2478
7761, 2442, -2488
7765, 2442, -2498
7769, 2441, -2506
7772, 2441, -2513
7776, 2441, -2519
7779, 2441, -2524
7782, 2441, -2529
7785, 2441, -2533
7789, 2440, -2537
7792, 2440, -2541
7795, 2440, -2544
7798, 2440, -2547
7802, 2440, -2550
7805, 2440, -2552
7808, 2440, -2554
7811, 2440, -2556
7814, 2440, -2558
7817, 2440, -2559
7820, 2440, -2561
7823, 2440, -2563
7826, 2440, -2564
7829, 2440, -2566
7832, 2440, -2567
7836, 2440, -2568
7839, 2440, -2569
7842, 2440, -2570
7845, 2440, -2571
7848, 2440, -2572
7851, 2440, -2573
7854, 2440, -2575
7857, 2440, -2575
7861, 2440, -2576
7864, 2440, -2577
7867, 2440, -2578
7870, 2440, -2579
7874, 2440, -2581
7878, 2440, -2582
7882, 2440, -2583
7885, 2440, -2585
7888, 2440, -2586
7891, 2439, -2588
7895, 2439, -2589
7898, 2439, -2591
7901, 2439, -2594
7904, 2439, -2595
7907, 2438, -2598
7911, 2438, -2600
7914, 2438, -2603
7917, 2438, -2606
7921, 2438, -2610
7924, 2438, -2615
7928, 2438, -2621
7932, 2438, -2626
7935, 2438, -2632
7938, 2437, -2639
7941, 2437, -2648
7944, 2437, -2658
7947, 2436, -2669
7951, 2435, -2682
7954, 2435, -2695
7957, 2434, -2707
7960, 2434, -2718
7963, 2434, -2727
7967, 2434, -2735
7970, 2434, -2741
7973, 2434, -2746
7976, 2434, -2750
7979, 2434, -2753
7982, 2434, -2754
7985, 2434, -2755
7988, 2434, -2756
7992, 2434, -2756
7995, 2434, -2756
7998, 2434, -2753
8001, 2434, -2748
8004, 2434, -2740
8008, 2435, -2727
8011, 2435, -2715
8014, 2436, -2706
8017, 2436, -2697
8020, 2436, -2690
8024, 2436, -2684
8027, 2436, -2679
8030, 2436, -2674
8033, 2436, -2669
8037, 2436, -2665
8040, 2436, -2660
8043, 2437, -2656
8046, 2437, -2651
8049, 2437, -2647
8052, 2437, -2643
8056, 2437, -2638
8059, 2437, -2632
8062, 2437, -2627
8065, 2437, -2621
8068, 2438, -2616
8071, 2438, -2611
8074, 2438, -2605
8077, 2439, -2600
8081, 2439, -2594
8084, 2439, -2589
8087, 2439, -2583
8091, 2439, -2576
8096, 2440, -2571
8099, 2439, -2567
8102, 2440, -2562
8107, 2440, -2559
8110, 2440, -2556
8113, 2440, -2553
8117, 2440, -2550
8120, 2440, -2548
8123, 2440, -2545
8126, 2440, -2543
8129, 2440, -2541
8133, 2440, -2539
8136, 2440, -2537
8139, 2440, -2535
8142, 2440, -2533
8145, 2440, -2531
8148, 2441, -2528
8152, 2441, -2526
8155, 2441, -2522
8159, 2441, -2518
8164, 2441, -2513
8167, 2441, -2508
8171, 2442, -2503
8175, 2442, -2494
8179, 2443, -2487
8182, 2443, -2476
8187, 2443, -2467
8191, 2443, -2458
8194, 2443, -2451
8198, 2443, -2446
8201, 2444, -2441
8205, 2444, -2436
8209, 2444, -2433
8213, 2444, -2431
8218, 2444, -2429
8221, 2444, -2428
8224, 2444, -2428
8227, 2444, -2427
8230, 2444, -2427
8234, 2444, -2428
8237, 2444, -2429
8240, 2444, -2431
8244, 2443, -2433
8247, 2443, -2438
8250, 2443, -2443
8254, 2443, -2451
8257, 2443, -2461
8260, 2442, -2472
8264, 2442, -2484
8267, 2442, -2496
8270, 2441, -2508
8273, 2441, -2517
8277, 2441, -2525
8280, 2440, -2531
8284, 2440, -2536
8287, 2441, -2540
8290, 2441, -2543
8294, 2441, -2546
8297, 2441, -2548
8300, 2440, -2549
8303, 2440, -2551
8307, 2440, -2552
8310, 2439, -2553
8313, 2439, -2554
8316, 2440, -2554
8320, 2440, -2555
8323, 2440, -2556
8327, 2440, -2556
8331, 2440, -2556
8334, 2439, -2557
8337, 2439, -2557
8340, 2439, -2557
8343, 2440, -2557
8347, 2440, -2557
8350, 2440, -2557
8353, 2440, -2557
8356, 2440, -2558
8359, 2440, -2558
8363, 2440, -2558
8366, 2440, -2558
8369, 2440, -2559
8373, 2440, -2559
8377, 2440, -2559
8380, 2440, -2559
8384, 2440, -2559
8387, 2440, -2559
8391, 2440, -2559
8394, 2440, -2559
8398, 2439, -2559
8401, 2440, -2559
8404, 2440, -2559
8407, 2440, -2559
8410, 2440, -2559
8413, 2440, -2559
8416, 2440, -2559
8420, 2440, -2559
8423, 2440, -2559
8426, 2440, -2559
8429, 2440, -2559
8432, 2440, -2559
8435, 2440, -2559
8439, 2440, -2559
8442, 2440, -2559
8445, 2440, -2559
8448, 2440, -2559
8451, 2440, -2559
8455, 2440, -2559
8458, 2440, -2559
8461, 2440, -2559
8464, 2440, -2559
8467, 2440, -2559
8470, 2440, -2559
8473, 2440, -2560
10486, 2440, -2570
10490, 2440, -2570
10493, 2439, -2575
10496, 2439, -2582
10499, 2439, -2593
10502, 2438, -2606
10505, 2437, -2624
10508, 2436, -2643
10511, 2436, -2668
10514, 2435, -2694
10518, 2433, -2721
10521, 2432, -2751
10524, 2431, -2783
10527, 2429, -2815
10530, 2428, -2850
10533, 2427, -2886
10536, 2426, -2926
10540, 2425, -2966
10543, 2424, -3008
10546, 2422, -3054
10549, 2421, -3098
10552, 2419, -3144
10555, 2417, -3193
10559, 2416, -3240
10562, 2414, -3290
10565, 2413, -3338
10568, 2412, -3388
10571, 2410, -3440
10574, 2409, -3493
10577, 2407, -3547
10581, 2406, -3600
10584, 2404, -3650
10587, 2403, -3703
10590, 2402, -3752
10593, 2400, -3806
10596, 2399, -3856
10599, 2398, -3907
10603, 2396, -3958
10606, 2395, -4005
10609, 2394, -4059
10612, 2393, -4109
10615, 2392, -4156
10618, 2390, -4212
10621, 2389, -4270
10624, 2387, -4321
10628, 2386, -4373
10631, 2384, -4432
10634, 2383, -4485
10637, 2382, -4532
10640, 2381, -4578
10643, 2380, -4628
10647, 2379, -4687
10650, 2378, -4741
10653, 2376, -4787
10656, 2375, -4827
10659, 2375, -4861
10662, 2375, -4892
10665, 2375, -4923
10668, 2375, -4953
10671, 2374, -4985
10674, 2373, -5015
10677, 2372, -5043
10680, 2372, -5071
10684, 2371, -5098
10687, 2370, -5123
10690, 2370, -5145
10693, 2369, -5166
10696, 2369, -5185
10699, 2369, -5201
10703, 2369, -5217
10706, 2369, -5234
10709, 2369, -5251
10712, 2368, -5268
10715, 2368, -5284
10719, 2368, -5296
10722, 2367, -5307
10725, 2367, -5317
10728, 2367, -5325
10731, 2367, -5330
10734, 2367, -5335
10737, 2368, -5339
10741, 2368, -5341
10744, 2367, -5342
10747, 2367, -5342
10750, 2367, -5341
10753, 2367, -5337
10756, 2367, -5328
10759, 2368, -5312
10762, 2369, -5298
10765, 2369, -5285
10769, 2369, -5275
10772, 2369, -5265
10775, 2369, -5257
10778, 2369, -5250
10781, 2369, -5242
10784, 2369, -5236
10787, 2369, -5230
10790, 2370, -5225
10793, 2370, -5217
10797, 2370, -5211
10800, 2371, -5204
10803, 2371, -5196
10806, 2371, -5187
10809, 2371, -5179
10812, 2372, -5171
10815, 2371, -5162
10819, 2371, -5154
10822, 2371, -5147
10825, 2371, -5139
10828, 2372, -5131
10831, 2372, -5124
10834, 2372, -5119
10837, 2373, -5113
10840, 2373, -5108
10844, 2373, -5104
10847, 2373, -5099
10850, 2373, -5096
10853, 2373, -5091
10856, 2373, -5088
10859, 2373, -5084
10862, 2373, -5081
10865, 2374, -5077
10868, 2373, -5073
10872, 2374, -5068
10875, 2373, -5063
10878, 2374, -5058
10881, 2373, -5051
10884, 2374, -5043
10887, 2374, -5034
10890, 2375, -5023
10893, 2375, -5011
10897, 2375, -4997
10900, 2376, -4981
10903, 2376, -4966
10906, 2377, -4953
10909, 2377, -4941
10912, 2378, -4931
10915, 2377, -4923
10918, 2377, -4917
10921, 2377, -4912
10924, 2377, -4908
10927, 2377, -4905
10931, 2377, -4903
10934, 2377, -4902
10937, 2377, -4902
10940, 2377, -4905
10943, 2376, -4912
10946, 2376, -4925
10949, 2376, -4943
10952, 2375, -4963
10955, 2375, -4979
10958, 2374, -4992
10961, 2374, -5003
10964, 2373, -5012
10967, 2373, -5020
10970, 2373, -5027
10974, 2373, -5033
10977, 2373, -5038
10980, 2373, -5042
10983, 2373, -5046
10986, 2373, -5050
10989, 2373, -5054
10992, 2373, -5058
10995, 2373, -5061
10998, 2373, -5065
11001, 2373, -5069
11004, 2373, -5073
11007, 2373, -5077
11010, 2373, -5080
11014, 2373, -5084
11017, 2373, -5088
11020, 2373, -5092
11023, 2372, -5096
11026, 2372, -5100
11029, 2372, -5103
11032, 2372, -5107
11035, 2372, -5111
11038, 2372, -5114
11041, 2372, -5117
11044, 2372, -5120
11047, 2372, -5123
11051, 2372, -5126
11054, 2372, -5129
11057, 2372, -5131
11060, 2372, -5134
11063, 2372, -5136
11066, 2372, -5138
11069, 2372, -5140
11072, 2372, -5142
11075, 2372, -5145
11078, 2372, -5147
11081, 2372, -5149
11085, 2372, -5151
11088, 2371, -5154
11091, 2371, -5157
11094, 2371, -5161
11097, 2371, -5164
11100, 2371, -5168
11103, 2371, -5172
11106, 2371, -5177
11109, 2371, -5183
11112, 2371, -5189
11116, 2370, -5197
11119, 2370, -5206
11122, 2369, -5216
11125, 2369, -5227
11128, 2369, -5241
11131, 2368, -5257
11134, 2368, -5274
11137, 2368, -5291
11140, 2367, -5305
11143, 2367, -5318
11146, 2366, -5329
11150, 2366, -5338
11153, 2366, -5346
11156, 2366, -5351
11159, 2366, -5355
11162, 2366, -5358
11165, 2366, -5359
11168, 2366, -5359
11171, 2366, -5357
11174, 2367, -5350
11178, 2367, -5337
11181, 2368, -5318
11184, 2369, -5301
11187, 2369, -5287
11190, 2370, -5275
11193, 2370, -5264
11196, 2370, -5255
11199, 2370, -5246
11202, 2370, -5238
11205, 2370, -5231
11208, 2370, -5224
11211, 2370, -5217
11215, 2371, -5210
11218, 2371, -5202
11221, 2371, -5194
11224, 2371, -5185
11227, 2371, -5177
11230, 2371, -5168
11233, 2372, -5160
11237, 2372, -5153
11240, 2372, -5145
11243, 2372, -5138
11246, 2372, -5132
11249, 2372, -5125
11252, 2373, -5120
13265, 2373, -5041
13268, 2373, -5043
13272, 2373, -5059
13276, 2373, -5076
13280, 2372, -5093
13283, 2371, -5113
13287, 2371, -5136
13290, 2370, -5160
13294, 2369, -5187
13297, 2369, -5214
13301, 2368, -5240
13304, 2368, -5269
13307, 2367, -5299
13311, 2367, -5331
13314, 2366, -5365
13318, 2365, -5399
13322, 2365, -5435
13325, 2364, -5471
13329, 2363, -5505
13332, 2362, -5539
13336, 2361, -5577
13339, 2360, -5615
13343, 2359, -5663
13347, 2358, -5705
13350, 2357, -5744
13353, 2356, -5787
13357, 2355, -5831
13361, 2354, -5873
13364, 2353, -5914
13367, 2352, -5957
13371, 2351, -6001
13374, 2350, -6048
13378, 2349, -6091
13381, 2348, -6135
13384, 2347, -6182
13387, 2346, -6225
13391, 2345, -6268
13394, 2344, -6312
13397, 2343, -6360
13400, 2342, -6404
13403, 2341, -6448
13407, 2340, -6494
13410, 2339, -6542
13413, 2337, -6589
13416, 2336, -6637
13420, 2335, -6685
13423, 2334, -6731
13426, 2333, -6779
13429, 2332, -6828
13432, 2331, -6876
13436, 2329, -6927
13439, 2328, -6978
13442, 2327, -7030
13446, 2325, -7100
13450, 2324, -7152
13454, 2322, -7207
13457, 2321, -7257
13461, 2320, -7307
13464, 2318, -7362
13467, 2317, -7414
13470, 2315, -7463
13474, 2314, -7514
13477, 2313, -7566
13480, 2312, -7618
13483, 2310, -7669
13486, 2309, -7719
13489, 2307, -7766
13493, 2306, -7814
13496, 2305, -7863
13499, 2303, -7912
13502, 2302, -7961
13505, 2301, -8012
13508, 2300, -8060
13511, 2298, -8110
13514, 2297, -8159
13517, 2295, -8212
13521, 2294, -8260
13524, 2292, -8309
13527, 2291, -8360
13530, 2289, -8411
13533, 2288, -8460
13536, 2287, -8510
13539, 2286, -8561
13542, 2284, -8611
13546, 2283, -8661
13549, 2281, -8711
13552, 2280, -8760
13555, 2278, -8810
13558, 2277, -8860
13561, 2276, -8913
13564, 2274, -8963
13568, 2272, -9012
13571, 2270, -9061
13574, 2269, -9111
13577, 2267, -9160
13580, 2266, -9210
13583, 2264, -9259
13586, 2263, -9310
13590, 2262, -9360
13593, 2260, -9411
13596, 2258, -9462
13599, 2256, -9515
13602, 2255, -9568
13605, 2253, -9619
13608, 2251, -9672
13612, 2250, -9723
13615, 2248, -9775
13618, 2246, -9825
13621, 2244, -9875
13624, 2243, -9925
13627, 2241, -9974
13630, 2240, -10024
13634, 2239, -10075
13637, 2237, -10123
13640, 2236, -10172
13643, 2234, -10220
13647, 2232, -10271
13650, 2230, -10319
13653, 2229, -10367
13656, 2227, -10427
13661, 2225, -10486
13665, 2223, -10534
13668, 2221, -10585
13671, 2219, -10635
13675, 2218, -10690
13679, 2216, -10740
13682, 2214, -10786
13685, 2213, -10832
13689, 2211, -10879
13692, 2209, -10924
13695, 2207, -10971
13698, 2206, -11022
13702, 2204, -11068
13705, 2202, -11115
13708, 2200, -11166
13711, 2198, -11217
13715, 2197, -11267
13718, 2194, -11315
13721, 2192, -11364
13724, 2190, -11431
13728, 2188, -11487
13732, 2186, -11541
13735, 2184, -11606
13740, 2181, -11665
13743, 2179, -11718
13746, 2177, -11768
13750, 2174, -11820
13753, 2173, -11870
13756, 2170, -11920
13759, 2168, -11973
13762, 2166, -12023
13765, 2164, -12073
13769, 2163, -12121
13772, 2161, -12170
13775, 2159, -12221
13778, 2156, -12275
13781, 2154, -12325
13785, 2152, -12374
13788, 2150, -12422
13791, 2148, -12472
13794, 2146, -12522
13797, 2144, -12574
13800, 2142, -12628
13804, 2140, -12679
13807, 2138, -12730
13810, 2136, -12780
13813, 2133, -12828
13816, 2131, -12884
13820, 2129, -12932
13823, 2127, -12984
13827, 2125, -13034
13830, 2123, -13082
13833, 2121, -13127
13836, 2119, -13174
13840, 2117, -13229
13844, 2115, -13292
13848, 2113, -13338
13851, 2111, -13382
13855, 2109, -13424
13858, 2107, -13466
13861, 2105, -13511
13864, 2103, -13553
13867, 2102, -13593
13871, 2100, -13634
13874, 2098, -13677
13877, 2096, -13720
13880, 2094, -13764
13883, 2092, -13806
13886, 2090, -13850
13889, 2089, -13893
13893, 2087, -13934
13896, 2085, -13978
13899, 2083, -14027
13902, 2081, -14075
13906, 2079, -14118
13909, 2077, -14162
13912, 2075, -14207
13915, 2072, -14252
13919, 2070, -14300
13922, 2068, -14344
13925, 2066, -14389
13928, 2064, -14436
13931, 2062, -14483
13935, 2060, -14531
13938, 2058, -14582
13941, 2055, -14629
13945, 2053, -14691
13949, 2050, -14737
13952, 2048, -14785
13955, 2046, -14831
13959, 2044, -14875
13962, 2042, -14918
13965, 2040, -14961
13968, 2038, -15007
13971, 2036, -15053
13974, 2034, -15098
13977, 2033, -15141
13981, 2031, -15187
13984, 2028, -15231
13987, 2027, -15276
13990, 2025, -15322
13994, 2022, -15365
13997, 2021, -15407
14000, 2019, -15450
14003, 2017, -15493
14006, 2015, -15539
14009, 2013, -15585
14012, 2011, -15629
14016, 2009, -15675
14019, 2007, -15721
14022, 2004, -15768
14025, 2002, -15816
14028, 2000, -15862
14032, 1998, -15907
14035, 1996, -15950
14038, 1994, -15996
14041, 1992, -16042
14044, 1990, -16088
14047, 1988, -16133
14050, 1986, -16180
14054, 1984, -16226
14057, 1982, -16275
14060, 1980, -16324
14064, 1978, -16372
14067, 1975, -16419
14070, 1973, -16468
14074, 1971, -16516
14077, 1969, -16567
14080, 1966, -16615
14083, 1964, -16663
14087, 1962, -16714
14090, 1960, -16765
14093, 1957, -16818
14097, 1955, -16873
14100, 1953, -16926
14104, 1951, -16978
14107, 1948, -17029
14110, 1946, -17089
14114, 1943, -17143
14117, 1941, -17195
14121, 1938, -17251
14124, 1936, -17303
14128, 1933, -17355
14131, 1931, -17405
14134, 1929, -17454
14137, 1927, -17501
14140, 1925, -17548
14144, 1923, -17596
14147, 1921, -17643
14150, 1919, -17696
14153, 1917, -17745
14156, 1914, -17797
14160, 1912, -17848
14163, 1910, -17899
14166, 1908, -17949
14169, 1906, -18011
14174, 1904, -18077
14178, 1902, -18140
14182, 1899, -18192
14185, 1897, -18250
14189, 1894, -18308
14192, 1891, -18393
14197, 1888, -18444
14201, 1886, -18495
14204, 1883, -18547
14207, 1881, -18599
14210, 1879, -18652
14213, 1876, -18710
14217, 1874, -18781
14220, 1871, -18842
14224, 1869, -18902
14227, 1866, -18960
14230, 1864, -19023
14233, 1861, -19085
14237, 1859, -19148
14240, 1856, -19210
14243, 1854, -19270
14246, 1851, -19331
14249, 1849, -19394
14253, 1846, -19455
14256, 1844, -19516
14259, 1842, -19580
14262, 1839, -19646
14265, 1837, -19714
14269, 1834, -19782
14272, 1831, -19851
14275, 1829, -19920
14278, 1826, -19989
14282, 1823, -20064
14285, 1821, -20137
14288, 1818, -20212
14292, 1815, -20291
14295, 1813, -20369
14298, 1810, -20451
14302, 1807, -20539
14305, 1803, -20620
14308, 1800, -20703
14312, 1797, -20792
14315, 1793, -20882
14319, 1790, -20975
14322, 1787, -21064
14325, 1784, -21158
14329, 1781, -21254
14332, 1778, -21346
14335, 1775, -21473
14340, 1772, -21598
14344, 1767, -21738
14348, 1763, -21837
14351, 1759, -21939
14355, 1755, -22048
14358, 1751, -22148
14361, 1747, -22257
14365, 1743, -22366
14368, 1739, -22473
14371, 1736, -22575
14374, 1732, -22672
14377, 1729, -22772
14380, 1725, -22869
14384, 1722, -22962
14387, 1719, -23055
14390, 1715, -23164
14394, 1711, -23278
14397, 1707, -23377
14401, 1702, -23485
14404, 1698, -23618
14408, 1694, -23722
14412, 1689, -23836
14415, 1685, -23938
14419, 1680, -24067
14423, 1676, -24180
14427, 1671, -24291
14432, 1667, -24386
14435, 1663, -24489
14440, 1659, -24571
14443, 1655, -24653
14447, 1652, -24721
14451, 1649, -24790
14455, 1647, -24866
14459, 1645, -24915
14462, 1642, -24965
14465, 1640, -25013
14468, 1638, -25053
14472, 1637, -25088
14475, 1635, -25122
14478, 1634, -25157
14481, 1633, -25193
14484, 1632, -25226
14487, 1631, -25255
14490, 1630, -25278
14494, 1629, -25299
14497, 1629, -25318
14500, 1628, -25338
14503, 1627, -25363
14508, 1626, -25384
14511, 1625, -25407
14515, 1624, -25427
14518, 1623, -25446
14521, 1622, -25461
14525, 1622, -25476
14529, 1621, -25486
14533, 1621, -25495
14537, 1621, -25501
14540, 1621, -25507
14544, 1621, -25513
14549, 1621, -25517
14552, 1621, -25521
14556, 1621, -25525
14559, 1621, -25529
14563, 1621, -25533
14567, 1620, -25537
14571, 1621, -25540
14574, 1620, -25544
14577, 1620, -25548
14580, 1620, -25552
14584, 1619, -25556
14587, 1619, -25560
14590, 1619, -25564
14593, 1618, -25567
14596, 1619, -25571
14600, 1619, -25575
14603, 1619, -25578
14606, 1618, -25582
14610, 1618, -25585
14613, 1618, -25588
14617, 1618, -25590
14620, 1618, -25593
14623, 1618, -25595
14626, 1618, -25597
14630, 1618, -25599
14633, 1617, -25600
16646, 1617, -25608
16649, 1617, -25611
16653, 1617, -25622
16657, 1616, -25638
16660, 1614, -25657
16664, 1613, -25678
16667, 1611, -25703
16671, 1608, -25729
16674, 1607, -25757
16678, 1605, -25789
16681, 1603, -25830
16685, 1601, -25864
16689, 1599, -25904
16693, 1596, -25944
16696, 1593, -25985
16700, 1591, -26027
16703, 1588, -26070
16707, 1586, -26116
16711, 1583, -26156
16714, 1581, -26195
16717, 1578, -26234
16720, 1575, -26275
16723, 1573, -26319
16727, 1570, -26363
16730, 1567, -26407
16733, 1565, -26452
16737, 1563, -26495
16740, 1560, -26541
16743, 1557, -26587
16747, 1555, -26632
16750, 1552, -26675
16753, 1549, -26719
16756, 1546, -26766
16760, 1544, -26813
16763, 1541, -26859
16766, 1538, -26903
16769, 1536, -26947
16772, 1533, -26990
16775, 1531, -27035
16778, 1528, -27080
16782, 1525, -27130
16785, 1522, -27175
16788, 1520, -27219
16791, 1517, -27266
16794, 1514, -27312
16798, 1511, -27358
16801, 1508, -27404
16804, 1505, -27449
16807, 1502, -27494
16810, 1500, -27540
16813, 1496, -27588
16817, 1493, -27643
16820, 1490, -27694
16823, 1487, -27749
16827, 1483, -27800
16830, 1480, -27852
16833, 1476, -27905
16836, 1473, -27958
16839, 1469, -28014
16843, 1466, -28071
16846, 1463, -28125
16849, 1459, -28182
16852, 1455, -28237
16855, 1451, -28295
16858, 1447, -28353
16862, 1443, -28412
16865, 1440, -28471
16868, 1436, -28529
16871, 1432, -28588
16874, 1428, -28648
16877, 1424, -28709
16881, 1420, -28773
16884, 1416, -28834
16887, 1412, -28896
16890, 1408, -28959
16893, 1404, -29027
16896, 1400, -29094
16900, 1395, -29188
16904, 1391, -29259
16907, 1385, -29346
16912, 1381, -29427
16915, 1375, -29502
16918, 1370, -29581
16922, 1365, -29661
16926, 1360, -29747
16929, 1354, -29821
16933, 1349, -29897
16936, 1343, -29975
16939, 1338, -30053
16942, 1333, -30134
16945, 1328, -30215
16949, 1322, -30298
16952, 1317, -30380
16955, 1311, -30465
16958, 1306, -30549
16961, 1300, -30635
16965, 1295, -30721
16968, 1290, -30808
16971, 1284, -30896
16974, 1279, -30987
16977, 1274, -31078
16980, 1269, -31172
16983, 1263, -31267
16986, 1258, -31364
16989, 1253, -31462
16992, 1247, -31563
16995, 1241, -31673
16998, 1235, -31778
17002, 1230, -31887
17005, 1224, -31998
17008, 1218, -32115
17011, 1212, -32230
17014, 1206, -32349
17017, 1200, -32465
17021, 1194, -32575
17024, 1189, -32685
17027, 1184, -32787
17030, 1180, -32881
17033, 1177, -32972
17036, 1175, -33057
17039, 1172, -33136
17043, 1170, -33207
17046, 1168, -33276
17049, 1166, -33336
17052, 1164, -33391
17056, 1163, -33443
17059, 1161, -33492
17062, 1160, -33536
17065, 1159, -33579
17068, 1158, -33618
17071, 1156, -33653
17075, 1156, -33688
17078, 1155, -33719
17081, 1154, -33749
17084, 1153, -33781
17087, 1152, -33811
17090, 1150, -33841
17093, 1149, -33872
17097, 1148, -33905
17100, 1147, -33938
17104, 1146, -33969
17107, 1144, -33997
17111, 1143, -34025
17114, 1142, -34054
17117, 1141, -34083
17120, 1139, -34112
17123, 1138, -34142
17126, 1137, -34171
17129, 1136, -34199
17133, 1135, -34227
17136, 1134, -34255
17139, 1133, -34285
17142, 1132, -34317
17145, 1131, -34351
17148, 1129, -34383
17151, 1128, -34415
17154, 1126, -34447
17158, 1125, -34480
17161, 1124, -34514
17164, 1122, -34550
17167, 1122, -34586
17170, 1120, -34622
17173, 1119, -34657
17177, 1117, -34694
17180, 1116, -34730
17183, 1114, -34767
17186, 1113, -34806
17190, 1112, -34844
17193, 1111, -34885
17196, 1109, -34922
17199, 1108, -34959
17202, 1106, -34996
17206, 1105, -35039
17209, 1103, -35079
17212, 1102, -35117
17215, 1101, -35155
17218, 1100, -35193
17222, 1098, -35231
17225, 1097, -35271
17228, 1096, -35310
17231, 1095, -35350
17234, 1093, -35392
17237, 1091, -35431
17240, 1090, -35489
17245, 1089, -35547
17249, 1087, -35596
17252, 1085, -35646
17256, 1084, -35696
17259, 1082, -35761
17264, 1080, -35817
17267, 1078, -35868
17271, 1077, -35919
17274, 1075, -35973
17277, 1073, -36024
17281, 1071, -36078
17284, 1070, -36131
17287, 1068, -36184
17290, 1066, -36238
17293, 1064, -36294
17297, 1063, -36350
17300, 1061, -36406
17303, 1060, -36463
17306, 1058, -36520
17310, 1057, -36583
17313, 1055, -36642
17316, 1053, -36708
17320, 1051, -36797
17324, 1050, -36863
17328, 1048, -36934
17331, 1046, -37002
17334, 1044, -37071
17337, 1042, -37138
17341, 1040, -37208
17344, 1038, -37282
17347, 1036, -37355
17350, 1034, -37429
17353, 1032, -37504
17356, 1031, -37580
17359, 1029, -37656
17363, 1028, -37736
17366, 1026, -37815
17369, 1024, -37894
17372, 1022, -37983
17376, 1020, -38064
17379, 1018, -38144
17382, 1016, -38228
17385, 1014, -38308
17389, 1012, -38390
17392, 1010, -38473
17395, 1008, -38553
17398, 1007, -38630
17401, 1005, -38706
17405, 1003, -38787
17408, 1001, -38863
17411, 1000, -38949
17415, 998, -39024
17418, 996, -39094
17421, 994, -39164
17424, 992, -39236
17427, 990, -39305
17430, 989, -39373
17434, 987, -39442
17437, 986, -39510
17440, 984, -39578
17443, 983, -39645
17446, 981, -39712
17449, 979, -39785
17453, 977, -39878
17457, 975, -39978
17461, 973, -40060
17465, 971, -40166
17470, 969, -40261
17474, 966, -40333
17477, 963, -40401
17481, 962, -40469
17484, 960, -40538
17487, 958, -40607
17490, 956, -40673
17493, 954, -40740
17497, 952, -40809
17500, 950, -40878
17503, 948, -40945
17506, 946, -41012
17509, 945, -41084
17513, 943, -41155
17516, 941, -41225
17519, 939, -41299
17523, 937, -41369
17526, 934, -41445
17529, 932, -41533
17534, 929, -41639
17538, 927, -41724
17542, 924, -41803
17545, 921, -41886
17549, 918, -41985
17554, 915, -42067
17557, 913, -42150
17561, 910, -42247
17565, 907, -42346
17570, 904, -42434
17574, 901, -42518
17577, 898, -42616
17582, 895, -42690
17585, 891, -42773
17589, 889, -42842
17592, 886, -42925
17595, 884, -42994
17599, 881, -43062
17602, 879, -43137
17605, 876, -43207
17609, 873, -43275
17612, 870, -43344
17615, 869, -43410
17618, 866, -43476
17621, 864, -43538
17625, 862, -43605
17628, 860, -43668
17631, 858, -43731
17635, 855, -43800
17638, 853, -43870
17642, 851, -43935
17646, 848, -44000
17649, 846, -44059
17653, 844, -44116
17656, 842, -44169
17659, 840, -44240
17664, 838, -44304
17668, 836, -44366
17672, 834, -44419
17676, 832, -44482
17680, 830, -44529
17684, 828, -44575
17687, 827, -44621
17690, 825, -44670
17694, 823, -44713
17697, 821, -44754
17701, 819, -44795
17704, 818, -44836
17707, 816, -44878
17710, 815, -44919
17714, 813, -44958
17717, 812, -44998
17720, 810, -45038
17723, 808, -45078
17727, 807, -45116
17730, 805, -45153
17733, 804, -45197
17736, 802, -45248
17741, 801, -45291
17744, 798, -45333
17747, 797, -45380
17751, 795, -45428
17755, 793, -45472
17759, 791, -45512
17762, 790, -45554
17765, 788, -45593
17769, 787, -45632
17772, 785, -45672
17775, 783, -45707
17778, 782, -45743
17781, 780, -45779
17784, 779, -45816
17788, 777, -45853
17791, 775, -45892
17795, 774, -45929
17798, 773, -45964
17801, 771, -45998
17804, 770, -46035
17808, 769, -46069
17811, 767, -46103
17814, 765, -46136
17817, 764, -46169
17821, 762, -46203
17824, 761, -46236
17827, 759, -46272
17830, 758, -46305
17833, 756, -46340
17837, 755, -46372
17840, 753, -46406
17843, 752, -46443
17846, 750, -46479
17850, 749, -46519
17853, 747, -46554
17856, 745, -46588
17859, 744, -46620
17863, 743, -46653
17866, 741, -46688
17869, 739, -46725
17872, 738, -46767
17875, 736, -46810
17878, 734, -46854
17881, 731, -46898
17884, 729, -46944
17888, 727, -46988
17891, 725, -47032
17894, 723, -47077
17897, 721, -47123
17900, 719, -47170
17903, 717, -47218
17906, 715, -47266
17909, 713, -47312
17912, 711, -47357
17915, 709, -47402
17918, 707, -47447
17922, 705, -47492
17925, 703, -47536
17928, 701, -47579
17931, 700, -47622
17934, 698, -47665
17937, 697, -47708
17940, 695, -47753
17943, 693, -47798
17946, 691, -47843
17950, 689, -47886
17953, 686, -47931
17956, 684, -47975
17959, 682, -48018
17962, 681, -48060
17965, 679, -48104
17969, 677, -48148
17972, 676, -48192
17975, 674, -48236
17978, 672, -48279
17981, 670, -48327
17985, 668, -48371
17988, 666, -48413
17991, 664, -48458
17995, 663, -48502
17998, 661, -48544
18001, 659, -48585
18004, 657, -48628
18007, 655, -48668
18010, 653, -48709
18014, 651, -48751
18017, 650, -48790
18020, 648, -48833
18023, 646, -48892
18028, 644, -48938
18031, 641, -48986
18034, 639, -49036
18037, 636, -49086
18040, 634, -49141
18044, 632, -49195
18047, 629, -49251
18050, 627, -49307
18053, 624, -49366
18056, 621, -49424
18060, 618, -49482
18063, 616, -49540
18066, 613, -49601
18070, 611, -49661
18073, 609, -49713
18076, 607, -49764
18079, 605, -49814
18082, 603, -49864
18086, 601, -49914
18089, 600, -49959
18092, 597, -50009
18095, 595, -50054
18098, 594, -50099
18101, 592, -50149
18104, 590, -50196
18108, 588, -50242
18111, 586, -50290
18114, 584, -50337
18117, 582, -50378
18121, 581, -50423
18124, 579, -50465
18127, 578, -50501
18130, 577, -50534
18133, 575, -50573
18136, 573, -50621
18140, 572, -50657
18143, 571, -50690
18146, 569, -50720
18149, 569, -50751
18152, 568, -50785
18156, 566, -50820
18159, 565, -50847
18162, 565, -50870
18165, 563, -50891
18168, 563, -50910
18172, 562, -50928
18175, 562, -50947
18178, 561, -50968
18181, 561, -50990
18184, 560, -51014
18187, 559, -51040
18191, 558, -51062
18194, 557, -51079
18197, 557, -51092
18200, 556, -51103
18204, 556, -51111
18207, 556, -51118
18210, 557, -51124
18213, 557, -51129
18216, 557, -51134
18219, 557, -51138
18222, 557, -51141
18226, 556, -51144
18229, 556, -51147
18233, 556, -51150
18237, 556, -51152
18241, 556, -51155
18246, 556, -51158
18249, 555, -51160
18252, 555, -51162
18256, 555, -51164
18259, 555, -51166
18262, 555, -51168
18265, 555, -51170
18268, 555, -51172
18272, 555, -51174
18275, 555, -51176
18278, 555, -51178
18281, 555, -51180
18284, 555, -51181
18287, 555, -51183
18291, 555, -51185
18295, 555, -51186
18298, 555, -51187
18301, 555, -51189
18304, 555, -51190
18307, 555, -51192
18311, 555, -51193
18314, 555, -51195
18318, 555, -51197
18322, 555, -51198
18325, 554, -51199
18329, 554, -51200
20342, 554, -51226
20346, 553, -51228
20349, 553, -51232
20353, 553, -51237
20356, 552, -51242
20359, 552, -51249
20362, 552, -51255
20365, 551, -51263
20368, 551, -51272
20372, 551, -51281
20375, 551, -51294
20379, 550, -51305
20382, 550, -51316
20386, 549, -51331
20390, 549, -51343
20393, 549, -51358
20398, 548, -51369
20401, 547, -51381
20405, 546, -51395
20408, 545, -51408
20412, 545, -51427
20416, 544, -51445
20420, 543, -51462
20423, 542, -51484
20427, 542, -51506
20431, 541, -51532
20435, 540, -51559
20440, 539, -51581
20443, 538, -51607
20448, 537, -51627
20451, 536, -51646
20454, 535, -51668
20458, 534, -51692
20461, 533, -51717
20464, 532, -51743
20467, 531, -51769
20471, 530, -51798
20474, 528, -51826
20478, 527, -51855
20481, 526, -51880
20484, 525, -51907
20487, 524, -51936
20491, 523, -51971
20494, 522, -52004
20497, 521, -52037
20501, 519, -52080
20505, 518, -52113
20509, 517, -52146
20512, 515, -52184
20515, 514, -52224
20519, 513, -52262
20522, 511, -52309
20527, 509, -52355
20531, 507, -52405
20536, 505, -52453
20540, 504, -52492
20543, 502, -52532
20547, 500, -52571
20551, 499, -52620
20555, 498, -52668
20559, 496, -52706
20562, 494, -52743
20565, 493, -52780
20569, 491, -52816
20572, 490, -52853
20575, 489, -52889
20578, 488, -52926
20581, 486, -52964
20585, 485, -53001
20588, 484, -53040
20591, 483, -53079
20594, 481, -53115
20597, 480, -53156
20601, 479, -53209
20605, 478, -53248
20609, 476, -53290
20612, 475, -53344
20616, 473, -53389
20620, 471, -53432
20624, 469, -53478
20627, 467, -53524
20631, 466, -53579
20635, 465, -53633
20640, 463, -53681
20643, 461, -53737
20648, 460, -53782
20651, 457, -53838
20655, 455, -53879
20659, 454, -53920
20662, 453, -53965
20665, 452, -54007
20668, 451, -54049
20671, 450, -54091
20675, 448, -54136
20678, 447, -54179
20681, 445, -54222
20684, 444, -54263
20687, 443, -54310
20691, 441, -54351
20694, 440, -54396
20698, 439, -54439
20701, 437, -54483
20704, 436, -54533
20708, 435, -54575
20711, 434, -54635
20716, 432, -54680
20719, 431, -54727
20722, 429, -54776
20726, 428, -54831
20730, 426, -54885
20734, 424, -54942
20738, 422, -54992
20741, 421, -55055
20745, 419, -55117
20750, 417, -55180
20754, 415, -55229
20758, 414, -55276
20761, 412, -55322
20765, 411, -55365
20768, 409, -55408
20771, 408, -55452
20774, 406, -55496
20777, 404, -55540
20781, 403, -55583
20784, 402, -55622
20787, 401, -55665
20791, 399, -55707
20794, 398, -55749
20797, 397, -55791
20800, 395, -55835
20804, 393, -55876
20807, 392, -55915
20810, 390, -55955
20813, 389, -56000
20817, 388, -56045
20820, 386, -56090
20824, 385, -56135
20827, 383, -56178
20830, 382, -56218
20834, 380, -56258
20837, 378, -56300
20840, 377, -56348
20844, 375, -56388
20847, 374, -56429
20850, 372, -56468
20853, 370, -56509
20856, 369, -56548
20859, 367, -56587
20862, 365, -56625
20865, 364, -56664
20869, 362, -56706
20872, 361, -56748
20875, 359, -56791
20878, 357, -56831
20881, 355, -56871
20884, 354, -56911
20887, 352, -56951
20891, 351, -56990
20894, 349, -57033
20897, 348, -57080
20900, 346, -57121
20904, 344, -57161
20907, 342, -57202
20910, 341, -57242
20913, 339, -57283
20917, 338, -57322
20920, 336, -57363
20923, 334, -57406
20926, 332, -57445
20930, 330, -57485
20933, 328, -57524
20936, 326, -57564
20939, 325, -57603
20942, 323, -57641
20945, 321, -57679
20948, 320, -57717
20952, 318, -57755
20955, 316, -57795
20958, 314, -57833
20961, 313, -57872
20965, 311, -57910
20968, 309, -57945
20971, 308, -57980
20974, 307, -58016
20977, 305, -58054
20980, 303, -58092
20983, 301, -58129
20987, 299, -58164
20990, 298, -58200
20993, 296, -58234
20996, 294, -58273
20999, 293, -58311
21002, 291, -58349
21006, 289, -58385
21009, 288, -58422
21012, 286, -58457
21015, 284, -58493
21018, 282, -58530
21022, 280, -58567
21025, 279, -58603
21028, 277, -58638
21031, 275, -58671
21034, 273, -58706
21037, 272, -58742
21040, 270, -58778
21043, 268, -58813
21047, 266, -58849
21050, 265, -58884
21053, 262, -58918
21056, 261, -58951
21059, 258, -58984
21062, 257, -59016
21065, 255, -59049
21068, 254, -59082
21071, 252, -59115
21074, 251, -59148
21078, 250, -59179
21081, 248, -59210
21084, 246, -59240
21087, 245, -59271
21090, 243, -59303
21093, 241, -59333
21096, 239, -59366
21100, 238, -59398
21103, 237, -59429
21106, 235, -59460
21109, 234, -59489
21112, 232, -59517
21116, 230, -59545
21119, 229, -59575
21122, 227, -59605
21125, 225, -59636
21128, 223, -59665
21131, 222, -59693
21134, 220, -59721
21138, 219, -59748
21141, 218, -59779
21144, 216, -59808
21148, 215, -59837
21151, 213, -59868
21154, 211, -59897
21157, 209, -59927
21161, 208, -59955
21164, 206, -59983
21167, 204, -60012
21170, 203, -60039
21174, 201, -60068
21177, 200, -60096
21180, 199, -60123
21183, 197, -60151
21187, 196, -60182
21190, 194, -60210
21194, 193, -60237
21197, 191, -60264
21200, 189, -60290
21203, 188, -60318
21207, 186, -60347
21210, 184, -60374
21213, 183, -60401
21216, 181, -60430
21220, 179, -60457
21223, 178, -60486
21226, 176, -60513
21230, 175, -60541
21233, 173, -60569
21236, 172, -60596
21239, 170, -60624
21242, 169, -60651
21246, 167, -60681
21249, 165, -60711
21252, 164, -60739
21256, 162, -60768
21259, 160, -60794
21263, 158, -60823
21266, 157, -60851
21269, 155, -60879
21272, 153, -60907
21276, 152, -60937
21279, 151, -60966
21282, 149, -60993
21286, 147, -61022
21289, 146, -61049
21292, 144, -61074
21295, 143, -61100
21299, 141, -61127
21302, 140, -61155
21305, 138, -61183
21308, 136, -61212
21311, 134, -61241
21315, 132, -61271
21318, 131, -61302
21321, 129, -61329
21325, 127, -61357
21328, 126, -61386
21331, 124, -61414
21334, 122, -61443
21337, 120, -61471
21340, 119, -61499
21344, 117, -61527
21347, 115, -61554
21350, 113, -61581
21353, 112, -61607
21356, 110, -61635
21359, 109, -61663
21362, 107, -61691
21365, 105, -61719
21368, 104, -61747
21371, 102, -61775
21375, 101, -61802
21378, 99, -61829
21381, 97, -61856
21384, 96, -61883
21387, 94, -61911
21390, 93, -61939
21393, 91, -61966
21396, 90, -61995
21400, 89, -62023
21403, 87, -62049
21406, 86, -62076
21409, 84, -62102
21412, 83, -62128
21415, 81, -62154
21419, 80, -62181
21422, 78, -62208
21425, 77, -62236
21428, 75, -62263
21431, 73, -62292
21434, 71, -62320
21438, 69, -62348
21441, 67, -62376
21444, 65, -62403
21447, 64, -62431
21450, 62, -62459
21453, 61, -62487
21456, 59, -62515
21459, 58, -62543
21463, 56, -62571
21466, 54, -62597
21469, 53, -62626
21472, 51, -62655
21476, 49, -62682
21479, 48, -62712
21482, 47, -62751
21487, 44, -62784
21490, 42, -62825
21495, 40, -62859
21498, 38, -62901
21502, 35, -62937
21506, 34, -62976
21510, 32, -63010
21513, 29, -63054
21518, 28, -63089
21521, 25, -63133
21525, 22, -63167
21529, 20, -63201
21532, 18, -63237
21535, 16, -63273
21538, 14, -63309
21542, 12, -63344
21545, 10, -63377
21548, 8, -63412
21552, 5, -63448
21555, 3, -63484
21558, 2, -63520
21561, 0, -63556
21565, -1, -63594
21568, -3, -63630
21571, -5, -63666
21575, -7, -63709
21579, -9, -63753
21583, -11, -63801
21586, -13, -63842
21590, -16, -63879
21593, -18, -63928
21598, -21, -63973
21601, -23, -64022
21605, -25, -64062
21609, -27, -64106
21612, -29, -64157
21617, -32, -64203
21621, -34, -64250
21624, -37, -64291
21628, -39, -64344
21632, -42, -64390
21637, -44, -64434
21640, -47, -64476
21643, -49, -64518
21646, -51, -64560
21650, -53, -64601
21653, -55, -64643
21656, -58, -64687
21660, -60, -64732
21663, -62, -64775
21666, -64, -64821
21669, -67, -64865
21673, -69, -64910
21676, -71, -64960
21679, -73, -65007
21683, -75, -65060
21687, -78, -65105
21690, -80, -65153
21694, -82, -65203
21697, -84, -65250
21701, -86, -65298
21704, -88, -65344
21708, -90, -65402
21712, -92, -65450
21716, -94, -65503
21720, -97, -65551
21723, -99, -65604
21727, -101, -65651
21731, -104, -65699
21735, -106, -65748
21738, -108, -65799
21742, -110, -65847
21746, -112, -65893
21750, -113, -65935
21753, -115, -65977
21756, -116, -66018
21760, -118, -66059
21763, -120, -66099
21766, -122, -66138
21769, -123, -66177
21773, -125, -66217
21776, -127, -66258
21779, -128, -66302
21782, -130, -66343
21786, -132, -66391
21789, -133, -66435
21793, -135, -66481
21796, -137, -66527
21800, -139, -66578
21803, -141, -66625
21806, -143, -66671
21809, -145, -66718
21813, -147, -66769
21816, -149, -66819
21819, -151, -66874
21823, -153, -66930
21826, -155, -66994
21830, -157, -67055
21834, -159, -67122
21838, -161, -67180
21842, -163, -67252
21846, -165, -67326
21850, -168, -67383
21854, -170, -67449
21858, -173, -67525
21862, -175, -67586
21865, -177, -67641
21869, -180, -67698
21872, -181, -67759
21875, -183, -67821
21879, -185, -67879
21882, -187, -67938
21885, -189, -68005
21889, -191, -68067
21892, -193, -68126
21896, -195, -68188
21899, -197, -68255
21902, -199, -68323
21906, -201, -68398
21909, -203, -68467
21913, -205, -68553
21917, -207, -68626
21920, -210, -68698
21924, -212, -68779
21927, -214, -68876
21932, -217, -68984
21937, -219, -69065
21940, -222, -69146
21943, -224, -69232
21947, -226, -69315
21950, -229, -69402
21954, -232, -69499
21958, -234, -69612
21962, -236, -69722
21967, -239, -69807
21970, -241, -69916
21975, -243, -70003
21978, -246, -70088
21981, -248, -70172
21984, -250, -70258
21988, -252, -70348
21991, -254, -70437
21994, -256, -70528
21997, -258, -70620
22001, -260, -70713
22004, -262, -70805
22007, -264, -70899
22011, -266, -70989
22014, -268, -71081
22017, -270, -71175
22020, -272, -71269
22024, -274, -71356
22027, -276, -71448
22030, -278, -71542
22033, -280, -71638
22037, -282, -71731
22040, -284, -71817
22043, -286, -71904
22046, -288, -71993
22050, -291, -72083
22053, -292, -72171
22056, -294, -72257
22059, -296, -72340
22062, -298, -72428
22066, -300, -72524
22069, -303, -72619
22072, -305, -72716
22075, -308, -72822
22079, -310, -72922
22082, -313, -73019
22085, -316, -73127
22089, -319, -73231
22092, -321, -73332
22095, -324, -73433
22099, -326, -73527
22102, -329, -73627
22105, -331, -73723
22109, -334, -73819
22112, -337, -73917
22115, -340, -74024
22119, -343, -74124
22122, -346, -74223
22125, -349, -74321
22128, -352, -74419
22132, -355, -74517
22135, -358, -74617
22138, -360, -74728
22142, -363, -74827
22145, -367, -74940
22148, -371, -75040
22152, -375, -75141
22155, -378, -75250
22158, -382, -75345
22161, -385, -75440
22165, -388, -75532
22168, -390, -75624
22172, -393, -75714
22175, -395, -75789
22178, -397, -75867
22181, -399, -75955
22185, -401, -76023
22188, -403, -76098
22192, -406, -76168
22195, -408, -76234
22198, -410, -76288
22202, -411, -76337
22205, -413, -76383
22208, -414, -76432
22212, -415, -76479
22215, -416, -76520
22218, -417, -76552
22221, -418, -76581
22225, -418, -76604
22228, -419, -76626
22231, -419, -76646
22234, -419, -76664
22238, -420, -76682
22241, -420, -76697
22244, -420, -76711
22247, -421, -76724
22251, -421, -76737
22254, -422, -76749
22257, -422, -76761
22260, -422, -76772
22263, -422, -76783
22267, -422, -76792
22270, -423, -76800
22273, -423, -76808
22276, -423, -76815
22280, -424, -76821
22283, -424, -76825
22286, -424, -76830
22289, -424, -76834
22293, -424, -76838
22296, -424, -76842
22299, -424, -76846
22302, -424, -76851
22305, -424, -76857
22309, -424, -76864
22312, -425, -76871
22315, -425, -76878
22318, -425, -76885
22322, -425, -76890
22325, -425, -76895
22328, -425, -76899
22332, -425, -76902
22335, -425, -76905
22338, -425, -76908
22342, -425, -76909
22345, -426, -76910
22348, -426, -76910
22351, -426, -76911
22355, -426, -76910
22358, -426, -76910
22361, -425, -76909
22365, -425, -76909
22368, -426, -76908
22371, -426, -76906
22375, -426, -76903
22378, -425, -76900
22381, -425, -76896
22384, -425, -76891
22388, -424, -76886
22391, -424, -76879
22394, -424, -76873
22398, -424, -76865
22401, -423, -76856
22405, -423, -76846
22408, -422, -76837
22412, -422, -76828
22415, -422, -76820
22418, -421, -76812
22422, -422, -76805
22425, -421, -76798
22428, -421, -76793
22432, -421, -76787
22436, -421, -76782
22439, -421, -76778
22442, -421, -76774
22446, -421, -76770
22449, -421, -76768
22452, -421, -76764
22455, -421, -76762
22458, -421, -76758
22462, -420, -76756
22465, -420, -76753
22468, -420, -76751
22471, -420, -76749
22475, -420, -76747
22479, -420, -76746
22483, -420, -76745
22487, -420, -76744
22490, -420, -76743
22493, -420, -76742
22497, -420, -76741
22501, -420, -76741
22505, -420, -76741
22508, -420, -76740
22513, -420, -76740
22516, -420, -76740
22519, -420, -76740
22523, -420, -76740
22526, -420, -76741
22529, -420, -76741
22532, -420, -76741
22536, -419, -76741
22539, -420, -76742
22542, -420, -76743
22545, -420, -76745
22549, -420, -76747
22552, -420, -76748
22555, -420, -76750
22558, -420, -76752
22562, -420, -76753
22565, -420, -76755
22568, -420, -76757
22571, -420, -76759
22574, -420, -76762
22578, -421, -76765
22581, -421, -76769
22584, -421, -76773
22588, -421, -76777
22591, -421, -76780
22594, -421, -76782
22597, -422, -76785
22601, -422, -76787
22604, -422, -76791
22609, -422, -76793
22613, -422, -76796
22617, -422, -76798
22620, -422, -76802
22624, -422, -76803
22629, -422, -76805
22632, -422, -76807
22635, -422, -76808
22639, -423, -76810
22642, -422, -76812
22645, -423, -76813
22648, -423, -76815
22652, -423, -76816
22655, -423, -76818
22658, -423, -76819
22661, -423, -76821
22665, -423, -76823
22668, -423, -76824
22671, -423, -76826
22674, -424, -76828
22678, -423, -76830
22681, -423, -76832
22684, -424, -76836
22688, -423, -76839
22691, -423, -76843
22694, -424, -76846
22698, -424, -76850
22701, -424, -76855
22704, -424, -76861
22708, -424, -76869
22711, -425, -76876
22714, -425, -76884
22717, -425, -76891
22721, -426, -76898
22724, -426, -76905
22727, -426, -76910
22731, -426, -76915
22734, -427, -76918
22737, -427, -76921
22740, -427, -76924
22743, -427, -76926
22747, -427, -76928
22750, -427, -76928
22753, -427, -76928
22756, -426, -76929
22759, -426, -76929
22763, -426, -76929
22766, -426, -76926
22769, -425, -76922
22772, -425, -76918
22776, -425, -76912
22779, -425, -76906
22782, -425, -76898
22785, -424, -76889
22789, -424, -76880
22792, -424, -76870
22795, -423, -76860
22798, -423, -76848
22801, -422, -76837
22805, -422, -76827
22808, -421, -76817
22811, -421, -76809
22814, -420, -76801
22817, -421, -76795
22821, -420, -76790
22824, -421, -76785
22827, -421, -76780
22830, -421, -76776
22834, -420, -76772
22837, -420, -76768
22840, -420, -76765
22843, -420, -76762
22846, -420, -76760
22850, -420, -76758
22853, -420, -76755
22856, -420, -76754
22859, -420, -76752
22863, -420, -76750
22866, -420, -76749
22869, -420, -76748
22873, -420, -76747
22876, -420, -76746
22879, -420, -76746
22882, -420, -76745
22886, -420, -76744
22889, -420, -76744
22893, -420, -76744
22896, -420, -76743
22899, -420, -76743
22903, -420, -76743
22906, -420, -76743
22910, -420, -76743
22915, -420, -76744
22919, -420, -76744
22922, -421, -76745
22926, -421, -76746
22930, -421, -76746
22934, -421, -76747
22938, -421, -76748
22942, -420, -76749
22945, -420, -76750
22949, -420, -76752
22952, -420, -76754
22955, -420, -76756
22959, -421, -76758
22962, -421, -76761
22965, -421, -76764
22969, -421, -76767
22972, -421, -76770
22975, -421, -76774
22978, -421, -76777
22982, -421, -76780
22985, -422, -76782
22988, -422, -76785
22991, -422, -76789
22994, -422, -76791
22997, -422, -76795
23001, -422, -76797
23004, -422, -76799
23007, -422, -76801
23010, -422, -76803
23014, -422, -76805
23017, -422, -76806
23020, -422, -76809
23023, -422, -76810
23027, -422, -76813
23030, -422, -76814
23033, -422, -76815
23036, -422, -76817
23040, -423, -76819
23043, -423, -76821
23046, -423, -76823
23049, -424, -76825
23052, -423, -76827
23056, -423, -76829
23059, -423, -76832
23062, -423, -76835
23065, -423, -76838
23069, -424, -76840
23072, -424, -76844
23075, -424, -76847
23078, -424, -76852
23081, -424, -76857
23084, -424, -76862
23088, -424, -76867
23091, -425, -76874
23094, -425, -76882
23097, -425, -76889
23100, -425, -76897
23104, -426, -76904
23107, -426, -76910
23110, -426, -76915
23113, -427, -76919
23117, -427, -76922
23120, -427, -76925
23123, -427, -76928
23127, -427, -76930
23131, -426, -76930
23136, -426, -76931
23139, -426, -76931
23143, -426, -76930
23147, -426, -76927
23151, -426, -76922
23156, -426, -76914
23160, -425, -76904
23164, -425, -76894
23168, -424, -76884
23171, -424, -76873
23175, -423, -76862
23178, -422, -76850
23181, -422, -76840
23184, -422, -76830
23188, -422, -76820
23191, -421, -76811
23194, -421, -76804
23197, -421, -76797
23201, -420, -76791
23204, -420, -76785
23207, -420, -76779
23210, -420, -76775
23213, -420, -76770
23217, -420, -76766
23220, -420, -76762
23223, -420, -76759
23227, -420, -76757
23230, -420, -76755
23233, -420, -76753
23237, -420, -76751
23240, -419, -76750
23243, -420, -76749
23247, -420, -76748
23250, -420, -76747
23253, -420, -76747
23257, -420, -76747
23260, -420, -76747
23263, -420, -76746
23266, -420, -76746
23270, -420, -76745
23273, -420, -76745
23276, -420, -76746
23279, -420, -76746
23282, -420, -76745
23285, -420, -76745
23288, -420, -76745
23292, -420, -76745
23295, -420, -76746
23298, -420, -76746
23301, -420, -76747
23304, -420, -76747
23308, -420, -76747
23311, -420, -76748
23314, -420, -76749
23317, -420, -76750
23320, -420, -76751
23323, -420, -76752
23327, -420, -76753
23330, -420, -76755
23333, -420, -76757
23336, -420, -76760
23340, -420, -76763
23343, -421, -76765
23346, -421, -76767
23349, -421, -76770
23352, -421, -76773
23356, -421, -76775
23359, -421, -76777
23362, -421, -76781
23365, -421, -76784
23369, -422, -76787
23372, -422, -76790
23375, -422, -76792
23379, -422, -76795
23382, -422, -76797
23385, -422, -76799
23388, -422, -76801
23391, -422, -76803
23394, -422, -76805
23397, -422, -76807
23401, -422, -76808
23404, -422, -76810
23407, -422, -76812
23410, -422, -76813
23413, -422, -76815
23416, -422, -76816
23420, -423, -76818
23423, -423, -76819
23426, -423, -76821
23429, -423, -76822
23432, -423, -76824
23435, -423, -76826
23439, -423, -76829
23442, -423, -76831
23445, -424, -76834
23448, -424, -76837
23451, -424, -76840
23454, -424, -76844
23458, -424, -76848
23461, -424, -76852
23464, -424, -76856
23467, -425, -76861
23470, -425, -76866
23473, -425, -76872
23476, -425, -76879
23480, -426, -76887
23483, -426, -76895
23486, -426, -76901
23489, -426, -76908
23492, -427, -76913
23496, -427, -76917
23499, -427, -76921
23502, -427, -76924
23505, -428, -76926
23509, -427, -76928
23512, -427, -76929
23515, -427, -76930
23518, -427, -76931
23521, -426, -76931
23524, -427, -76931
23527, -427, -76929
23531, -427, -76928
23534, -426, -76925
23537, -426, -76921
23540, -425, -76915
23543, -425, -76909
23546, -424, -76901
23550, -424, -76892
23553, -424, -76882
23556, -424, -76871
23559, -423, -76859
23562, -423, -76849
23566, -422, -76837
23569, -422, -76827
23572, -421, -76817
23575, -421, -76808
23578, -421, -76799
23581, -421, -76792
23585, -421, -76786
23588, -420, -76781
23591, -420, -76776
23594, -420, -76771
23597, -420, -76768
23600, -420, -76764
23603, -420, -76761
23607, -420, -76759
23610, -420, -76756
23613, -420, -76754
23616, -420, -76753
23619, -420, -76751
23623, -420, -76750
23626, -420, -76750
23629, -420, -76749
23632, -420, -76748
23635, -420, -76748
23638, -420, -76747
23642, -420, -76747
23645, -420, -76747
23648, -420, -76747
23651, -420, -76747
23654, -420, -76747
23657, -420, -76747
23661, -420, -76747
23664, -420, -76747
23667, -420, -76747
23670, -420, -76747
23673, -420, -76748
23676, -420, -76748
23679, -420, -76749
23683, -419, -76750
23686, -420, -76750
23689, -420, -76751
23692, -420, -76753
23696, -420, -76753
23699, -420, -76754
23702, -420, -76756
23706, -420, -76757
23709, -420, -76758
23712, -420, -76759
23716, -420, -76761
23719, -421, -76763
23723, -421, -76764
23726, -421, -76766
23729, -421, -76768
23733, -421, -76770
23736, -421, -76773
23739, -421, -76774
23743, -421, -76777
23746, -421, -76780
23749, -421, -76782
23752, -422, -76785
23756, -422, -76788
23759, -422, -76791
23763, -423, -76793
23766, -423, -76795
23770, -423, -76797
23773, -423, -76799
23776, -423, -76801
23779, -423, -76802
23782, -423, -76804
23786, -423, -76805
23789, -423, -76807
23793, -423, -76809
23796, -423, -76810
23799, -423, -76811
23803, -422, -76812
23806, -422, -76814
23809, -422, -76816
23812, -422, -76817
23816, -422, -76820
23819, -422, -76821
23822, -422, -76823
23826, -422, -76824
23829, -422, -76826
23832, -423, -76828
23836, -423, -76831
23839, -423, -76833
23842, -423, -76836
23846, -423, -76839
23849, -423, -76843
23852, -423, -76847
23856, -423, -76851
23859, -424, -76857
23862, -424, -76862
23865, -424, -76868
23869, -425, -76876
23872, -425, -76883
23876, -426, -76892
23879, -426, -76899
23882, -426, -76904
23885, -427, -76911
23889, -427, -76916
23892, -427, -76920
23895, -427, -76924
23898, -427, -76926
23901, -426, -76928
23904, -427, -76930
23908, -426, -76931
23911, -426, -76931
23914, -426, -76931
23917, -426, -76931
23921, -426, -76930
23925, -426, -76928
23928, -425, -76925
23932, -425, -76919
23936, -426, -76910
23941, -426, -76901
23944, -425, -76890
23948, -425, -76879
23952, -424, -76867
23955, -423, -76855
23958, -422, -76844
23962, -422, -76832
23965, -421, -76822
23968, -421, -76812
23972, -421, -76804
23975, -420, -76796
23978, -420, -76789
23981, -420, -76783
23985, -421, -76778
23988, -421, -76773
23991, -421, -76769
23995, -421, -76765
23998, -420, -76762
24002, -420, -76759
24005, -420, -76757
24009, -420, -76755
24012, -420, -76753
24015, -420, -76752
24019, -420, -76751
24022, -420, -76750
24025, -420, -76749
24029, -420, -76749
24032, -419, -76748
24036, -419, -76748
24039, -419, -76748
24042, -420, -76748
24045, -420, -76748
24048, -420, -76748
24052, -420, -76748
24055, -420, -76748
24058, -420, -76749
24062, -420, -76749
24065, -420, -76749
24068, -420, -76750
24071, -420, -76750
24075, -420, -76750
24078, -420, -76750
24081, -420, -76751
24084, -420, -76751
24088, -420, -76752
24091, -420, -76752
24094, -420, -76753
24097, -420, -76754
24100, -420, -76755
24104, -420, -76756
24107, -421, -76758
24110, -421, -76759
24113, -421, -76761
24116, -421, -76762
24120, -421, -76764
24123, -421, -76766
24126, -421, -76768
24129, -421, -76771
24132, -421, -76773
24136, -421, -76775
24139, -421, -76778
24142, -421, -76780
24145, -421, -76782
24149, -422, -76784
24152, -422, -76787
24155, -423, -76790
24159, -422, -76792
24162, -423, -76795
24165, -423, -76798
24169, -423, -76799
26182, -423, -76818
26185, -423, -76819
26189, -423, -76811
26192, -422, -76792
26196, -421, -76766
26199, -419, -76731
26202, -416, -76691
26206, -414, -76642
26209, -411, -76591
26213, -409, -76536
26216, -406, -76474
26220, -403, -76407
26223, -400, -76340
26226, -397, -76260
26230, -394, -76182
26233, -391, -76095
26237, -388, -75999
26240, -384, -75906
26244, -381, -75811
26247, -378, -75708
26251, -374, -75594
26254, -370, -75482
26257, -366, -75374
26261, -361, -75259
26264, -357, -75132
26267, -353, -74997
26270, -348, -74862
26274, -344, -74720
26277, -339, -74571
26280, -334, -74411
26283, -329, -74246
26287, -324, -74076
26290, -318, -73898
26293, -312, -73713
26296, -307, -73502
26300, -302, -73308
26303, -296, -73088
26306, -290, -72858
26310, -285, -72612
26313, -280, -72387
26317, -274, -72072
26321, -268, -71750
26326, -262, -71483
26329, -256, -71204
26333, -249, -70938
26337, -243, -70631
26341, -236, -70309
26346, -229, -70060
26349, -222, -69836
26353, -216, -69620
26356, -209, -69402
26360, -203, -69191
26363, -197, -68972
26367, -192, -68779
26370, -187, -68591
26373, -181, -68401
26377, -176, -68218
26380, -170, -68044
26383, -165, -67882
26386, -160, -67727
26390, -155, -67573
26393, -150, -67415
26396, -145, -67274
26400, -141, -67135
26403, -136, -66996
26406, -132, -66860
26410, -127, -66724
26413, -123, -66604
26416, -118, -66476
26420, -113, -66354
26423, -108, -66221
26427, -104, -66109
26430, -100, -66003
26434, -96, -65866
26438, -91, -65751
26442, -86, -65628
26445, -81, -65516
26449, -76, -65412
26452, -70, -65298
26456, -65, -65161
26461, -60, -65026
26465, -54, -64929
26469, -49, -64837
26472, -44, -64746
26475, -39, -64654
26478, -35, -64558
26482, -30, -64468
26485, -26, -64385
26488, -21, -64298
26492, -17, -64212
26495, -13, -64126
26498, -8, -64040
26502, -4, -63944
26505, 0, -63862
26508, 5, -63774
26512, 10, -63688
26515, 15, -63602
26518, 20, -63512
26522, 25, -63428
26525, 29, -63349
26528, 34, -63271
26531, 38, -63195
26534, 42, -63121
26537, 46, -63044
26540, 50, -62972
26543, 54, -62899
26547, 58, -62826
26550, 62, -62750
26553, 66, -62668
26556, 71, -62588
26560, 75, -62513
26563, 79, -62412
26567, 84, -62326
26571, 90, -62242
26575, 95, -62161
26578, 100, -62085
26581, 105, -62005
26585, 110, -61924
26588, 114, -61847
26591, 119, -61764
26595, 124, -61684
26598, 129, -61606
26601, 134, -61527
26604, 139, -61448
26607, 144, -61365
26611, 148, -61283
26614, 153, -61204
26617, 158, -61100
26621, 163, -61013
26625, 168, -60923
26629, 173, -60833
26632, 178, -60747
26636, 183, -60657
26639, 188, -60574
26643, 193, -60479
26647, 198, -60391
26650, 203, -60303
26654, 208, -60220
26657, 213, -60125
26661, 218, -60015
26665, 223, -59936
26668, 228, -59851
26672, 233, -59772
26675, 237, -59694
26678, 242, -59609
26681, 246, -59525
26685, 250, -59436
26688, 255, -59356
26692, 259, -59276
26695, 264, -59200
26698, 268, -59122
26701, 272, -59043
26704, 276, -58964
26707, 280, -58884
26710, 284, -58804
26713, 289, -58720
26716, 293, -58638
26719, 297, -58549
26723, 301, -58464
26726, 306, -58378
26729, 310, -58289
26732, 314, -58199
26735, 318, -58108
26738, 323, -58013
26741, 327, -57919
26744, 331, -57818
26748, 335, -57721
26751, 339, -57614
26754, 344, -57510
26757, 348, -57408
26761, 353, -57305
26764, 358, -57203
26767, 362, -57097
26770, 366, -56990
26773, 371, -56882
26777, 375, -56776
26780, 379, -56669
26783, 383, -56559
26786, 387, -56451
26789, 392, -56336
26793, 396, -56221
26796, 399, -56108
26799, 403, -55993
26802, 408, -55873
26805, 412, -55748
26809, 415, -55629
26812, 419, -55505
26815, 423, -55386
26818, 427, -55255
26821, 431, -55119
26825, 436, -54979
26828, 441, -54831
26831, 444, -54696
26834, 449, -54566
26838, 453, -54434
26841, 458, -54300
26844, 462, -54164
26847, 467, -54033
26850, 471, -53895
26853, 475, -53761
26857, 479, -53630
26860, 483, -53500
26863, 488, -53368
26866, 493, -53237
26869, 497, -53106
26872, 502, -52983
26875, 506, -52858
26879, 510, -52732
26882, 515, -52607
26885, 518, -52501
26889, 522, -52392
26892, 525, -52294
26895, 528, -52199
26898, 530, -52108
26901, 533, -52028
26904, 534, -51952
26907, 537, -51873
26911, 539, -51799
26914, 541, -51740
26917, 542, -51686
26920, 543, -51633
26924, 545, -51581
26927, 546, -51531
26930, 548, -51487
26933, 549, -51450
26936, 550, -51420
26939, 550, -51392
26943, 551, -51369
26946, 551, -51347
26949, 551, -51327
26952, 552, -51308
26955, 552, -51290
26958, 552, -51275
26962, 553, -51261
26965, 553, -51247
26968, 553, -51235
26972, 554, -51224
26975, 554, -51213
26978, 555, -51203
26982, 555, -51196
26986, 555, -51189
26990, 555, -51184
26993, 555, -51180
26996, 555, -51175
27000, 554, -51171
27004, 554, -51168
27007, 555, -51165
27010, 555, -51162
27013, 555, -51159
27017, 555, -51156
27020, 555, -51153
27023, 555, -51149
27026, 555, -51145
27029, 556, -51141
27033, 556, -51137
27036, 556, -51131
27039, 557, -51124
27043, 557, -51118
27046, 557, -51110
27049, 557, -51102
27054, 558, -51096
27057, 558, -51091
27061, 558, -51087
27065, 558, -51085
27069, 558, -51083
27074, 558, -51082
27078, 558, -51081
27081, 558, -51081
27086, 558, -51081
27089, 558, -51081
27092, 558, -51081
27096, 558, -51083
27100, 558, -51085
27103, 558, -51088
27107, 558, -51091
27110, 557, -51096
27114, 557, -51102
27118, 557, -51108
27121, 556, -51115
27124, 556, -51122
27128, 556, -51129
27131, 555, -51137
27134, 555, -51145
27137, 554, -51154
27141, 554, -51163
27144, 553, -51170
27147, 553, -51175
27150, 553, -51180
27153, 552, -51183
27156, 553, -51185
27160, 553, -51188
27163, 553, -51190
27167, 553, -51192
27171, 553, -51193
27174, 553, -51195
27178, 553, -51196
27181, 553, -51196
27185, 553, -51197
27188, 553, -51197
27192, 553, -51197
27196, 554, -51197
27199, 554, -51197
27202, 554, -51197
27207, 554, -51197
27210, 553, -51197
27214, 553, -51198
27218, 554, -51198
27221, 553, -51198
27225, 553, -51198
27229, 554, -51198
27232, 553, -51198
27235, 553, -51198
27238, 553, -51198
27241, 553, -51198
27245, 553, -51198
27248, 553, -51198
27251, 553, -51198
27254, 554, -51198
27257, 554, -51198
27261, 554, -51198
27264, 554, -51198
27267, 553, -51198
27270, 553, -51198
27273, 553, -51198
27276, 554, -51199
27279, 554, -51199
27283, 554, -51199
27287, 554, -51199
27291, 554, -51200
29304, 554, -51206
29307, 554, -51208
29312, 554, -51198
29315, 555, -51178
29319, 556, -51147
29322, 558, -51106
29325, 561, -51061
29329, 563, -51005
29332, 567, -50943
29336, 570, -50882
29339, 574, -50795
29344, 578, -50715
29347, 582, -50625
29351, 586, -50545
29354, 590, -50451
29358, 595, -50354
29362, 600, -50228
29366, 604, -50131
29369, 609, -50030
29373, 614, -49921
29376, 619, -49814
29380, 623, -49709
29384, 628, -49608
29387, 633, -49502
29390, 638, -49395
29394, 643, -49284
29397, 648, -49181
29401, 653, -49073
29404, 657, -48967
29407, 662, -48866
29410, 667, -48767
29414, 671, -48665
29417, 676, -48554
29420, 680, -48447
29423, 685, -48337
29427, 690, -48224
29430, 695, -48116
29433, 700, -48006
29437, 705, -47892
29440, 710, -47780
29443, 715, -47664
29446, 721, -47522
29450, 727, -47380
29454, 733, -47252
29457, 739, -47128
29461, 745, -47006
29464, 751, -46879
29467, 757, -46754
29470, 763, -46583
29475, 769, -46431
29478, 775, -46262
29482, 782, -46115
29485, 789, -45966
29489, 797, -45799
29492, 803, -45648
29496, 810, -45463
29499, 818, -45295
29503, 825, -45124
29507, 832, -44927
29510, 840, -44705
29515, 848, -44532
29518, 855, -44362
29521, 862, -44186
29524, 870, -44012
29528, 877, -43831
29531, 884, -43643
29534, 891, -43449
29537, 898, -43256
29541, 904, -43060
29544, 911, -42856
29547, 918, -42648
29551, 925, -42436
29554, 931, -42227
29557, 938, -42012
29560, 945, -41764
29564, 952, -41464
29568, 960, -41141
29573, 967, -40881
29576, 975, -40606
29580, 983, -40250
29584, 992, -39905
29588, 1000, -39593
29592, 1009, -39252
29596, 1018, -38878
29600, 1027, -38461
29605, 1035, -38166
29608, 1044, -37849
29611, 1052, -37550
29615, 1061, -37267
29618, 1069, -36970
29622, 1077, -36695
29626, 1084, -36443
29629, 1092, -36209
29632, 1099, -35973
29635, 1107, -35743
29639, 1114, -35513
29642, 1122, -35294
29645, 1129, -35076
29649, 1136, -34878
29652, 1144, -34673
29655, 1151, -34480
29658, 1158, -34290
29662, 1165, -34113
29665, 1172, -33935
29668, 1178, -33740
29672, 1185, -33547
29675, 1192, -33368
29679, 1200, -33159
29683, 1207, -32985
29687, 1215, -32830
29691, 1223, -32687
29694, 1230, -32552
29697, 1236, -32393
29701, 1243, -32228
29706, 1249, -32109
29709, 1256, -31974
29713, 1263, -31835
29717, 1269, -31686
29721, 1276, -31583
29724, 1282, -31481
29728, 1289, -31345
29732, 1294, -31241
29736, 1300, -31132
29740, 1306, -31041
29743, 1311, -30954
29746, 1316, -30867
29749, 1321, -30785
29752, 1326, -30701
29756, 1330, -30615
29759, 1335, -30532
29762, 1340, -30456
29765, 1344, -30378
29769, 1349, -30295
29772, 1354, -30212
29775, 1358, -30129
29779, 1363, -30049
29782, 1369, -29962
29785, 1374, -29876
29789, 1380, -29792
29792, 1386, -29709
29795, 1392, -29629
29799, 1398, -29547
29802, 1403, -29459
29805, 1408, -29371
29809, 1413, -29292
29812, 1418, -29211
29815, 1423, -29126
29818, 1428, -29045
29821, 1434, -28964
29825, 1438, -28881
29828, 1443, -28804
29831, 1448, -28730
29834, 1452, -28657
29837, 1456, -28584
29841, 1460, -28505
29844, 1465, -28430
29847, 1469, -28355
29850, 1474, -28278
29854, 1479, -28205
29857, 1483, -28132
29860, 1488, -28057
29863, 1493, -27980
29866, 1498, -27905
29869, 1503, -27828
29873, 1507, -27755
29876, 1512, -27678
29879, 1517, -27579
29883, 1522, -27496
29887, 1526, -27408
29891, 1531, -27331
29894, 1537, -27249
29898, 1541, -27181
29901, 1545, -27089
29905, 1549, -27022
29909, 1553, -26935
29913, 1556, -26870
29916, 1560, -26795
29920, 1563, -26730
29924, 1567, -26664
29928, 1570, -26594
29932, 1573, -26535
29936, 1576, -26469
29940, 1579, -26409
29945, 1582, -26355
29948, 1584, -26311
29952, 1586, -26267
29955, 1589, -26223
29959, 1592, -26169
29963, 1593, -26135
29967, 1595, -26105
29970, 1596, -26076
29973, 1598, -26045
29976, 1599, -26014
29979, 1601, -25987
29983, 1602, -25963
29986, 1603, -25944
29989, 1603, -25925
29993, 1604, -25907
29996, 1605, -25887
29999, 1606, -25860
30003, 1607, -25837
30007, 1608, -25814
30010, 1609, -25795
30014, 1610, -25780
30017, 1610, -25767
30021, 1611, -25756
30025, 1611, -25747
30028, 1611, -25739
30032, 1611, -25732
30035, 1611, -25726
30039, 1611, -25718
30043, 1612, -25712
30047, 1612, -25704
30051, 1613, -25696
30055, 1613, -25689
30059, 1614, -25680
30062, 1614, -25673
30066, 1615, -25665
30069, 1615, -25655
30074, 1615, -25648
30077, 1615, -25641
30080, 1616, -25634
30084, 1616, -25627
30087, 1617, -25622
30090, 1617, -25616
30093, 1617, -25610
30097, 1617, -25606
30100, 1618, -25602
30103, 1618, -25598
30106, 1618, -25594
30109, 1618, -25591
30112, 1618, -25588
30116, 1618, -25586
30119, 1618, -25583
30123, 1618, -25580
30126, 1618, -25578
30130, 1618, -25576
30133, 1618, -25574
30136, 1619, -25572
30140, 1618, -25571
30144, 1618, -25569
30147, 1618, -25568
30151, 1618, -25567
30154, 1618, -25566
30158, 1618, -25565
30162, 1618, -25565
30166, 1618, -25564
30170, 1618, -25564
30173, 1618, -25563
30176, 1618, -25563
30179, 1618, -25563
30183, 1618, -25563
30186, 1618, -25563
30189, 1618, -25562
30193, 1618, -25562
30196, 1618, -25562
30199, 1618, -25562
30202, 1618, -25562
30206, 1618, -25563
30209, 1618, -25563
30212, 1618, -25563
30215, 1619, -25563
30220, 1619, -25563
30223, 1619, -25564
30227, 1619, -25564
30231, 1619, -25564
30234, 1619, -25564
30237, 1618, -25565
30241, 1618, -25565
30244, 1618, -25565
30247, 1618, -25565
30251, 1618, -25565
30256, 1618, -25566
30260, 1618, -25566
30263, 1618, -25566
30266, 1618, -25567
30271, 1618, -25567
30274, 1618, -25568
30279, 1618, -25568
30282, 1618, -25569
30285, 1619, -25569
30289, 1619, -25570
30292, 1618, -25571
30295, 1618, -25571
30298, 1618, -25572
30301, 1618, -25573
30305, 1618, -25574
30308, 1618, -25575
30311, 1618, -25576
30314, 1618, -25577
30317, 1618, -25578
30320, 1618, -25579
30324, 1617, -25580
30328, 1617, -25582
30332, 1617, -25584
30336, 1617, -25586
30340, 1617, -25587
30343, 1617, -25588
30346, 1617, -25590
30350, 1617, -25591
30354, 1617, -25592
30358, 1617, -25594
30361, 1617, -25595
30365, 1617, -25596
30369, 1617, -25597
30373, 1616, -25598
30376, 1616, -25598
30380, 1616, -25600
32394, 1616, -25608
32398, 1616, -25611
32401, 1616, -25607
32405, 1617, -25592
32409, 1618, -25571
32413, 1620, -25543
32416, 1622, -25507
32421, 1625, -25472
32424, 1628, -25435
32427, 1630, -25393
32431, 1633, -25349
32434, 1636, -25303
32438, 1638, -25259
32441, 1641, -25209
32444, 1644, -25161
32448, 1647, -25108
32451, 1650, -25058
32454, 1653, -25002
32458, 1656, -24943
32462, 1658, -24868
32466, 1662, -24793
32470, 1665, -24735
32473, 1668, -24658
32477, 1672, -24591
32481, 1675, -24509
32486, 1678, -24437
32489, 1682, -24371
32492, 1685, -24307
32496, 1687, -24223
32500, 1691, -24149
32504, 1693, -24088
32507, 1696, -24026
32510, 1699, -23963
32513, 1702, -23901
32516, 1705, -23838
32519, 1707, -23774
32523, 1710, -23704
32526, 1713, -23635
32529, 1716, -23564
32533, 1719, -23491
32536, 1722, -23419
32539, 1725, -23344
32542, 1728, -23267
32545, 1731, -23190
32549, 1734, -23098
32552, 1737, -23007
32555, 1741, -22883
32560, 1745, -22785
32563, 1749, -22682
32566, 1753, -22540
32571, 1758, -22420
32574, 1762, -22303
32577, 1767, -22149
32582, 1771, -22023
32585, 1776, -21901
32589, 1780, -21782
32592, 1784, -21643
32596, 1789, -21517
32600, 1792, -21401
32603, 1796, -21292
32606, 1800, -21179
32610, 1804, -21073
32613, 1807, -20968
32616, 1811, -20865
32619, 1815, -20758
32623, 1818, -20663
32626, 1821, -20566
32629, 1825, -20468
32632, 1828, -20377
32635, 1831, -20280
32639, 1834, -20175
32642, 1838, -20077
32646, 1841, -19978
32649, 1845, -19892
32652, 1848, -19805
32655, 1852, -19708
32659, 1855, -19623
32662, 1858, -19533
32665, 1862, -19445
32669, 1865, -19362
32672, 1869, -19272
32675, 1872, -19183
32678, 1876, -19098
32682, 1879, -19012
32685, 1883, -18926
32688, 1886, -18839
32691, 1889, -18748
32695, 1893, -18652
32698, 1897, -18566
32702, 1900, -18477
32705, 1904, -18392
32708, 1908, -18307
32711, 1911, -18223
32715, 1915, -18137
32718, 1919, -18053
32721, 1922, -17967
32724, 1926, -17882
32727, 1930, -17798
32730, 1934, -17711
32734, 1938, -17622
32737, 1941, -17538
32740, 1945, -17450
32744, 1949, -17360
32747, 1953, -17269
32750, 1957, -17179
32753, 1961, -17090
32757, 1965, -16996
32760, 1969, -16904
32763, 1973, -16814
32767, 1977, -16721
32770, 1981, -16630
32773, 1985, -16542
32776, 1989, -16451
32780, 1993, -16357
32783, 1998, -16265
32786, 2002, -16174
32790, 2006, -16088
32793, 2010, -15997
32796, 2014, -15908
32799, 2018, -15818
32803, 2022, -15725
32806, 2025, -15635
32810, 2029, -15549
32813, 2033, -15448
32817, 2037, -15363
32820, 2040, -15284
32824, 2044, -15205
32827, 2047, -15128
32830, 2051, -15051
32833, 2054, -14975
32836, 2057, -14897
32840, 2060, -14823
32843, 2063, -14752
32846, 2067, -14678
32849, 2070, -14608
32853, 2073, -14534
32856, 2076, -14465
32859, 2079, -14397
32862, 2082, -14327
32866, 2085, -14255
32869, 2088, -14187
32872, 2091, -14116
32875, 2094, -14051
32878, 2097, -13985
32881, 2100, -13918
32885, 2103, -13849
32888, 2106, -13771
32891, 2109, -13702
32895, 2112, -13628
32898, 2115, -13555
32901, 2119, -13478
32904, 2123, -13407
32908, 2126, -13331
32911, 2129, -13258
32914, 2133, -13184
32917, 2136, -13111
32920, 2139, -13037
32924, 2142, -12962
32927, 2145, -12890
32930, 2148, -12819
32933, 2151, -12747
32936, 2153, -12677
32939, 2156, -12604
32943, 2160, -12523
32946, 2163, -12446
32949, 2165, -12368
32953, 2168, -12297
32956, 2171, -12227
32959, 2174, -12158
32962, 2176, -12088
32966, 2179, -12021
32969, 2181, -11955
32972, 2184, -11884
32975, 2186, -11816
32979, 2189, -11749
32982, 2191, -11679
32985, 2194, -11615
32988, 2196, -11548
32992, 2199, -11484
32995, 2201, -11422
32998, 2203, -11360
33001, 2206, -11292
33004, 2208, -11221
33008, 2210, -11155
33011, 2213, -11086
33015, 2215, -11001
33019, 2218, -10936
33023, 2220, -10866
33026, 2223, -10804
33029, 2225, -10738
33033, 2227, -10673
33036, 2229, -10609
33039, 2231, -10541
33042, 2233, -10474
33046, 2236, -10407
33049, 2239, -10342
33052, 2241, -10277
33055, 2244, -10205
33059, 2246, -10138
33062, 2248, -10073
33065, 2250, -10008
33068, 2252, -9938
33071, 2254, -9868
33075, 2257, -9799
33078, 2259, -9732
33081, 2262, -9662
33084, 2264, -9598
33087, 2267, -9526
33090, 2269, -9448
33094, 2272, -9370
33097, 2274, -9291
33100, 2277, -9210
33103, 2279, -9126
33106, 2282, -9035
33109, 2284, -8943
33113, 2287, -8836
33116, 2290, -8722
33120, 2293, -8619
33123, 2297, -8476
33128, 2300, -8359
33132, 2303, -8232
33136, 2306, -8131
33139, 2309, -8027
33143, 2313, -7920
33146, 2316, -7816
33149, 2319, -7704
33152, 2322, -7594
33155, 2325, -7482
33159, 2328, -7364
33162, 2331, -7245
33165, 2334, -7120
33168, 2337, -6984
33171, 2341, -6846
33175, 2344, -6714
33178, 2348, -6551
33182, 2351, -6403
33185, 2355, -6241
33189, 2357, -6106
33192, 2360, -5929
33197, 2363, -5800
33200, 2365, -5680
33204, 2367, -5572
33207, 2370, -5451
33211, 2372, -5353
33215, 2374, -5277
33218, 2375, -5211
33222, 2375, -5159
33225, 2375, -5105
33230, 2375, -5072
33233, 2375, -5038
33237, 2375, -5013
33241, 2375, -4990
33244, 2375, -4970
33248, 2376, -4952
33252, 2376, -4936
33255, 2376, -4919
33258, 2377, -4899
33261, 2377, -4879
33265, 2378, -4854
33268, 2379, -4824
33271, 2380, -4788
33274, 2381, -4757
33277, 2382, -4731
33281, 2382, -4709
33284, 2382, -4692
33287, 2383, -4680
33291, 2383, -4673
33294, 2382, -4676
33297, 2382, -4686
33301, 2382, -4694
33304, 2381, -4703
33308, 2381, -4714
33311, 2380, -4731
33314, 2380, -4756
33318, 2379, -4790
33321, 2377, -4830
33325, 2376, -4861
33328, 2375, -4886
33331, 2375, -4913
33336, 2374, -4932
33339, 2374, -4951
33343, 2374, -4973
33347, 2374, -4992
33351, 2373, -5013
33354, 2373, -5037
33359, 2373, -5056
33362, 2372, -5074
33365, 2372, -5092
33368, 2371, -5108
33371, 2371, -5122
33375, 2371, -5136
33378, 2371, -5148
33381, 2370, -5159
33384, 2370, -5169
33387, 2369, -5180
33391, 2369, -5190
33394, 2369, -5200
33398, 2369, -5211
33401, 2369, -5225
33404, 2368, -5239
33407, 2368, -5257
33411, 2367, -5274
33414, 2367, -5286
33418, 2367, -5298
33421, 2367, -5305
33424, 2367, -5312
33428, 2367, -5317
33431, 2367, -5321
33435, 2367, -5323
33439, 2367, -5323
33442, 2367, -5323
33446, 2367, -5320
33450, 2367, -5311
33454, 2367, -5294
33457, 2368, -5271
33461, 2369, -5243
33465, 2369, -5221
33470, 2370, -5206
33473, 2371, -5195
33476, 2371, -5186
33479, 2371, -5177
33482, 2371, -5171
33486, 2371, -5165
33489, 2371, -5160
33492, 2371, -5155
33496, 2371, -5152
33499, 2371, -5149
33502, 2371, -5146
33505, 2371, -5143
33508, 2371, -5141
33512, 2371, -5138
33516, 2371, -5135
33519, 2371, -5134
33522, 2371, -5132
33527, 2371, -5130
33530, 2371, -5128
33534, 2372, -5127
33537, 2372, -5126
33541, 2372, -5125
33545, 2372, -5124
33549, 2371, -5123
33554, 2371, -5121
33558, 2371, -5120
35571, 2371, -5085
35575, 2372, -5086
35578, 2373, -5095
35581, 2373, -5097
35585, 2373, -5080
35588, 2374, -5041
35592, 2375, -5001
35595, 2376, -4954
35599, 2378, -4899
35602, 2380, -4840
35606, 2382, -4778
35609, 2383, -4714
35613, 2385, -4650
35616, 2387, -4571
35620, 2390, -4489
35623, 2392, -4411
35627, 2394, -4326
35630, 2397, -4241
35634, 2399, -4161
35637, 2401, -4073
35641, 2403, -3989
35644, 2405, -3906
35648, 2407, -3822
35652, 2410, -3709
35656, 2413, -3634
35659, 2415, -3549
35663, 2418, -3471
35666, 2420, -3390
35670, 2423, -3307
35673, 2425, -3240
35676, 2426, -3180
35679, 2428, -3114
35683, 2430, -3049
35686, 2431, -2990
35689, 2433, -2941
35692, 2434, -2898
35695, 2435, -2856
35698, 2435, -2819
35702, 2436, -2783
35705, 2437, -2747
35708, 2438, -2714
35711, 2439, -2678
35715, 2440, -2645
35718, 2441, -2617
35721, 2441, -2592
35724, 2441, -2568
35728, 2442, -2550
35732, 2442, -2536
35735, 2442, -2526
35738, 2442, -2517
35742, 2442, -2509
35745, 2442, -2502
35749, 2442, -2497
35753, 2442, -2493
35756, 2442, -2489
35760, 2441, -2487
35764, 2442, -2483
35768, 2442, -2482
35772, 2442, -2480
35775, 2442, -2478
35778, 2442, -2477
35781, 2442, -2475
35784, 2442, -2473
35788, 2443, -2470
35791, 2442, -2468
35794, 2443, -2465
35797, 2442, -2462
35801, 2443, -2458
35804, 2443, -2453
35807, 2443, -2448
35810, 2443, -2441
35813, 2444, -2433
35816, 2444, -2425
35820, 2444, -2415
35823, 2445, -2405
35826, 2445, -2393
35829, 2446, -2381
35832, 2446, -2367
35835, 2447, -2350
35838, 2448, -2334
35841, 2448, -2318
35844, 2449, -2305
35847, 2449, -2294
35850, 2449, -2286
35853, 2449, -2279
35856, 2449, -2274
35860, 2449, -2270
35863, 2450, -2267
35866, 2450, -2266
35869, 2450, -2269
35872, 2449, -2276
35875, 2448, -2286
35878, 2448, -2293
35881, 2447, -2299
35884, 2447, -2305
35887, 2447, -2310
35891, 2447, -2315
35894, 2447, -2321
35897, 2446, -2328
35900, 2446, -2339
35903, 2445, -2351
35906, 2445, -2367
35910, 2444, -2388
35913, 2443, -2409
35916, 2442, -2431
35919, 2442, -2449
35922, 2441, -2463
35925, 2441, -2476
35929, 2441, -2486
35932, 2440, -2494
35935, 2440, -2502
35938, 2440, -2508
35941, 2440, -2512
35944, 2440, -2516
35947, 2440, -2520
35950, 2440, -2524
35953, 2440, -2526
35957, 2440, -2529
35960, 2440, -2531
35963, 2440, -2532
35966, 2440, -2534
35969, 2440, -2535
35972, 2440, -2536
35975, 2440, -2537
35978, 2440, -2538
35982, 2440, -2539
35985, 2440, -2539
35988, 2440, -2540
35991, 2440, -2541
35994, 2441, -2542
35997, 2441, -2542
36000, 2441, -2543
36003, 2440, -2544
36007, 2440, -2545
36010, 2440, -2546
36013, 2440, -2547
36016, 2439, -2548
36019, 2439, -2548
36022, 2439, -2548
36025, 2440, -2549
36028, 2440, -2550
36032, 2440, -2551
36035, 2440, -2551
36038, 2440, -2552
36041, 2440, -2552
36044, 2440, -2553
36047, 2439, -2553
36050, 2439, -2554
36054, 2439, -2555
36057, 2440, -2555
36060, 2440, -2556
36063, 2440, -2556
36066, 2439, -2557
36069, 2439, -2557
36072, 2439, -2558
36075, 2439, -2559
36079, 2439, -2560
