165292, 5120
165294, 5118
165296, 5114
165298, 5112
165300, 5108
165301, 5104
165303, 5101
165305, 5098
165307, 5093
165309, 5091
165312, 5084
165315, 5079
165317, 5076
165318, 5073
165320, 5071
165323, 5066
165324, 5063
165326, 5056
165328, 5056
165331, 5049
165333, 5047
165335, 5045
165337, 5039
165339, 5036
165341, 5032
165343, 5029
165344, 5027
165346, 5021
165348, 5020
165349, 5018
165351, 5013
165353, 5011
165355, 5008
165356, 5003
165358, 5003
165360, 5000
165361, 4996
165363, 4993
165365, 4991
165366, 4986
165368, 4984
165370, 4981
165372, 4977
165373, 4975
165375, 4973
165377, 4968
165378, 4967
165380, 4963
165382, 4958
165383, 4958
165385, 4956
165387, 4950
165388, 4949
165390, 4947
165392, 4941
165393, 4940
165395, 4939
165397, 4933
165398, 4932
165400, 4930
165402, 4925
165403, 4924
165405, 4921
165407, 4915
165408, 4916
165410, 4913
165412, 4909
165413, 4906
165415, 4905
165417, 4900
165418, 4898
165420, 4896
165422, 4891
165423, 4890
165425, 4888
165427, 4882
165428, 4882
165430, 4880
165432, 4874
165433, 4873
165435, 4872
165437, 4866
165438, 4863
165440, 4862
165442, 4857
165443, 4857
165445, 4854
165447, 4848
165448, 4848
165450, 4845
165452, 4841
165453, 4839
165455, 4837
165457, 4833
165459, 4831
165460, 4829
165462, 4824
165464, 4823
165465, 4821
165467, 4815
165469, 4813
165470, 4813
165472, 4807
165474, 4805
165475, 4803
165477, 4799
165479, 4797
165481, 4795
165482, 4790
165484, 4789
165486, 4786
165487, 4782
165489, 4780
165490, 4779
165492, 4773
165494, 4773
165495, 4769
165497, 4765
165499, 4765
165500, 4762
165502, 4757
165504, 4757
165506, 4752
165507, 4749
165509, 4748
165511, 4746
165512, 4740
165514, 4739
165515, 4737
165517, 4733
165519, 4732
165520, 4730
165522, 4723
165524, 4723
165525, 4721
165527, 4715
165529, 4715
165530, 4713
165532, 4707
165534, 4707
165535, 4704
165537, 4700
165539, 4699
165540, 4696
165542, 4690
165544, 4689
165545, 4686
165547, 4683
165549, 4681
165550, 4679
165552, 4676
165554, 4673
165555, 4670
165557, 4666
165559, 4665
165560, 4664
165562, 4658
165564, 4657
165565, 4654
165567, 4649
165569, 4647
165571, 4644
165572, 4640
165574, 4639
165576, 4637
165577, 4631
165579, 4631
165581, 4629
165582, 4623
165584, 4623
165586, 4619
165587, 4615
165589, 4613
165591, 4611
165592, 4606
165594, 4606
165596, 4604
165597, 4598
165599, 4597
165601, 4594
165602, 4589
165604, 4589
165606, 4586
165607, 4582
165609, 4581
165611, 4578
165612, 4573
165614, 4570
165616, 4571
165617, 4565
165619, 4563
165621, 4562
165622, 4556
165624, 4555
165626, 4552
165627, 4547
165629, 4546
165631, 4544
165632, 4539
165634, 4537
165636, 4535
165637, 4531
165639, 4530
165641, 4528
165642, 4522
165644, 4521
165646, 4518
165647, 4514
165649, 4512
165651, 4510
165652, 4506
165654, 4503
165656, 4500
165657, 4496
165659, 4495
165661, 4493
165663, 4488
165664, 4486
165666, 4484
165668, 4477
165669, 4478
165671, 4474
165673, 4469
165674, 4469
165676, 4466
165678, 4460
165679, 4460
165681, 4458
165683, 4452
165684, 4452
165686, 4448
165688, 4443
165690, 4442
165692, 4438
165693, 4433
165695, 4432
165697, 4429
165699, 4425
165701, 4422
165702, 4418
165704, 4416
165706, 4414
165708, 4409
165709, 4406
165711, 4405
165712, 4400
165714, 4399
165716, 4396
165718, 4392
165719, 4389
165721, 4387
165723, 4383
165724, 4382
165726, 4379
165728, 4374
165730, 4372
165732, 4369
165733, 4364
165735, 4361
165737, 4359
165739, 4355
165742, 4351
165744, 4346
165746, 4344
165749, 4337
165751, 4335
165753, 4330
165754, 4329
165757, 4324
165759, 4320
165762, 4314
165765, 4310
165767, 4307
165768, 4301
165770, 4302
165772, 4297
165774, 4294
165777, 4290
165780, 4285
165782, 4282
165784, 4276
165786, 4274
165788, 4270
165790, 4267
165792, 4261
165795, 4256
165797, 4254
165799, 4249
165801, 4248
165802, 4243
165804, 4240
165807, 4235
165810, 4232
165812, 4227
165814, 4223
165816, 4221
165818, 4217
165820, 4215
165821, 4211
165823, 4207
165825, 4206
165827, 4202
165828, 4198
165830, 4197
165832, 4194
165834, 4188
165835, 4187
165837, 4185
165840, 4179
165842, 4177
165844, 4171
165846, 4170
165848, 4162
165850, 4161
165852, 4159
165854, 4153
165857, 4150
165859, 4145
165860, 4144
165863, 4142
165865, 4136
165867, 4133
165868, 4128
165870, 4127
165872, 4123
165875, 4118
165877, 4117
165879, 4110
165881, 4109
165883, 4105
165885, 4102
165886, 4100
165888, 4096
165890, 4094
165892, 4090
165894, 4085
165896, 4085
165897, 4081
165899, 4076
165901, 4075
165904, 4068
165906, 4065
165909, 4059
165911, 4058
165913, 4053
165915, 4051
165917, 4049
165919, 4043
165922, 4042
165924, 4035
165927, 4031
165929, 4026
165931, 4025
165933, 4022
165934, 4017
165936, 4017
165938, 4013
165939, 4009
165941, 4008
165943, 4005
165944, 4001
165946, 4000
165948, 3997
165949, 3993
165951, 3991
165953, 3987
165955, 3985
165957, 3982
165959, 3978
165961, 3976
165963, 3972
165966, 3967
165967, 3965
165970, 3959
165972, 3956
165975, 3952
165977, 3950
165979, 3944
165981, 3943
165984, 3937
165986, 3935
165988, 3930
165991, 3927
165992, 3925
165994, 3920
165996, 3919
165997, 3917
165999, 3911
166001, 3911
166002, 3907
166004, 3902
166006, 3903
166007, 3900
166009, 3895
166011, 3894
166012, 3892
166014, 3887
166016, 3886
166018, 3881
166020, 3879
166022, 3876
166024, 3873
166025, 3871
166028, 3866
166031, 3861
166033, 3859
166035, 3856
166036, 3853
166038, 3850
166040, 3845
166041, 3844
166043, 3842
166045, 3838
166047, 3836
166049, 3832
166050, 3830
166052, 3827
166054, 3823
166055, 3822
166058, 3817
166061, 3814
166063, 3810
166065, 3805
166067, 3804
166069, 3800
166071, 3798
166072, 3795
166075, 3790
166078, 3785
166080, 3782
166082, 3779
166084, 3775
166086, 3774
166088, 3770
166089, 3767
166092, 3764
166095, 3758
166098, 3755
166099, 3750
166101, 3750
166103, 3747
166105, 3742
166108, 3740
166110, 3734
166113, 3731
166115, 3728
166117, 3724
166119, 3720
166121, 3718
166122, 3716
166125, 3710
166128, 3708
166130, 3701
166132, 3700
166134, 3696
166136, 3693
166138, 3691
166140, 3687
166143, 3683
166146, 3679
166148, 3675
166150, 3670
166152, 3669
166154, 3663
166156, 3662
166157, 3661
166159, 3656
166161, 3654
166163, 3651
166164, 3647
166166, 3645
166168, 3643
166170, 3637
166171, 3637
166174, 3631
166177, 3627
166179, 3622
166182, 3620
166183, 3618
166185, 3613
166187, 3613
166189, 3608
166191, 3604
166193, 3601
166196, 3597
166198, 3592
166200, 3588
166202, 3587
166205, 3580
166207, 3579
166209, 3573
166212, 3571
166214, 3565
166216, 3563
166218, 3562
166221, 3555
166223, 3552
166225, 3547
166228, 3544
166230, 3539
166232, 3538
166233, 3534
166235, 3530
166238, 3527
166240, 3522
166242, 3520
166245, 3513
166247, 3513
166249, 3509
166250, 3505
166252, 3503
166254, 3498
166257, 3494
166260, 3488
166262, 3486
166264, 3482
166266, 3479
166267, 3478
166269, 3475
166271, 3469
166272, 3469
166275, 3462
166277, 3462
166279, 3457
166281, 3453
166283, 3452
166284, 3448
166286, 3445
166288, 3441
166291, 3437
166293, 3431
166294, 3429
166297, 3428
166299, 3424
166300, 3418
166302, 3417
166305, 3411
166307, 3408
166309, 3406
166311, 3401
166313, 3398
166315, 3392
166317, 3392
166319, 3387
166322, 3383
166323, 3380
166325, 3374
166328, 3371
166330, 3367
166332, 3364
166334, 3361
166335, 3358
166337, 3356
166339, 3351
166341, 3349
166343, 3345
166344, 3342
166346, 3339
166348, 3337
166350, 3331
166352, 3330
166354, 3326
166356, 3321
166358, 3319
166360, 3313
166362, 3312
166365, 3305
166367, 3305
166368, 3301
166370, 3295
166372, 3294
166374, 3292
166375, 3286
166378, 3285
166381, 3276
166383, 3277
166384, 3272
166386, 3268
166388, 3265
166390, 3261
166392, 3258
166395, 3253
166397, 3249
166399, 3246
166402, 3243
166404, 3238
166406, 3233
166408, 3233
166409, 3228
166411, 3225
166413, 3224
166414, 3219
166416, 3215
166418, 3214
166420, 3210
166421, 3207
166424, 3202
166427, 3198
166429, 3194
166431, 3188
166433, 3188
166435, 3182
166436, 3179
166438, 3177
166440, 3173
166443, 3169
166445, 3164
166448, 3161
166450, 3156
166452, 3153
166453, 3151
166456, 3143
166459, 3140
166461, 3135
166464, 3131
166466, 3126
166467, 3125
166469, 3122
166472, 3117
166474, 3112
166477, 3108
166480, 3101
166482, 3101
166483, 3096
166485, 3092
166487, 3090
166489, 3088
166490, 3082
166492, 3081
166494, 3078
166496, 3073
166498, 3072
166499, 3069
166501, 3064
166503, 3062
166505, 3057
166507, 3055
166509, 3052
166510, 3047
166513, 3045
166515, 3042
166516, 3038
166518, 3037
166521, 3031
166523, 3029
166525, 3024
166528, 3019
166530, 3014
166532, 3012
166534, 3009
166535, 3004
166537, 3004
166539, 3001
166540, 2996
166542, 2995
166544, 2991
166545, 2989
166547, 2986
166549, 2984
166550, 2978
166552, 2977
166554, 2976
166555, 2971
166557, 2970
166559, 2967
166560, 2963
166562, 2962
166564, 2960
166565, 2954
166567, 2953
166569, 2950
166570, 2947
166572, 2945
166574, 2941
166575, 2937
166577, 2936
166579, 2933
166580, 2929
166582, 2927
166584, 2926
166585, 2921
166587, 2919
166589, 2917
166590, 2912
166592, 2910
166594, 2909
166595, 2904
166597, 2902
166599, 2901
166600, 2896
166602, 2894
166604, 2893
166605, 2888
166607, 2886
166609, 2885
166610, 2880
166612, 2878
166614, 2874
166616, 2872
166617, 2869
166619, 2867
166621, 2862
166623, 2861
166625, 2859
166626, 2853
166628, 2852
166630, 2849
166631, 2844
166633, 2844
166635, 2840
166637, 2835
166639, 2835
166640, 2830
166642, 2828
166644, 2827
166646, 2820
166648, 2819
166649, 2817
166651, 2812
166653, 2813
166655, 2807
166657, 2803
166658, 2803
166660, 2798
166662, 2797
166664, 2794
166666, 2789
166668, 2788
166671, 2781
166673, 2779
166675, 2775
166677, 2770
166678, 2770
166680, 2768
166682, 2762
166683, 2762
166686, 2754
166689, 2753
166691, 2748
166694, 2744
166697, 2739
166699, 2737
166700, 2734
166703, 2731
166706, 2723
166708, 2722
166710, 2719
166712, 2715
166714, 2714
166715, 2710
166717, 2706
166719, 2706
166721, 2702
166722, 2699
166724, 2697
166726, 2693
166729, 2690
166731, 2684
166733, 2682
166735, 2679
166737, 2675
166739, 2674
166741, 2669
166743, 2667
166746, 2660
166748, 2659
166750, 2655
166753, 2651
166755, 2648
166757, 2642
166758, 2643
166761, 2635
166764, 2633
166766, 2628
166768, 2626
166770, 2623
166772, 2618
166774, 2617
166777, 2611
166780, 2606
166782, 2602
166784, 2599
166787, 2595
166788, 2594
166790, 2592
166793, 2586
166796, 2580
166798, 2578
166800, 2574
166802, 2569
166805, 2568
166808, 2561
166811, 2557
166814, 2553
166816, 2548
166817, 2544
166819, 2544
166821, 2539
166823, 2536
166824, 2535
166826, 2531
166829, 2527
166831, 2524
166833, 2521
166835, 2517
166837, 2514
166839, 2510
166842, 2505
166845, 2502
166848, 2496
166850, 2494
166852, 2489
166853, 2488
166855, 2485
166857, 2480
166860, 2476
166863, 2471
166865, 2468
166867, 2463
166869, 2462
166872, 2456
166874, 2454
166876, 2447
166879, 2444
166881, 2441
166883, 2437
166885, 2436
166888, 2428
166890, 2426
166893, 2421
166895, 2417
166898, 2411
166899, 2412
166901, 2407
166903, 2404
166906, 2398
166909, 2394
166912, 2389
166914, 2387
166916, 2383
166918, 2378
166919, 2377
166921, 2374
166923, 2370
166925, 2367
166927, 2362
166929, 2360
166930, 2358
166932, 2353
166934, 2352
166935, 2349
166937, 2344
166939, 2344
166941, 2340
166942, 2336
166944, 2336
166946, 2332
166948, 2326
166949, 2325
166951, 2323
166953, 2319
166954, 2317
166956, 2314
166958, 2309
166960, 2309
166961, 2306
166963, 2302
166965, 2300
166967, 2296
166968, 2292
166970, 2291
166972, 2287
166974, 2286
166976, 2281
166977, 2277
166979, 2274
166981, 2273
166982, 2267
166984, 2268
166986, 2263
166988, 2260
166989, 2259
166991, 2256
166993, 2251
166995, 2251
166996, 2246
166998, 2241
167000, 2241
167001, 2238
167003, 2233
167005, 2232
167007, 2227
167009, 2225
167010, 2225
167012, 2219
167014, 2217
167015, 2215
167017, 2209
167019, 2209
167021, 2206
167022, 2201
167024, 2200
167026, 2198
167027, 2192
167029, 2191
167031, 2189
167033, 2183
167034, 2183
167036, 2179
167038, 2174
167040, 2172
167042, 2168
167044, 2165
167046, 2163
167047, 2158
167049, 2158
167051, 2154
167053, 2150
167054, 2149
167056, 2147
167058, 2141
167060, 2141
167061, 2138
167063, 2133
167065, 2133
167066, 2128
167068, 2124
167070, 2123
167072, 2119
167073, 2116
167075, 2114
167077, 2113
167078, 2108
167080, 2106
167082, 2101
167084, 2100
167085, 2097
167087, 2093
167089, 2091
167090, 2090
167092, 2085
167094, 2083
167096, 2080
167098, 2076
167099, 2074
167101, 2072
167103, 2065
167105, 2064
167107, 2062
167108, 2058
167110, 2057
167112, 2054
167113, 2049
167115, 2048
167117, 2044
167119, 2042
167120, 2040
167122, 2037
167124, 2033
167126, 2032
167127, 2026
167129, 2024
167131, 2023
167133, 2018
167134, 2016
167136, 2014
167138, 2009
167140, 2010
167141, 2006
167143, 2001
167145, 2000
167146, 1998
167148, 1991
167150, 1992
167151, 1988
167153, 1985
167155, 1984
167157, 1980
167158, 1975
167160, 1974
167162, 1972
167163, 1968
167165, 1968
167167, 1965
167168, 1960
167170, 1958
167172, 1956
167173, 1952
167175, 1951
167177, 1949
167179, 1943
167180, 1942
167182, 1939
167184, 1936
167186, 1935
167187, 1931
167189, 1928
167191, 1926
167192, 1922
167194, 1919
167196, 1918
167198, 1914
167199, 1911
167201, 1910
167203, 1906
167204, 1904
167206, 1903
167208, 1898
167209, 1896
167211, 1894
167213, 1889
167214, 1888
167216, 1886
167218, 1881
167219, 1880
167221, 1878
167223, 1874
167224, 1872
167226, 1870
167228, 1866
167229, 1865
167231, 1862
167233, 1858
167235, 1856
167236, 1854
167238, 1851
167240, 1848
167241, 1845
167243, 1841
167245, 1840
167246, 1838
167248, 1833
167250, 1831
167251, 1829
167253, 1825
167255, 1824
167256, 1822
167258, 1817
167260, 1816
167261, 1814
167263, 1809
167265, 1809
167267, 1805
167268, 1800
167270, 1799
167272, 1797
167273, 1792
167275, 1792
167277, 1789
167278, 1785
167280, 1784
167282, 1782
167283, 1777
167285, 1777
167287, 1773
167288, 1769
167290, 1768
167292, 1766
167294, 1761
167295, 1760
167297, 1758
167299, 1753
167300, 1752
167302, 1749
167304, 1745
167305, 1744
167307, 1740
167309, 1737
167310, 1736
167312, 1733
167314, 1729
167315, 1728
167317, 1725
167319, 1720
167321, 1718
167322, 1716
167324, 1712
167326, 1710
167328, 1705
167330, 1704
167332, 1702
167334, 1696
167335, 1696
167337, 1693
167339, 1689
167340, 1688
167342, 1685
167344, 1682
167345, 1680
167347, 1678
167349, 1673
167350, 1671
167352, 1669
167354, 1664
167355, 1663
167357, 1660
167359, 1656
167360, 1656
167362, 1652
167364, 1649
167365, 1648
167367, 1645
167369, 1640
167370, 1640
167372, 1636
167374, 1631
167376, 1630
167378, 1627
167379, 1624
167381, 1622
167383, 1619
167385, 1615
167386, 1613
167388, 1609
167390, 1607
167392, 1606
167394, 1598
167396, 1598
167397, 1596
167399, 1591
167401, 1591
167402, 1588
167404, 1582
167406, 1581
167408, 1578
167409, 1574
167411, 1573
167413, 1568
167415, 1566
167417, 1563
167419, 1560
167420, 1558
167422, 1554
167424, 1550
167426, 1549
167428, 1546
167429, 1540
167431, 1540
167433, 1536
167436, 1533
167438, 1529
167441, 1524
167444, 1518
167446, 1516
167448, 1511
167451, 1508
167452, 1505
167454, 1500
167456, 1500
167458, 1497
167459, 1490
167461, 1489
167463, 1486
167465, 1482
167467, 1481
167468, 1476
167470, 1474
167473, 1469
167475, 1466
167477, 1463
167480, 1457
167482, 1456
167483, 1452
167485, 1448
167487, 1447
167489, 1443
167490, 1440
167492, 1437
167494, 1433
167497, 1430
167499, 1426
167501, 1423
167504, 1417
167507, 1413
167509, 1408
167512, 1405
167514, 1399
167516, 1396
167518, 1392
167521, 1387
167524, 1382
167527, 1379
167530, 1372
167532, 1370
167533, 1367
167535, 1363
167538, 1358
167540, 1355
167543, 1349
167546, 1345
167548, 1341
167550, 1337
167552, 1336
167554, 1330
167556, 1328
167558, 1323
167561, 1320
167563, 1315
167565, 1311
167567, 1309
167568, 1306
167570, 1301
167572, 1301
167575, 1293
167577, 1291
167579, 1285
167581, 1284
167583, 1282
167584, 1276
167586, 1276
167588, 1271
167590, 1267
167592, 1265
167595, 1257
167597, 1257
167598, 1253
167600, 1250
167602, 1247
167604, 1241
167607, 1238
167610, 1232
167612, 1230
167613, 1226
167615, 1222
167618, 1218
167620, 1213
167623, 1210
167626, 1204
167628, 1201
167629, 1196
167631, 1194
167633, 1192
167635, 1185
167638, 1182
167641, 1177
167643, 1173
167645, 1168
167647, 1167
167648, 1165
167650, 1159
167652, 1158
167654, 1153
167656, 1150
167659, 1143
167661, 1140
167663, 1136
167665, 1131
167667, 1129
167670, 1122
167673, 1119
167675, 1114
167677, 1112
167680, 1104
167682, 1104
167684, 1098
167687, 1094
167690, 1086
167692, 1085
167694, 1081
167696, 1078
167698, 1075
167699, 1071
167701, 1067
167703, 1065
167706, 1059
167707, 1058
167710, 1050
167713, 1048
167715, 1043
167716, 1041
167719, 1037
167721, 1032
167723, 1029
167725, 1022
167728, 1020
167730, 1014
167732, 1014
167733, 1010
167736, 1005
167739, 999
167741, 995
167744, 994
167746, 988
167748, 985
167751, 978
167754, 974
167756, 970
167758, 967
167760, 962
167763, 959
167765, 954
167766, 953
167769, 948
167771, 943
167773, 940
167776, 934
167779, 930
167781, 925
167783, 924
167786, 917
167788, 914
167789, 911
167791, 907
167793, 906
167794, 903
167796, 898
167798, 896
167799, 894
167801, 890
167803, 887
167805, 882
167808, 881
167810, 872
167813, 872
167814, 868
167816, 864
167819, 860
167821, 854
167823, 853
167826, 846
167828, 844
167830, 838
167832, 838
167835, 831
167837, 829
167840, 823
167843, 821
167846, 813
167848, 811
167850, 807
167852, 805
167854, 801
167856, 796
167859, 792
167862, 788
167864, 784
167866, 779
167868, 777
167870, 775
167871, 770
167874, 766
167876, 763
167879, 758
167881, 753
167883, 750
167885, 748
167887, 744
167889, 741
167891, 736
167894, 731
167897, 727
167898, 725
167900, 721
167902, 719
167903, 717
167905, 712
167907, 711
167910, 705
167912, 701
167914, 699
167916, 693
167918, 691
167920, 689
167922, 684
167924, 680
167927, 675
167930, 671
167932, 669
167933, 667
167936, 659
167939, 657
167942, 650
167945, 648
167947, 642
167948, 641
167950, 637
167952, 634
167955, 630
167957, 627
167960, 619
167963, 615
167964, 614
167966, 609
167968, 607
167969, 606
167971, 601
167973, 599
167975, 597
167976, 592
167978, 591
167980, 588
167983, 584
167985, 577
167988, 575
167991, 568
167993, 565
167995, 561
167997, 558
167999, 555
168002, 549
168004, 548
168006, 541
168009, 538
168011, 533
168013, 533
168015, 530
168016, 524
168018, 523
168020, 519
168023, 516
168025, 511
168027, 507
168029, 505
168031, 500
168033, 499
168035, 497
168037, 492
168039, 495
168042, 501
168044, 503
168046, 509
168048, 510
168051, 518
168054, 520
168056, 525
168059, 529
168061, 533
168062, 537
168064, 539
168066, 544
168068, 545
168071, 552
168074, 556
168076, 560
168079, 563
168081, 570
168083, 572
168085, 576
168088, 581
168091, 585
168094, 591
168096, 596
168098, 598
168100, 601
168103, 607
168106, 612
168107, 616
168109, 618
168111, 621
168113, 625
168115, 627
168116, 633
168118, 634
168120, 636
168122, 641
168123, 643
168125, 645
168127, 651
168128, 652
168130, 655
168132, 660
168134, 661
168136, 664
168138, 668
168139, 670
168142, 677
168145, 681
168147, 686
168149, 687
168152, 696
168155, 698
168157, 702
168158, 704
168160, 707
168163, 712
168164, 716
168166, 719
168169, 723
168171, 726
168174, 731
168177, 738
168179, 740
168181, 744
168182, 748
168184, 750
168187, 756
168190, 760
168193, 767
168195, 769
168197, 776
168199, 778
168202, 784
168204, 786
168206, 792
168208, 794
168211, 800
168213, 804
168215, 805
168217, 811
168219, 813
168221, 818
168224, 823
168227, 831
168229, 831
168231, 836
168233, 840
168235, 842
168237, 847
168238, 850
168240, 852
168242, 859
168244, 859
168246, 862
168247, 868
168249, 868
168251, 872
168253, 876
168254, 878
168256, 883
168259, 886
168262, 893
168264, 896
168266, 899
168267, 904
168269, 906
168272, 913
168275, 915
168278, 924
168280, 925
168281, 929
168284, 934
168287, 942
168290, 945
168293, 952
168296, 955
168298, 962
168299, 963
168302, 970
168305, 974
168308, 980
168311, 983
168313, 990
168314, 990
168316, 994
168318, 1000
168321, 1002
168323, 1008
168326, 1013
168329, 1017
168330, 1021
168332, 1028
168335, 1029
168338, 1038
168341, 1042
168344, 1046
168346, 1051
168348, 1056
168349, 1058
168351, 1061
168353, 1067
168354, 1066
168356, 1072
168358, 1076
168360, 1077
168361, 1082
168363, 1085
168365, 1088
168367, 1092
168368, 1096
168371, 1098
168373, 1105
168375, 1108
168378, 1116
168379, 1117
168381, 1121
168383, 1124
168385, 1126
168387, 1133
168390, 1136
168393, 1145
168395, 1148
168397, 1153
168399, 1155
168401, 1157
168403, 1165
168406, 1168
168409, 1173
168411, 1177
168412, 1181
168414, 1184
168416, 1186
168418, 1193
168420, 1194
168422, 1202
168425, 1204
168428, 1213
168430, 1215
168432, 1220
168434, 1224
168437, 1232
168440, 1235
168442, 1240
168445, 1245
168447, 1247
168449, 1252
168451, 1255
168454, 1262
168457, 1268
168459, 1271
168460, 1272
168462, 1277
168464, 1281
168466, 1284
168468, 1290
168470, 1292
168471, 1295
168473, 1300
168475, 1303
168478, 1311
168480, 1311
168482, 1316
168484, 1322
168486, 1323
168488, 1329
168490, 1330
168491, 1333
168493, 1340
168495, 1340
168496, 1343
168498, 1349
168500, 1349
168502, 1352
168503, 1358
168505, 1360
168507, 1366
168509, 1368
168512, 1373
168514, 1378
168516, 1379
168518, 1388
168520, 1388
168523, 1396
168526, 1400
168529, 1407
168530, 1407
168533, 1416
168536, 1418
168538, 1426
168541, 1428
168544, 1435
168546, 1437
168548, 1445
168551, 1446
168554, 1453
168557, 1458
168560, 1463
168562, 1468
168564, 1471
168566, 1472
168567, 1477
168569, 1479
168571, 1483
168572, 1485
168575, 1491
168578, 1497
168580, 1499
168582, 1503
168583, 1507
168585, 1509
168587, 1512
168588, 1516
168590, 1518
168593, 1526
168595, 1526
168597, 1530
168599, 1535
168602, 1540
168605, 1545
168608, 1553
168610, 1554
168613, 1559
168614, 1561
168616, 1564
168618, 1569
168619, 1571
168621, 1573
168624, 1580
168626, 1581
168628, 1588
168630, 1588
168632, 1591
168634, 1597
168636, 1599
168639, 1606
168642, 1610
168645, 1615
168647, 1617
168648, 1622
168651, 1625
168654, 1632
168657, 1636
168659, 1641
168662, 1643
168663, 1650
168665, 1650
168667, 1653
168669, 1657
168670, 1659
168672, 1662
168674, 1666
168677, 1670
168678, 1674
168680, 1675
168682, 1679
168684, 1684
168687, 1686
168689, 1692
168692, 1696
168694, 1701
168697, 1702
168699, 1710
168701, 1713
168704, 1719
168706, 1721
168709, 1727
168711, 1729
168713, 1734
168715, 1736
168718, 1742
168721, 1745
168723, 1752
168726, 1755
168728, 1758
168730, 1761
168731, 1764
168734, 1770
168737, 1774
168739, 1780
168742, 1781
168745, 1788
168747, 1790
168748, 1795
168751, 1799
168754, 1805
168757, 1808
168759, 1814
168761, 1815
168763, 1818
168765, 1822
168768, 1827
168770, 1830
168773, 1836
168775, 1839
168777, 1843
168778, 1847
168780, 1850
168782, 1851
168784, 1856
168785, 1858
168787, 1860
168789, 1865
168791, 1866
168792, 1869
168794, 1874
168796, 1876
168798, 1880
168800, 1884
168802, 1886
168805, 1892
168808, 1898
168811, 1902
168813, 1906
168815, 1911
168818, 1914
168820, 1920
168822, 1922
168824, 1928
168827, 1931
168829, 1937
168831, 1937
168834, 1944
168837, 1949
168838, 1953
168840, 1956
168842, 1958
168845, 1966
168847, 1967
168849, 1972
168851, 1974
168853, 1978
168856, 1984
168858, 1986
168861, 1992
168863, 1997
168865, 2002
168867, 2003
168869, 2008
168872, 2013
168874, 2019
168877, 2022
168880, 2028
168881, 2030
168884, 2036
168886, 2038
168888, 2041
168890, 2046
168891, 2047
168893, 2052
168895, 2055
168897, 2056
168899, 2062
168900, 2064
168902, 2066
168904, 2071
168907, 2074
168910, 2083
168912, 2084
168914, 2089
168916, 2091
168918, 2096
168921, 2100
168924, 2109
168927, 2111
168929, 2118
168931, 2120
168933, 2122
168936, 2128
168939, 2136
168942, 2139
168945, 2145
168947, 2147
168948, 2150
168950, 2155
168952, 2155
168955, 2163
168958, 2167
168961, 2173
168963, 2176
168965, 2183
168966, 2183
168969, 2190
168972, 2193
168975, 2200
168978, 2204
168979, 2208
168981, 2209
168983, 2213
168985, 2219
168986, 2219
168988, 2224
168990, 2228
168992, 2230
168993, 2233
168995, 2236
168997, 2240
168999, 2242
169000, 2246
169002, 2247
169004, 2252
169005, 2257
169007, 2256
169009, 2261
169010, 2264
169012, 2267
169014, 2271
169016, 2273
169017, 2276
169019, 2279
169021, 2284
169022, 2284
169024, 2289
169026, 2292
169028, 2295
169029, 2300
169032, 2303
169035, 2311
169038, 2313
169040, 2320
169043, 2322
169044, 2327
169046, 2329
169049, 2335
169052, 2339
169054, 2346
169057, 2348
169059, 2355
169061, 2357
169063, 2359
169066, 2366
169069, 2371
169072, 2375
169074, 2382
169076, 2384
169078, 2386
169080, 2391
169081, 2393
169084, 2398
169087, 2403
169089, 2408
169092, 2411
169095, 2419
169096, 2420
169099, 2426
169102, 2431
169105, 2438
169107, 2440
169109, 2445
169111, 2448
169113, 2450
169115, 2457
169117, 2457
169118, 2459
169121, 2466
169123, 2469
169125, 2474
169128, 2476
169129, 2481
169131, 2483
169133, 2485
169136, 2491
169138, 2494
169140, 2500
169143, 2503
169145, 2509
169147, 2510
169150, 2517
169152, 2521
169154, 2525
169156, 2528
169159, 2533
169161, 2537
169163, 2538
169166, 2545
169169, 2550
169171, 2556
169173, 2556
169174, 2559
169176, 2563
169178, 2566
169180, 2572
169183, 2574
169185, 2581
169187, 2581
169190, 2589
169193, 2593
169195, 2599
169197, 2600
169200, 2606
169202, 2608
169204, 2613
169207, 2617
169210, 2625
169212, 2627
169214, 2629
169216, 2635
169217, 2636
169219, 2638
169221, 2643
169222, 2645
169224, 2648
169227, 2652
169229, 2656
169231, 2662
169233, 2662
169235, 2667
169237, 2671
169240, 2678
169243, 2681
169245, 2688
169247, 2689
169249, 2692
169251, 2696
169254, 2700
169256, 2706
169259, 2710
169261, 2715
169263, 2716
169265, 2722
169267, 2723
169269, 2727
169271, 2732
169274, 2735
169277, 2741
169279, 2744
169281, 2749
169282, 2751
169284, 2755
169287, 2759
169290, 2765
169293, 2768
169295, 2775
169297, 2777
169299, 2779
169302, 2785
169304, 2789
169307, 2794
169310, 2802
169312, 2803
169314, 2806
169317, 2812
169320, 2818
169323, 2821
169326, 2828
169328, 2830
169330, 2835
169332, 2837
169333, 2839
169335, 2844
169337, 2847
169339, 2850
169341, 2854
169343, 2857
169344, 2860
169346, 2865
169348, 2866
169350, 2872
169353, 2874
169356, 2882
169359, 2886
169361, 2890
169363, 2891
169365, 2896
169368, 2900
169370, 2908
169373, 2911
169376, 2918
169378, 2918
169380, 2923
169383, 2929
169386, 2936
169389, 2939
169392, 2947
169394, 2948
169396, 2952
169397, 2954
169399, 2958
169402, 2963
169405, 2968
169408, 2973
169410, 2977
169412, 2981
169414, 2983
169415, 2988
169418, 2991
169421, 2998
169424, 3002
169426, 3008
169428, 3010
169430, 3013
169431, 3019
169433, 3019
169435, 3023
169437, 3028
169438, 3029
169440, 3032
169442, 3037
169444, 3039
169445, 3044
169447, 3046
169449, 3048
169451, 3055
169454, 3058
169457, 3063
169459, 3065
169460, 3071
169462, 3073
169464, 3075
169466, 3080
169468, 3082
169469, 3085
169471, 3091
169473, 3093
169475, 3095
169477, 3102
169478, 3102
169480, 3105
169482, 3111
169485, 3113
169487, 3118
169490, 3123
169491, 3128
169494, 3130
169495, 3133
169498, 3138
169501, 3145
169504, 3148
169506, 3153
169508, 3157
169511, 3163
169512, 3166
169515, 3169
169518, 3174
169521, 3182
169523, 3184
169525, 3187
169527, 3193
169529, 3194
169532, 3202
169535, 3206
169537, 3212
169539, 3213
169541, 3217
169542, 3221
169544, 3223
169546, 3228
169547, 3231
169549, 3232
169551, 3237
169553, 3240
169554, 3241
169557, 3249
169560, 3252
169562, 3258
169563, 3258
169566, 3266
169569, 3268
169570, 3272
169573, 3279
169576, 3286
169578, 3287
169580, 3291
169583, 3297
169585, 3300
169588, 3305
169591, 3311
169594, 3316
169596, 3320
169598, 3324
169601, 3329
169602, 3332
169604, 3335
169606, 3339
169608, 3342
169609, 3344
169611, 3349
169614, 3353
169616, 3359
169618, 3361
169620, 3364
169623, 3371
169625, 3374
169627, 3379
169629, 3381
169632, 3388
169633, 3390
169635, 3393
169638, 3398
169641, 3403
169644, 3409
169645, 3411
169648, 3416
169650, 3421
169652, 3425
169654, 3427
169656, 3431
169657, 3435
169659, 3437
169661, 3442
169663, 3443
169665, 3448
169668, 3455
169670, 3456
169673, 3463
169676, 3468
169678, 3472
169680, 3475
169682, 3478
169683, 3481
169686, 3487
169689, 3491
169692, 3499
169694, 3500
169696, 3503
169698, 3507
169700, 3511
169703, 3516
169706, 3521
169709, 3527
169711, 3531
169713, 3534
169716, 3539
169719, 3543
169722, 3550
169725, 3554
169727, 3560
169729, 3561
169730, 3563
169733, 3570
169736, 3575
169739, 3580
169742, 3586
169744, 3588
169746, 3592
169749, 3595
169752, 3603
169755, 3607
169758, 3615
169760, 3615
169762, 3622
169764, 3622
169766, 3625
169767, 3631
169769, 3632
169771, 3635
169774, 3640
169776, 3644
169778, 3649
169779, 3650
169781, 3654
169784, 3658
169787, 3664
169790, 3666
169792, 3673
169794, 3675
169796, 3678
169798, 3682
169800, 3686
169803, 3692
169806, 3696
169808, 3699
169810, 3702
169812, 3709
169815, 3712
169818, 3717
169821, 3720
169824, 3726
169826, 3729
169828, 3735
169830, 3735
169833, 3744
169836, 3746
169839, 3752
169840, 3754
169842, 3759
169844, 3760
169846, 3763
169847, 3769
169850, 3771
169853, 3778
169856, 3781
169858, 3784
169860, 3789
169862, 3793
169865, 3796
169868, 3803
169871, 3805
169873, 3812
169874, 3813
169876, 3814
169878, 3820
169880, 3822
169881, 3825
169883, 3829
169885, 3831
169887, 3837
169889, 3838
169892, 3843
169894, 3846
169896, 3849
169897, 3854
169900, 3856
169902, 3862
169904, 3865
169906, 3867
169909, 3873
169911, 3875
169912, 3880
169915, 3883
169918, 3889
169920, 3890
169923, 3899
169926, 3902
169928, 3908
169930, 3909
169933, 3917
169935, 3917
169937, 3923
169939, 3927
169941, 3928
169942, 3932
169944, 3934
169946, 3937
169949, 3943
169951, 3944
169953, 3952
169956, 3953
169959, 3962
169961, 3963
169963, 3969
169965, 3972
169967, 3975
169969, 3978
169972, 3983
169975, 3988
169977, 3994
169979, 3997
169982, 4001
169984, 4005
169986, 4008
169987, 4011
169989, 4015
169991, 4016
169992, 4020
169994, 4024
169996, 4026
169998, 4032
170000, 4032
170002, 4039
170005, 4044
170008, 4049
170010, 4052
170012, 4055
170015, 4060
170017, 4064
170020, 4069
170023, 4075
170026, 4079
170028, 4085
170030, 4087
170031, 4090
170034, 4096
170037, 4101
170040, 4105
170043, 4113
170045, 4114
170047, 4117
170049, 4123
170052, 4126
170055, 4132
170058, 4138
170060, 4141
170062, 4145
170063, 4150
170065, 4152
170067, 4155
170069, 4159
170070, 4161
170072, 4164
170074, 4171
170075, 4170
170077, 4175
170079, 4177
170081, 4180
170082, 4184
170084, 4188
170086, 4189
170088, 4194
170089, 4197
170091, 4200
170093, 4205
170095, 4208
170097, 4210
170098, 4214
170100, 4217
170102, 4219
170104, 4224
170106, 4228
170109, 4235
170111, 4236
170112, 4240
170115, 4244
170117, 4249
170120, 4254
170123, 4260
170126, 4264
170128, 4268
170129, 4272
170132, 4275
170135, 4282
170138, 4288
170141, 4292
170142, 4296
170144, 4299
170146, 4302
170148, 4307
170151, 4311
170154, 4319
170156, 4321
170158, 4327
170161, 4329
170162, 4333
170165, 4338
170168, 4346
170171, 4349
170174, 4356
170176, 4357
170178, 4364
170181, 4368
170184, 4374
170187, 4378
170190, 4384
170192, 4385
170194, 4392
170196, 4395
170197, 4397
170199, 4401
170201, 4403
170203, 4407
170204, 4411
170206, 4412
170208, 4417
170210, 4421
170211, 4423
170213, 4428
170215, 4431
170217, 4434
170220, 4440
170222, 4443
170224, 4448
170226, 4451
170228, 4455
170231, 4458
170234, 4467
170237, 4469
170239, 4475
170241, 4478
170243, 4481
170245, 4486
170248, 4490
170250, 4495
170254, 4501
170255, 4503
170257, 4506
170259, 4511
170261, 4513
170263, 4517
170266, 4522
170268, 4528
170270, 4531
170272, 4533
170275, 4541
170277, 4543
170279, 4549
170282, 4553
170285, 4559
170287, 4560
170289, 4565
170290, 4567
170293, 4572
170295, 4578
170297, 4579
170300, 4586
170302, 4588
170304, 4594
170306, 4595
170307, 4597
170309, 4603
170311, 4604
170313, 4607
170314, 4613
170316, 4614
170318, 4617
170320, 4623
170323, 4625
170326, 4632
170327, 4635
170329, 4639
170331, 4641
170333, 4645
170335, 4649
170337, 4652
170339, 4656
170342, 4660
170344, 4666
170346, 4668
170349, 4673
170350, 4676
170352, 4678
170354, 4684
170357, 4687
170359, 4694
170361, 4694
170364, 4702
170366, 4702
170368, 4706
170370, 4712
170372, 4713
170374, 4719
170376, 4721
170378, 4723
170379, 4728
170381, 4730
170383, 4733
170386, 4739
170389, 4745
170392, 4750
170394, 4754
170396, 4757
170397, 4758
170400, 4765
170402, 4767
170405, 4773
170408, 4778
170410, 4782
170412, 4784
170414, 4790
170416, 4792
170418, 4795
170420, 4801
170421, 4801
170423, 4804
170425, 4810
170427, 4811
170429, 4815
170431, 4818
170432, 4819
170434, 4824
170437, 4828
170440, 4835
170442, 4839
170444, 4843
170446, 4845
170448, 4848
170451, 4853
170453, 4857
170456, 4863
170459, 4870
170461, 4871
170463, 4872
170464, 4879
170467, 4881
170470, 4888
170473, 4891
170476, 4897
170478, 4899
170480, 4906
170481, 4907
170483, 4910
170486, 4915
170489, 4920
170491, 4924
170493, 4928
170495, 4933
170498, 4935
170501, 4942
170504, 4946
170506, 4950
170509, 4956
170511, 4959
170513, 4962
170516, 4969
170519, 4972
170522, 4977
170525, 4985
170526, 4986
170528, 4989
170530, 4994
170532, 4995
170533, 4999
170535, 5004
170537, 5005
170539, 5010
170541, 5013
170543, 5015
170544, 5020
170546, 5021
170548, 5025
170550, 5030
170553, 5033
170556, 5039
170557, 5042
170559, 5048
170561, 5049
170564, 5055
170567, 5059
170570, 5068
170573, 5068
170574, 5073
170577, 5076
170579, 5079
170581, 5085
170584, 5091
170587, 5096
170589, 5100
170591, 5104
170593, 5104
170594, 5109
170596, 5111
170598, 5114
170599, 5119
170601, 5122
170603, 5122
170605, 5128
170606, 5130
170608, 5133
170610, 5140
170612, 5140
170614, 5144
170615, 5149
170617, 5150
170619, 5154
170621, 5159
170623, 5160
170624, 5164
170626, 5168
170628, 5170
170630, 5174
170631, 5177
170633, 5180
170635, 5183
170636, 5186
170638, 5188
170640, 5195
170642, 5196
170644, 5199
170646, 5205
170648, 5207
170651, 5215
170653, 5215
170654, 5221
170657, 5223
170659, 5227
170661, 5233
170663, 5234
170666, 5243
170668, 5243
170671, 5251
170673, 5253
170676, 5261
170678, 5262
170680, 5270
170683, 5272
170685, 5278
170688, 5281
170691, 5289
170693, 5290
170695, 5295
170698, 5300
170700, 5304
170701, 5306
170703, 5309
170706, 5317
170709, 5319
170711, 5325
170714, 5326
170716, 5336
170719, 5338
170722, 5343
170725, 5349
170727, 5352
170729, 5356
170731, 5362
170733, 5362
170735, 5367
170736, 5372
170739, 5377
170742, 5381
170744, 5384
170746, 5390
170748, 5390
170749, 5394
170751, 5399
170753, 5400
170754, 5403
170757, 5408
170759, 5412
170761, 5417
170763, 5418
170765, 5421
170767, 5427
170770, 5433
170773, 5436
170775, 5443
170777, 5445
170779, 5447
170782, 5454
170784, 5457
170787, 5464
170790, 5467
170792, 5473
170794, 5475
170796, 5480
170798, 5483
170800, 5486
170803, 5491
170806, 5499
170809, 5501
170810, 5506
170812, 5508
170814, 5510
170816, 5517
170819, 5519
170822, 5527
170825, 5532
170827, 5536
170828, 5537
170831, 5544
170834, 5547
170837, 5553
170840, 5557
170842, 5562
170844, 5563
170846, 5569
170848, 5570
170851, 5578
170854, 5580
170857, 5587
170859, 5588
170860, 5593
170862, 5596
170864, 5599
170866, 5604
170867, 5605
170869, 5607
170871, 5613
170873, 5614
170875, 5617
170876, 5622
170878, 5623
170880, 5627
170883, 5630
170886, 5637
170889, 5641
170890, 5644
170893, 5648
170895, 5650
170898, 5656
170901, 5662
170903, 5666
170906, 5671
170909, 5674
170910, 5678
170912, 5682
170915, 5686
170918, 5690
170921, 5696
170923, 5698
170924, 5700
170926, 5706
170928, 5706
170931, 5714
170934, 5716
170937, 5722
170939, 5723
170941, 5728
170942, 5730
170944, 5733
170946, 5739
170949, 5741
170952, 5747
170954, 5748
170956, 5755
170959, 5757
170960, 5760
170962, 5764
170965, 5768
170968, 5772
170970, 5775
170972, 5780
170973, 5780
170975, 5784
170977, 5789
170978, 5789
170980, 5793
170982, 5798
170984, 5798
170986, 5803
170988, 5805
170991, 5811
170993, 5813
170995, 5817
170997, 5823
170999, 5823
171001, 5828
171004, 5832
171007, 5838
171009, 5840
171011, 5844
171012, 5847
171014, 5849
171017, 5855
171020, 5858
171023, 5863
171025, 5867
171027, 5872
171029, 5872
171032, 5879
171033, 5881
171036, 5887
171039, 5886
171042, 5879
171043, 5879
171046, 5872
171049, 5870
171051, 5866
171054, 5863
171056, 5858
171058, 5855
171060, 5851
171062, 5847
171064, 5843
171066, 5840
171068, 5839
171070, 5836
171072, 5832
171073, 5830
171075, 5826
171077, 5822
171079, 5821
171081, 5818
171082, 5815
171085, 5811
171087, 5806
171090, 5803
171093, 5798
171094, 5798
171096, 5793
171098, 5790
171101, 5786
171103, 5782
171106, 5776
171108, 5773
171110, 5771
171112, 5765
171115, 5763
171118, 5758
171121, 5752
171124, 5747
171126, 5744
171128, 5741
171130, 5739
171132, 5734
171133, 5734
171135, 5730
171137, 5725
171138, 5724
171140, 5722
171142, 5718
171144, 5717
171145, 5713
171147, 5709
171149, 5707
171151, 5705
171153, 5701
171156, 5695
171158, 5692
171160, 5691
171162, 5684
171164, 5683
171166, 5682
171168, 5676
171171, 5674
171174, 5669
171176, 5665
171177, 5660
171179, 5659
171181, 5656
171183, 5652
171184, 5651
171186, 5648
171188, 5645
171190, 5643
171191, 5639
171193, 5636
171195, 5635
171197, 5629
171199, 5627
171202, 5620
171205, 5618
171207, 5611
171209, 5611
171211, 5607
171213, 5603
171215, 5600
171218, 5594
171221, 5590
171223, 5588
171225, 5584
171227, 5580
171230, 5577
171233, 5570
171235, 5567
171238, 5561
171240, 5559
171242, 5553
171244, 5552
171246, 5547
171248, 5545
171251, 5541
171254, 5536
171256, 5533
171258, 5527
171260, 5525
171262, 5520
171265, 5518
171268, 5509
171271, 5507
171272, 5501
171275, 5501
171276, 5496
171279, 5492
171282, 5488
171284, 5484
171286, 5479
171288, 5475
171290, 5475
171292, 5470
171293, 5467
171295, 5465
171297, 5461
171300, 5457
171302, 5451
171304, 5449
171307, 5444
171309, 5440
171311, 5438
171313, 5432
171315, 5430
171318, 5423
171320, 5422
171322, 5418
171325, 5413
171326, 5410
171329, 5405
171332, 5398
171334, 5397
171336, 5392
171339, 5387
171341, 5384
171343, 5379
171346, 5375
171349, 5371
171351, 5367
171352, 5362
171354, 5361
171357, 5355
171359, 5351
171361, 5349
171364, 5343
171366, 5340
171368, 5333
171370, 5332
171373, 5324
171375, 5322
171377, 5320
171380, 5315
171382, 5311
171385, 5305
171387, 5300
171389, 5296
171392, 5292
171393, 5287
171396, 5283
171398, 5278
171400, 5277
171402, 5273
171404, 5268
171406, 5267
171407, 5261
171409, 5261
171411, 5257
171413, 5251
171415, 5251
171417, 5244
171420, 5240
171422, 5234
171424, 5231
171426, 5228
171428, 5223
171430, 5221
171432, 5218
171433, 5213
171436, 5208
171439, 5204
171441, 5200
171443, 5196
171446, 5193
171448, 5184
171451, 5181
171454, 5175
171457, 5171
171459, 5165
171461, 5164
171463, 5158
171466, 5153
171469, 5147
171471, 5145
171474, 5137
171476, 5136
171477, 5129
171480, 5127
171483, 5119
171486, 5115
171489, 5109
171491, 5106
171493, 5102
171495, 5099
171496, 5097
171498, 5092
171500, 5089
171503, 5086
171506, 5081
171508, 5075
171509, 5073
171511, 5070
171513, 5065
171515, 5062
171516, 5060
171518, 5055
171520, 5053
171522, 5051
171523, 5046
171525, 5044
171527, 5041
171529, 5036
171531, 5034
171532, 5032
171534, 5027
171537, 5021
171540, 5017
171542, 5014
171544, 5009
171547, 5006
171550, 5000
171553, 4996
171556, 4990
171557, 4987
171559, 4983
171561, 4981
171563, 4977
171564, 4974
171567, 4971
171569, 4966
171572, 4960
171575, 4956
171576, 4954
171579, 4949
171581, 4945
171584, 4939
171587, 4936
171589, 4931
171591, 4929
171593, 4925
171595, 4922
171597, 4917
171601, 4912
171603, 4906
171605, 4905
171607, 4900
171609, 4897
171611, 4895
171613, 4892
171614, 4889
171616, 4886
171618, 4881
171620, 4879
171622, 4877
171623, 4872
171625, 4872
171627, 4868
171629, 4864
171631, 4863
171632, 4859
171634, 4855
171636, 4853
171638, 4849
171639, 4847
171641, 4844
171643, 4839
171645, 4837
171647, 4835
171650, 4830
171652, 4829
171654, 4822
171655, 4821
171657, 4818
171659, 4813
171661, 4813
171662, 4810
171664, 4805
171666, 4805
171667, 4801
171669, 4796
171672, 4793
171674, 4789
171676, 4789
171678, 4784
171680, 4780
171683, 4774
171686, 4769
171689, 4764
171691, 4762
171693, 4760
171695, 4755
171697, 4751
171700, 4747
171703, 4744
171705, 4738
171708, 4734
171709, 4730
171711, 4730
171714, 4722
171716, 4720
171717, 4719
171719, 4714
171721, 4713
171723, 4710
171725, 4705
171726, 4705
171728, 4700
171730, 4697
171731, 4696
171733, 4691
171736, 4689
171739, 4681
171741, 4680
171742, 4676
171744, 4672
171746, 4670
171748, 4668
171751, 4663
171754, 4657
171756, 4653
171759, 4649
171760, 4646
171762, 4643
171764, 4638
171767, 4635
171770, 4630
171773, 4624
171775, 4621
171777, 4618
171779, 4613
171781, 4613
171783, 4609
171785, 4604
171788, 4601
171790, 4596
171792, 4594
171794, 4589
171795, 4588
171798, 4582
171801, 4578
171804, 4573
171806, 4570
171808, 4566
171810, 4562
171812, 4560
171814, 4555
171817, 4552
171820, 4545
171822, 4545
171824, 4539
171826, 4536
171827, 4533
171829, 4529
171832, 4525
171835, 4519
171838, 4515
171840, 4510
171842, 4507
171844, 4503
171846, 4502
171848, 4499
171849, 4495
171851, 4493
171853, 4489
171856, 4484
171858, 4480
171860, 4476
171862, 4473
171863, 4470
171866, 4466
171869, 4459
171872, 4457
171874, 4451
171876, 4448
171878, 4446
171879, 4443
171882, 4438
171885, 4432
171888, 4428
171890, 4424
171892, 4421
171894, 4418
171897, 4413
171900, 4405
171902, 4403
171905, 4396
171907, 4395
171908, 4392
171911, 4388
171914, 4383
171917, 4377
171920, 4369
171922, 4369
171924, 4365
171926, 4361
171929, 4358
171932, 4353
171934, 4347
171937, 4343
171939, 4340
171941, 4335
171942, 4334
171944, 4329
171946, 4327
171947, 4325
171949, 4321
171951, 4318
171953, 4315
171954, 4312
171957, 4308
171959, 4305
171961, 4300
171962, 4299
171965, 4292
171968, 4287
171970, 4282
171973, 4279
171975, 4274
171978, 4271
171981, 4266
171984, 4259
171986, 4256
171988, 4253
171990, 4248
171992, 4246
171995, 4239
171997, 4237
172000, 4231
172003, 4227
172005, 4223
172007, 4220
172009, 4217
172011, 4212
172013, 4211
172014, 4206
172016, 4203
172019, 4200
172021, 4196
172024, 4191
172025, 4186
172027, 4184
172030, 4179
172032, 4177
172035, 4171
172038, 4168
172040, 4159
172042, 4159
172045, 4152
172048, 4150
172050, 4144
172052, 4142
172054, 4139
172056, 4135
172058, 4133
172060, 4128
172061, 4125
172063, 4123
172065, 4118
172067, 4117
172070, 4111
172072, 4107
172074, 4104
172076, 4101
172078, 4098
172081, 4093
172083, 4089
172085, 4083
172088, 4081
172091, 4073
172092, 4074
172094, 4069
172097, 4065
172099, 4063
172101, 4057
172104, 4054
172107, 4050
172109, 4045
172110, 4041
172113, 4037
172116, 4033
172119, 4028
172122, 4023
172124, 4021
172126, 4017
172129, 4013
172131, 4008
172134, 4004
172137, 3999
172140, 3993
172141, 3990
172143, 3989
172146, 3984
172149, 3980
172152, 3974
172155, 3970
172157, 3966
172158, 3964
172160, 3959
172162, 3958
172164, 3955
172166, 3951
172167, 3950
172170, 3943
172173, 3940
172174, 3937
172176, 3933
172178, 3931
172180, 3929
172181, 3925
172183, 3925
172185, 3920
172187, 3918
172188, 3916
172190, 3912
172192, 3910
172193, 3907
172196, 3901
172198, 3900
172201, 3893
172204, 3891
172206, 3886
172208, 3884
172210, 3878
172213, 3875
172216, 3869
172219, 3867
172221, 3861
172223, 3860
172225, 3856
172227, 3853
172229, 3851
172230, 3847
172233, 3844
172236, 3836
172238, 3836
172240, 3831
172242, 3829
172245, 3822
172248, 3819
172251, 3813
172253, 3812
172256, 3804
172258, 3803
172261, 3798
172262, 3796
172265, 3790
172268, 3787
172271, 3781
172273, 3780
172274, 3776
172276, 3772
172278, 3773
172280, 3768
172281, 3765
172283, 3763
172285, 3760
172287, 3756
172289, 3754
172291, 3750
172293, 3749
172295, 3745
172297, 3740
172300, 3737
172302, 3733
172304, 3731
172306, 3724
172308, 3723
172311, 3716
172314, 3715
172317, 3709
172319, 3705
172321, 3700
172323, 3699
172325, 3698
172328, 3693
172330, 3688
172333, 3685
172335, 3680
172337, 3677
172339, 3676
172341, 3670
172343, 3669
172344, 3667
172347, 3661
172350, 3657
172351, 3653
172354, 3649
172357, 3645
172358, 3644
172360, 3640
172363, 3637
172365, 3633
172367, 3628
172370, 3625
172373, 3619
172375, 3617
172376, 3612
172378, 3611
172380, 3609
172381, 3603
172383, 3603
172385, 3601
172387, 3595
172388, 3594
172390, 3591
172392, 3586
172394, 3585
172396, 3582
172398, 3579
172399, 3577
172401, 3571
172403, 3569
172405, 3567
172407, 3562
172409, 3560
172411, 3553
172413, 3552
172415, 3549
172418, 3545
172421, 3538
172423, 3537
172425, 3534
172427, 3528
172429, 3525
172431, 3522
172434, 3520
172437, 3512
172440, 3508
172441, 3503
172443, 3502
172445, 3498
172447, 3493
172449, 3493
172451, 3486
172454, 3484
172456, 3478
172458, 3477
172461, 3472
172462, 3469
172464, 3467
172466, 3462
172469, 3459
172471, 3455
172473, 3451
172475, 3450
172477, 3443
172479, 3442
172481, 3439
172482, 3433
172484, 3432
172486, 3430
172487, 3426
172489, 3423
172491, 3419
172493, 3417
172494, 3414
172496, 3411
172498, 3408
172499, 3406
172501, 3402
172503, 3400
172504, 3397
172506, 3393
172508, 3390
172509, 3388
172511, 3385
172513, 3381
172514, 3379
172516, 3376
172518, 3373
172519, 3371
172521, 3367
172523, 3364
172525, 3362
172527, 3355
172530, 3352
172533, 3346
172536, 3340
172539, 3335
172541, 3332
172543, 3329
172545, 3325
172548, 3320
172551, 3314
172554, 3309
172556, 3305
172558, 3301
172560, 3300
172562, 3291
172565, 3289
172568, 3285
172571, 3279
172573, 3275
172575, 3271
172578, 3266
172581, 3262
172583, 3258
172586, 3251
172588, 3249
172590, 3244
172593, 3239
172596, 3234
172599, 3230
172602, 3223
172604, 3221
172606, 3216
172608, 3214
172610, 3211
172611, 3208
172613, 3204
172615, 3202
172617, 3196
172618, 3196
172621, 3192
172623, 3186
172624, 3186
172626, 3183
172629, 3177
172632, 3169
172635, 3167
172637, 3160
172639, 3159
172641, 3156
172642, 3150
172644, 3149
172647, 3142
172650, 3140
172652, 3132
172654, 3133
172656, 3129
172658, 3124
172659, 3123
172661, 3119
172663, 3115
172665, 3114
172667, 3108
172668, 3107
172670, 3104
172672, 3098
172674, 3097
172676, 3092
172679, 3088
172682, 3081
172684, 3080
172686, 3077
172688, 3070
172690, 3069
172692, 3066
172694, 3061
172697, 3056
172700, 3051
172702, 3048
172703, 3046
172705, 3043
172707, 3039
172709, 3037
172710, 3033
172712, 3029
172714, 3028
172715, 3025
172717, 3021
172719, 3020
172722, 3014
172724, 3010
172725, 3008
172727, 3003
172729, 3001
172732, 2996
172734, 2994
172735, 2992
172738, 2985
172740, 2982
172743, 2977
172746, 2974
172748, 2968
172750, 2966
172753, 2959
172756, 2956
172758, 2952
172760, 2949
172762, 2944
172764, 2942
172767, 2936
172770, 2932
172772, 2926
172774, 2925
172777, 2919
172780, 2916
172783, 2908
172786, 2906
172789, 2900
172791, 2898
172793, 2892
172796, 2890
172797, 2886
172799, 2883
172802, 2879
172805, 2875
172807, 2871
172809, 2868
172812, 2863
172813, 2859
172815, 2857
172817, 2854
172819, 2851
172820, 2849
172822, 2844
172824, 2843
172826, 2840
172828, 2834
172829, 2834
172832, 2827
172835, 2825
172838, 2818
172840, 2816
172842, 2814
172844, 2810
172846, 2808
172848, 2801
172851, 2798
172854, 2793
172856, 2791
172859, 2785
172861, 2784
172862, 2779
172865, 2776
172868, 2770
172871, 2768
172873, 2761
172875, 2761
172876, 2758
172879, 2753
172882, 2748
172885, 2743
172888, 2738
172890, 2737
172892, 2731
172893, 2728
172895, 2727
172898, 2721
172901, 2718
172904, 2712
172906, 2712
172907, 2706
172909, 2704
172911, 2702
172914, 2696
172917, 2693
172919, 2688
172922, 2685
172924, 2680
172925, 2680
172927, 2674
172929, 2671
172931, 2670
172932, 2667
172935, 2664
172938, 2657
172940, 2655
172941, 2653
172943, 2648
172946, 2646
172948, 2640
172951, 2637
172954, 2630
172956, 2630
172958, 2626
172960, 2622
172963, 2617
172965, 2616
172968, 2610
172970, 2606
172972, 2604
172974, 2599
172976, 2598
172978, 2594
172979, 2591
172982, 2588
172985, 2581
172987, 2579
172989, 2574
172991, 2574
172993, 2568
172995, 2565
172998, 2558
173001, 2558
173003, 2551
173005, 2550
173007, 2546
173009, 2541
173012, 2538
173015, 2534
173017, 2530
173019, 2526
173021, 2524
173022, 2521
173024, 2518
173027, 2514
173030, 2509
173032, 2506
173035, 2500
173037, 2498
173039, 2494
173040, 2492
173042, 2488
173044, 2483
173046, 2482
173048, 2480
173050, 2474
173053, 2472
173054, 2466
173056, 2466
173058, 2461
173060, 2459
173062, 2455
173065, 2451
173067, 2448
173069, 2443
173071, 2442
173073, 2438
173075, 2433
173077, 2431
173079, 2425
173082, 2422
173084, 2418
173086, 2417
173087, 2412
173089, 2408
173091, 2407
173093, 2404
173096, 2399
173098, 2394
173100, 2392
173103, 2387
173105, 2383
173107, 2380
173109, 2376
173111, 2373
173114, 2366
173116, 2365
173118, 2362
173121, 2357
173123, 2353
173124, 2349
173127, 2345
173130, 2340
173132, 2337
173135, 2332
173138, 2328
173140, 2324
173141, 2322
173143, 2318
173145, 2315
173147, 2315
173148, 2310
173150, 2307
173152, 2305
173154, 2300
173155, 2298
173157, 2296
173159, 2290
173161, 2290
173162, 2286
173164, 2282
173166, 2281
173168, 2277
173169, 2271
173171, 2270
173173, 2267
173175, 2265
173177, 2264
173178, 2259
173180, 2256
173183, 2252
173185, 2246
173188, 2244
173189, 2240
173191, 2237
173193, 2234
173195, 2230
173197, 2228
173199, 2221
173201, 2221
173204, 2215
173206, 2214
173207, 2211
173210, 2205
173212, 2203
173214, 2196
173216, 2197
173219, 2189
173222, 2186
173223, 2183
173225, 2179
173227, 2178
173229, 2173
173230, 2171
173232, 2168
173234, 2164
173236, 2161
173238, 2160
173239, 2155
173241, 2155
173243, 2151
173245, 2146
173246, 2146
173249, 2139
173252, 2137
173254, 2131
173256, 2130
173258, 2126
173260, 2122
173261, 2121
173263, 2118
173265, 2113
173267, 2111
173269, 2106
173271, 2104
173273, 2102
173275, 2098
173276, 2096
173279, 2090
173282, 2088
173284, 2082
173286, 2080
173288, 2076
173290, 2073
173292, 2071
173294, 2064
173297, 2063
173299, 2056
173302, 2054
173305, 2047
173307, 2046
173309, 2039
173312, 2037
173315, 2031
173318, 2028
173321, 2023
173323, 2021
173324, 2014
173327, 2013
173329, 2008
173331, 2007
173333, 2006
173335, 1999
173337, 1999
173338, 1995
173340, 1990
173343, 1988
173345, 1981
173348, 1979
173351, 1974
173353, 1971
173355, 1967
173357, 1966
173358, 1963
173360, 1957
173362, 1957
173365, 1949
173367, 1949
173369, 1945
173371, 1942
173372, 1941
173374, 1936
173376, 1934
173377, 1932
173379, 1929
173381, 1926
173383, 1924
173384, 1919
173387, 1916
173389, 1911
173391, 1910
173393, 1908
173395, 1902
173398, 1900
173400, 1895
173401, 1895
173403, 1890
173405, 1886
173406, 1887
173409, 1881
173412, 1878
173414, 1873
173417, 1869
173419, 1865
173421, 1862
173423, 1859
173425, 1855
173428, 1851
173430, 1847
173432, 1845
173433, 1843
173435, 1837
173437, 1837
173439, 1834
173440, 1830
173442, 1828
173444, 1824
173447, 1820
173449, 1818
173450, 1813
173452, 1812
173455, 1808
173456, 1806
173458, 1804
173460, 1799
173462, 1797
173464, 1792
173466, 1790
173468, 1787
173470, 1783
173472, 1782
173474, 1778
173475, 1775
173478, 1771
173481, 1766
173482, 1766
173484, 1763
173486, 1759
173488, 1756
173489, 1754
173491, 1751
173493, 1748
173496, 1742
173498, 1741
173500, 1737
173503, 1735
173505, 1729
173506, 1727
173508, 1725
173511, 1718
173513, 1716
173515, 1712
173518, 1710
173520, 1704
173522, 1702
173523, 1700
173526, 1694
173529, 1692
173531, 1686
173532, 1686
173535, 1679
173537, 1678
173539, 1675
173541, 1671
173543, 1669
173545, 1665
173546, 1663
173549, 1658
173552, 1654
173554, 1652
173556, 1646
173558, 1644
173559, 1642
173561, 1638
173563, 1636
173565, 1633
173567, 1631
173568, 1628
173571, 1622
173573, 1621
173575, 1615
173577, 1613
173578, 1611
173580, 1608
173582, 1605
173584, 1602
173587, 1597
173589, 1594
173591, 1590
173592, 1588
173595, 1585
173597, 1580
173599, 1577
173602, 1573
173604, 1571
173606, 1566
173608, 1565
173611, 1558
173613, 1555
173615, 1551
173618, 1548
173621, 1540
173622, 1541
173624, 1537
173626, 1533
173628, 1531
173631, 1524
173634, 1522
173636, 1516
173638, 1513
173640, 1511
173641, 1505
173643, 1505
173646, 1499
173649, 1497
173650, 1491
173652, 1490
173654, 1487
173655, 1483
173657, 1481
173659, 1478
173661, 1474
173663, 1472
173665, 1468
173667, 1465
173670, 1460
173672, 1455
173673, 1455
173675, 1452
173676, 1446
173678, 1445
173680, 1441
173683, 1438
173686, 1431
173687, 1431
173689, 1428
173691, 1422
173693, 1420
173695, 1415
173697, 1414
173700, 1409
173703, 1405
173705, 1401
173706, 1397
173708, 1396
173710, 1391
173712, 1389
173714, 1387
173715, 1380
173718, 1378
173720, 1374
173722, 1370
173725, 1367
173727, 1360
173730, 1357
173733, 1352
173735, 1348
173738, 1345
173739, 1341
173741, 1335
173743, 1335
173746, 1326
173749, 1326
173751, 1319
173753, 1317
173755, 1314
173756, 1309
173758, 1308
173760, 1305
173761, 1300
173763, 1300
173765, 1297
173767, 1291
173770, 1288
173771, 1283
173773, 1281
173776, 1275
173779, 1271
173781, 1265
173783, 1264
173786, 1257
173788, 1256
173790, 1253
173793, 1247
173795, 1242
173798, 1237
173800, 1232
173802, 1229
173803, 1228
173805, 1224
173807, 1220
173809, 1218
173810, 1214
173812, 1210
173814, 1208
173817, 1202
173819, 1200
173821, 1194
173823, 1191
173824, 1191
173826, 1185
173829, 1182
173831, 1176
173833, 1174
173835, 1172
173837, 1166
173839, 1164
173841, 1157
173844, 1155
173846, 1148
173848, 1148
173850, 1144
173853, 1139
173855, 1136
173856, 1130
173859, 1127
173862, 1120
173864, 1118
173866, 1115
173869, 1109
173871, 1106
173872, 1102
173874, 1101
173877, 1093
173879, 1093
173882, 1084
173884, 1083
173886, 1078
173888, 1075
173890, 1073
173893, 1066
173894, 1065
173897, 1058
173899, 1056
173901, 1050
173904, 1047
173905, 1044
173908, 1039
173910, 1037
173912, 1031
173914, 1030
173915, 1027
173917, 1022
173919, 1021
173921, 1016
173922, 1012
173924, 1010
173926, 1007
173929, 1002
173931, 997
173933, 995
173936, 989
173938, 986
173940, 985
173941, 980
173943, 977
173945, 974
173946, 969
173948, 968
173950, 966
173951, 961
173953, 958
173955, 956
173957, 951
173958, 950
173960, 947
173962, 942
173963, 941
173966, 935
173969, 931
173971, 927
173973, 924
173974, 923
173977, 916
173979, 914
173982, 908
173984, 905
173986, 901
173989, 897
173990, 893
173992, 888
173994, 888
173997, 882
173999, 879
174001, 874
174004, 870
174006, 866
174008, 861
174011, 859
174013, 853
174016, 849
174018, 846
174020, 842
174022, 837
174024, 836
174026, 834
174027, 828
174029, 828
174031, 825
174033, 820
174036, 815
174038, 812
174040, 813
174042, 818
174044, 822
174046, 825
174048, 831
174051, 835
174053, 839
174054, 840
174056, 843
174058, 849
174061, 852
174063, 858
174065, 862
174068, 867
174070, 869
174072, 874
174073, 877
174075, 879
174078, 885
174081, 889
174083, 895
174085, 897
174087, 903
174089, 904
174091, 909
174093, 914
174095, 917
174098, 924
174100, 925
174102, 928
174104, 933
174105, 936
174107, 940
174110, 945
174113, 951
174115, 952
174117, 957
174120, 962
174122, 964
174123, 971
174125, 972
174127, 976
174129, 981
174130, 981
174132, 988
174134, 989
174137, 995
174138, 1000
174140, 1000
174142, 1006
174145, 1009
174147, 1014
174149, 1019
174152, 1025
174154, 1028
174156, 1031
174158, 1038
174161, 1041
174163, 1046
174164, 1048
174167, 1055
174169, 1057
174171, 1061
174173, 1066
174176, 1070
174178, 1076
174181, 1080
174184, 1087
174186, 1089
174188, 1097
174190, 1098
174192, 1104
174194, 1106
174197, 1112
174199, 1115
174201, 1118
174203, 1125
174205, 1125
174207, 1130
174208, 1136
174210, 1136
174212, 1140
174214, 1145
174216, 1148
174218, 1154
174220, 1156
174222, 1159
174225, 1165
174227, 1170
174229, 1175
174232, 1178
174234, 1185
174237, 1189
174239, 1194
174240, 1196
174242, 1200
174244, 1203
174246, 1207
174247, 1210
174249, 1214
174251, 1215
174253, 1224
174255, 1224
174257, 1228
174258, 1233
174260, 1234
174263, 1242
174266, 1244
174268, 1252
174270, 1254
174272, 1258
174274, 1264
174275, 1264
174277, 1268
174279, 1272
174280, 1274
174282, 1278
174284, 1282
174287, 1286
174288, 1291
174290, 1293
174293, 1300
174296, 1303
174298, 1309
174300, 1312
174303, 1319
174305, 1321
174306, 1322
174309, 1330
174312, 1336
174314, 1340
174317, 1343
174320, 1349
174321, 1353
174323, 1358
174326, 1362
174329, 1369
174330, 1370
174333, 1378
174336, 1381
174338, 1386
174340, 1389
174343, 1394
174345, 1398
174347, 1402
174350, 1408
174352, 1412
174354, 1417
174356, 1419
174358, 1423
174359, 1427
174361, 1428
174363, 1434
174366, 1437
174368, 1441
174369, 1445
174371, 1447
174373, 1451
174375, 1454
174377, 1458
174380, 1464
174382, 1467
174384, 1473
174387, 1476
174388, 1481
174390, 1483
174393, 1490
174396, 1493
174398, 1498
174401, 1501
174403, 1504
174404, 1509
174406, 1511
174409, 1518
174411, 1519
174413, 1524
174415, 1527
174416, 1529
174418, 1534
174420, 1537
174422, 1540
174425, 1545
174427, 1547
174429, 1554
174432, 1556
174434, 1562
174435, 1564
174437, 1567
174439, 1572
174442, 1574
174444, 1581
174447, 1584
174449, 1589
174451, 1591
174453, 1595
174455, 1598
174456, 1600
174458, 1604
174460, 1607
174462, 1609
174463, 1614
174465, 1614
174467, 1618
174470, 1624
174471, 1626
174473, 1629
174475, 1632
174478, 1637
174480, 1641
174482, 1643
174483, 1648
174485, 1650
174487, 1652
174488, 1657
174490, 1658
174492, 1660
174494, 1666
174495, 1666
174497, 1669
174499, 1674
174500, 1676
174502, 1679
174504, 1683
174505, 1685
174507, 1687
174510, 1693
174512, 1695
174514, 1700
174516, 1703
174518, 1706
174520, 1710
174522, 1713
174525, 1718
174527, 1721
174529, 1726
174530, 1728
174532, 1731
174535, 1737
174536, 1737
174538, 1741
174541, 1745
174543, 1751
174546, 1754
174549, 1761
174551, 1765
174553, 1768
174555, 1771
174558, 1774
174560, 1781
174561, 1781
174563, 1785
174565, 1788
174567, 1790
174568, 1794
174570, 1796
174572, 1800
174574, 1804
174576, 1806
174578, 1811
174580, 1813
174582, 1817
174585, 1823
174587, 1825
174589, 1830
174592, 1832
174595, 1839
174597, 1841
174600, 1848
174602, 1851
174604, 1858
174606, 1858
174609, 1864
174611, 1865
174613, 1872
174616, 1875
174618, 1881
174620, 1884
174622, 1885
174623, 1889
174625, 1892
174627, 1895
174630, 1902
174633, 1906
174635, 1911
174637, 1912
174639, 1919
174641, 1920
174644, 1927
174647, 1931
174649, 1937
174651, 1938
174653, 1943
174656, 1946
174657, 1949
174659, 1953
174661, 1955
174663, 1958
174664, 1964
174666, 1966
174669, 1971
174671, 1974
174673, 1976
174674, 1980
174676, 1984
174678, 1986
174680, 1992
174682, 1993
174684, 2000
174686, 2001
174688, 2005
174690, 2011
174691, 2011
174693, 2014
174695, 2020
174697, 2022
174700, 2029
174702, 2030
174704, 2035
174706, 2036
174709, 2042
174711, 2046
174713, 2049
174716, 2056
174718, 2058
174720, 2064
174722, 2065
174724, 2068
174725, 2073
174727, 2076
174729, 2081
174732, 2083
174734, 2090
174736, 2092
174738, 2094
174741, 2100
174742, 2103
174745, 2108
174748, 2113
174750, 2118
174752, 2119
174754, 2123
174756, 2128
174758, 2131
174761, 2136
174763, 2139
174765, 2145
174767, 2147
174769, 2150
174770, 2154
174772, 2155
174775, 2163
174777, 2164
174780, 2172
174781, 2172
174783, 2177
174785, 2181
174787, 2183
174788, 2185
174790, 2191
174793, 2194
174795, 2199
174798, 2202
174799, 2207
174801, 2209
174803, 2212
174805, 2218
174807, 2219
174808, 2223
174810, 2227
174812, 2228
174814, 2232
174816, 2237
174818, 2240
174820, 2247
174822, 2248
174825, 2253
174826, 2254
174829, 2262
174831, 2264
174833, 2269
174835, 2274
174837, 2275
174839, 2277
174841, 2282
174844, 2286
174845, 2292
174847, 2293
174849, 2296
174852, 2302
174854, 2305
174856, 2310
174858, 2312
174860, 2319
174862, 2320
174864, 2324
174866, 2329
174867, 2330
174869, 2333
174871, 2338
174872, 2339
174874, 2342
174876, 2347
174877, 2349
174879, 2352
174881, 2357
174883, 2357
174885, 2366
174887, 2367
174889, 2371
174892, 2375
174894, 2378
174895, 2383
174897, 2385
174899, 2386
174901, 2393
174902, 2394
174904, 2397
174906, 2403
174908, 2404
174909, 2407
174911, 2410
174914, 2415
174916, 2420
174918, 2423
174920, 2429
174922, 2430
174924, 2435
174926, 2439
174929, 2443
174932, 2447
174934, 2451
174936, 2457
174938, 2457
174940, 2464
174942, 2465
174944, 2468
174946, 2474
174948, 2475
174951, 2482
174953, 2485
174955, 2490
174957, 2493
174960, 2498
174962, 2501
174964, 2506
174967, 2512
174969, 2514
174971, 2518
174972, 2520
174974, 2523
174976, 2528
174979, 2531
174981, 2538
174984, 2542
174986, 2545
174988, 2548
174991, 2555
174994, 2557
174997, 2563
175000, 2570
175002, 2573
175003, 2576
175005, 2580
175007, 2582
175009, 2585
175010, 2588
175012, 2591
175014, 2593
175016, 2599
175017, 2600
175019, 2604
175021, 2609
175023, 2609
175026, 2617
175029, 2619
175031, 2626
175033, 2627
175036, 2634
175037, 2636
175039, 2638
175042, 2644
175045, 2648
175047, 2655
175049, 2657
175052, 2663
175054, 2664
175056, 2671
175059, 2673
175061, 2679
175063, 2681
175066, 2689
175068, 2689
175070, 2693
175071, 2697
175074, 2702
175077, 2707
175079, 2708
175081, 2714
175084, 2719
175085, 2720
175087, 2724
175090, 2728
175092, 2733
175095, 2738
175097, 2742
175100, 2746
175101, 2749
175103, 2751
175105, 2756
175107, 2759
175108, 2761
175110, 2765
175112, 2768
175115, 2771
175116, 2777
175119, 2779
175120, 2783
175122, 2785
175124, 2789
175127, 2795
175129, 2798
175131, 2803
175134, 2805
175136, 2812
175138, 2812
175139, 2814
175142, 2821
175144, 2824
175146, 2829
175149, 2833
175152, 2839
175154, 2841
175156, 2846
175158, 2849
175160, 2853
175162, 2857
175165, 2861
175168, 2866
175170, 2869
175172, 2874
175175, 2877
175177, 2883
175179, 2884
175182, 2891
175184, 2894
175185, 2897
175187, 2899
175190, 2905
175192, 2910
175195, 2912
175197, 2918
175199, 2920
175201, 2926
175203, 2927
175205, 2932
175208, 2936
175210, 2940
175211, 2946
175214, 2948
175216, 2954
175219, 2956
175220, 2961
175222, 2964
175224, 2967
175227, 2973
175229, 2973
175230, 2978
175232, 2982
175234, 2984
175236, 2988
175237, 2990
175239, 2993
175241, 2998
175243, 3000
175245, 3005
175248, 3009
175251, 3017
175253, 3019
175255, 3022
175257, 3028
175259, 3029
175261, 3033
175263, 3037
175265, 3041
175267, 3046
175269, 3048
175271, 3053
175273, 3055
175275, 3058
175277, 3064
175279, 3066
175282, 3074
175284, 3074
175286, 3079
175288, 3082
175290, 3086
175293, 3092
175296, 3098
175298, 3101
175300, 3105
175302, 3110
175304, 3112
175306, 3118
175308, 3119
175310, 3123
175313, 3128
175315, 3131
175318, 3138
175320, 3141
175321, 3145
175323, 3146
175325, 3151
175327, 3155
175328, 3157
175330, 3159
175332, 3166
175334, 3165
175335, 3170
175337, 3175
175339, 3176
175340, 3178
175342, 3185
175344, 3185
175346, 3189
175348, 3194
175351, 3201
175353, 3203
175355, 3206
175356, 3211
175359, 3213
175361, 3218
175363, 3222
175366, 3226
175368, 3231
175370, 3233
175371, 3238
175373, 3240
175375, 3244
175378, 3249
175381, 3253
175383, 3259
175385, 3262
175387, 3267
175388, 3267
175390, 3271
175393, 3276
175396, 3282
175398, 3286
175400, 3290
175402, 3296
175404, 3298
175406, 3301
175408, 3306
175410, 3309
175412, 3315
175414, 3316
175417, 3323
175419, 3324
175421, 3327
175423, 3335
175426, 3340
175429, 3343
175432, 3350
175434, 3353
175435, 3356
175437, 3361
175439, 3361
175441, 3365
175442, 3371
175444, 3371
175447, 3378
175449, 3380
175451, 3384
175453, 3390
175454, 3391
175456, 3394
175458, 3398
175461, 3402
175463, 3407
175465, 3409
175467, 3416
175469, 3417
175471, 3420
175473, 3426
175476, 3429
175479, 3435
175481, 3439
175482, 3444
175485, 3446
175487, 3450
175488, 3452
175490, 3456
175493, 3462
175496, 3465
175498, 3472
175501, 3475
175503, 3480
175505, 3483
175508, 3490
175510, 3492
175513, 3499
175514, 3500
175516, 3503
175518, 3507
175520, 3510
175522, 3515
175524, 3517
175525, 3520
175527, 3525
175529, 3526
175531, 3528
175532, 3534
175534, 3533
175536, 3537
175537, 3542
175539, 3543
175541, 3547
175543, 3551
175544, 3553
175546, 3555
175548, 3560
175550, 3562
175551, 3565
175553, 3570
175555, 3570
175557, 3575
175558, 3579
175560, 3581
175562, 3585
175564, 3587
175566, 3590
175568, 3596
175570, 3598
175573, 3604
175575, 3607
175577, 3610
175580, 3615
175582, 3619
175584, 3622
175586, 3625
175588, 3629
175591, 3633
175593, 3639
175596, 3641
175598, 3647
175601, 3651
175603, 3655
175604, 3657
175607, 3663
175609, 3666
175612, 3671
175615, 3675
175616, 3678
175618, 3682
175620, 3682
175621, 3685
175623, 3691
175626, 3694
175628, 3700
175631, 3702
175634, 3708
175636, 3710
175637, 3715
175639, 3718
175641, 3719
175644, 3726
175647, 3730
175649, 3734
175651, 3738
175653, 3744
175656, 3746
175657, 3750
175659, 3752
175661, 3753
175663, 3759
175665, 3761
175668, 3767
175669, 3769
175671, 3772
175673, 3777
175676, 3780
175679, 3786
175680, 3788
175682, 3790
175685, 3795
175686, 3796
175688, 3801
175691, 3804
175694, 3812
175696, 3813
175699, 3820
175701, 3823
175703, 3828
175705, 3830
175707, 3832
175708, 3837
175710, 3837
175712, 3840
175713, 3846
175715, 3846
175718, 3853
175719, 3854
175721, 3858
175724, 3863
175727, 3866
175729, 3872
175730, 3873
175733, 3880
175736, 3881
175737, 3885
175739, 3889
175742, 3893
175745, 3898
175748, 3905
175751, 3908
175752, 3911
175754, 3915
175757, 3920
175760, 3925
175763, 3930
175766, 3934
175767, 3937
175769, 3943
175771, 3944
175773, 3948
175774, 3952
175776, 3953
175779, 3959
175782, 3964
175784, 3969
175786, 3970
175788, 3974
175790, 3978
175793, 3983
175796, 3988
175799, 3996
175800, 3995
175802, 3999
175804, 4004
175806, 4006
175808, 4009
175810, 4014
175812, 4017
175814, 4022
175816, 4024
175818, 4030
175820, 4031
175823, 4037
175825, 4041
175828, 4044
175830, 4050
175832, 4052
175834, 4058
175836, 4060
175839, 4067
175841, 4070
175844, 4076
175846, 4078
175847, 4081
175849, 4085
175851, 4087
175853, 4091
175855, 4095
175857, 4098
175858, 4102
175860, 4103
175862, 4106
175863, 4110
175865, 4112
175867, 4116
175869, 4122
175871, 4123
175872, 4127
175874, 4129
175876, 4132
175878, 4136
175879, 4141
175881, 4142
175883, 4147
175885, 4150
175886, 4152
175888, 4157
175891, 4161
175893, 4167
175895, 4169
175898, 4174
175901, 4179
175902, 4181
175904, 4187
175906, 4188
175909, 4195
175911, 4197
175913, 4200
175916, 4206
175918, 4211
175919, 4215
175922, 4219
175925, 4225
175927, 4226
175928, 4233
175931, 4234
175934, 4241
175935, 4244
175938, 4250
175941, 4252
175942, 4256
175944, 4262
175946, 4263
175948, 4265
175949, 4271
175951, 4272
175953, 4276
175954, 4280
175956, 4282
175958, 4285
175960, 4291
175961, 4292
175963, 4295
175965, 4301
175966, 4302
175968, 4305
175970, 4309
175972, 4311
175973, 4315
175975, 4319
175977, 4320
175979, 4327
175980, 4328
175982, 4331
175984, 4336
175986, 4337
175987, 4341
175989, 4346
175991, 4347
175992, 4351
175994, 4355
175996, 4357
175997, 4358
175999, 4364
176001, 4366
176002, 4368
176004, 4374
176006, 4375
176007, 4376
176009, 4383
176011, 4384
176012, 4386
176014, 4392
176016, 4393
176017, 4395
176019, 4401
176021, 4402
176022, 4404
176024, 4411
176026, 4412
176027, 4415
176029, 4420
176031, 4420
176033, 4424
176034, 4430
176036, 4431
176038, 4433
176040, 4440
176042, 4441
176043, 4444
176045, 4448
176047, 4451
176049, 4457
176051, 4458
176053, 4461
176055, 4467
176056, 4469
176058, 4472
176060, 4476
176062, 4477
176063, 4481
176065, 4485
176067, 4487
176068, 4490
176070, 4493
176072, 4496
176075, 4503
176077, 4505
176079, 4511
176082, 4516
176084, 4521
176086, 4522
176088, 4525
176090, 4531
176093, 4536
176095, 4540
176097, 4541
176100, 4549
176101, 4549
176103, 4553
176105, 4559
176106, 4559
176108, 4562
176110, 4567
176113, 4571
176115, 4577
176117, 4577
176119, 4584
176121, 4586
176123, 4589
176124, 4593
176127, 4595
176130, 4603
176132, 4606
176134, 4608
176135, 4611
176137, 4615
176139, 4618
176141, 4622
176144, 4626
176147, 4631
176148, 4635
176150, 4641
176152, 4641
176154, 4645
176155, 4649
176158, 4652
176161, 4658
176163, 4661
176165, 4666
176167, 4669
176169, 4673
176171, 4676
176172, 4679
176175, 4685
176177, 4687
176180, 4694
176183, 4696
176184, 4701
176186, 4703
176188, 4706
176191, 4712
176193, 4714
176195, 4721
176196, 4721
176198, 4725
176200, 4730
176202, 4731
176203, 4733
176205, 4739
176207, 4739
176209, 4743
176211, 4749
176214, 4755
176217, 4758
176218, 4760
176220, 4766
176222, 4767
176224, 4770
176227, 4775
176228, 4778
176231, 4782
176233, 4786
176235, 4791
176237, 4792
176238, 4795
176241, 4801
176244, 4807
176246, 4810
176248, 4812
176250, 4818
176252, 4820
176254, 4826
176257, 4829
176260, 4835
176262, 4837
176264, 4842
176267, 4847
176269, 4849
176270, 4855
176272, 4854
176275, 4862
176277, 4863
176279, 4869
176282, 4872
176284, 4875
176285, 4880
176287, 4881
176289, 4885
176290, 4890
176292, 4889
176294, 4893
176295, 4898
176297, 4900
176299, 4903
176300, 4907
176302, 4908
176304, 4910
176305, 4917
176307, 4916
176309, 4920
176310, 4924
176312, 4926
176314, 4929
176315, 4933
176317, 4934
176319, 4937
176320, 4944
176322, 4944
176324, 4946
176325, 4953
176327, 4952
176329, 4956
176330, 4959
176332, 4961
176334, 4965
176335, 4969
176337, 4970
176339, 4973
176340, 4979
176342, 4978
176344, 4982
176346, 4987
176348, 4989
176350, 4994
176351, 4995
176353, 4997
176355, 5004
176357, 5005
176359, 5009
176360, 5015
176362, 5015
176364, 5019
176366, 5024
176368, 5025
176369, 5028
176371, 5032
176373, 5035
176375, 5039
176377, 5042
176379, 5044
176381, 5050
176383, 5050
176384, 5054
176386, 5059
176388, 5061
176390, 5064
176391, 5068
176393, 5072
176395, 5075
176397, 5078
176400, 5084
176402, 5087
176403, 5088
176405, 5095
176407, 5096
176410, 5103
176413, 5106
176416, 5114
176418, 5114
176420, 5119
176421, 5123
176423, 5124
176425, 5129
176426, 5131
176428, 5134
176430, 5138
176431, 5140
176433, 5142
176435, 5147
176437, 5149
176438, 5152
176441, 5160
176444, 5163
176447, 5169
176450, 5174
176451, 5177
176453, 5179
176455, 5184
176458, 5189
176461, 5195
176463, 5199
176465, 5205
176468, 5207
176469, 5210
176471, 5214
176474, 5218
176477, 5223
176480, 5228
176482, 5234
176483, 5235
176485, 5240
176487, 5242
176489, 5246
176490, 5249
176493, 5253
176497, 5262
176498, 5262
176500, 5268
176502, 5271
176504, 5273
176505, 5278
176508, 5281
176511, 5289
176513, 5291
176515, 5294
176517, 5299
176518, 5300
176520, 5306
176523, 5308
176526, 5316
176528, 5316
176529, 5320
176531, 5326
176533, 5327
176534, 5330
176536, 5335
176538, 5336
176539, 5339
176541, 5345
176543, 5346
176545, 5349
176546, 5354
176549, 5356
176551, 5362
176552, 5363
176555, 5367
176557, 5372
176559, 5376
176561, 5381
176564, 5384
176566, 5391
176568, 5391
176569, 5393
176572, 5402
176574, 5403
176577, 5410
176578, 5411
176580, 5416
176582, 5418
176584, 5421
176585, 5426
176588, 5429
176590, 5433
176592, 5437
176595, 5443
176597, 5447
176599, 5450
176601, 5455
176603, 5456
176605, 5459
176608, 5465
176610, 5471
176612, 5474
176614, 5478
176616, 5482
176618, 5483
176620, 5487
176621, 5492
176624, 5494
176627, 5501
176629, 5503
176631, 5509
176633, 5510
176634, 5512
176636, 5517
176639, 5521
176641, 5526
176642, 5529
176644, 5530
176646, 5535
176647, 5537
176649, 5538
176651, 5544
176653, 5546
176654, 5547
176656, 5553
176658, 5555
176661, 5560
176663, 5563
176665, 5566
176666, 5571
176668, 5572
176670, 5576
176671, 5580
176673, 5582
176675, 5585
176678, 5592
176680, 5595
176683, 5598
176685, 5601
176686, 5606
176688, 5608
176690, 5609
176692, 5616
176694, 5619
176697, 5625
176699, 5626
176701, 5631
176702, 5634
176704, 5635
176707, 5642
176710, 5645
176712, 5650
176713, 5652
176716, 5657
176718, 5659
176720, 5662
176721, 5667
176723, 5668
176725, 5671
176726, 5675
176729, 5678
176732, 5685
176734, 5685
176736, 5690
176737, 5695
176740, 5697
176742, 5702
176745, 5703
176748, 5711
176750, 5711
176751, 5716
176753, 5720
176755, 5721
176757, 5726
176758, 5728
176760, 5730
176762, 5735
176763, 5735
176765, 5737
176767, 5742
176768, 5744
176770, 5746
176772, 5751
176774, 5752
176776, 5759
176778, 5760
176781, 5765
176782, 5770
176784, 5769
176786, 5775
176788, 5777
176790, 5780
176793, 5786
176795, 5787
176797, 5793
176798, 5794
176801, 5798
176803, 5802
176804, 5804
176807, 5810
176810, 5811
176812, 5819
176814, 5820
176816, 5823
176818, 5828
176819, 5829
176822, 5835
176824, 5837
176827, 5844
176829, 5844
176831, 5848
176832, 5853
176834, 5854
176836, 5856
176838, 5862
176840, 5865
176843, 5869
176845, 5871
176846, 5876
176848, 5878
176850, 5880
176853, 5887
176855, 5888
176857, 5895
176860, 5896
176862, 5903
176864, 5903
176866, 5907
176867, 5912
176869, 5912
176871, 5915
176872, 5919
176874, 5920
176876, 5923
176877, 5929
176879, 5929
176881, 5931
176882, 5935
176884, 5936
176886, 5940
176888, 5945
176889, 5946
176891, 5950
176893, 5953
176895, 5955
176898, 5961
176900, 5964
176902, 5968
176905, 5972
176908, 5977
176909, 5978
176911, 5982
176913, 5988
176915, 5988
176917, 5993
176918, 5995
176921, 6001
176924, 6005
176926, 6007
176928, 6012
176930, 6015
176932, 6020
176934, 6022
176937, 6026
176940, 6030
176941, 6034
176943, 6039
176945, 6040
176947, 6045
176949, 6046
176951, 6049
176954, 6054
176957, 6061
176958, 6064
176960, 6066
176963, 6072
176965, 6073
176966, 6074
176968, 6081
176970, 6082
176971, 6085
176973, 6089
176975, 6091
176976, 6093
176978, 6099
176980, 6099
176981, 6103
176983, 6109
176985, 6109
176986, 6113
176988, 6116
176990, 6118
176992, 6121
176993, 6125
176995, 6127
176997, 6131
176999, 6134
177000, 6136
177002, 6141
177004, 6142
177005, 6145
177007, 6149
177009, 6151
177010, 6154
177012, 6158
177014, 6160
177016, 6163
177018, 6169
177019, 6169
177021, 6172
177023, 6178
177024, 6178
177026, 6180
177028, 6187
177029, 6187
177031, 6190
177033, 6195
177035, 6196
177036, 6197
177038, 6203
177040, 6201
177041, 6198
177043, 6193
177045, 6193
177047, 6189
177049, 6186
177050, 6183
177052, 6179
177054, 6176
177056, 6176
177058, 6169
177059, 6168
177061, 6166
177063, 6159
177065, 6159
177067, 6155
177069, 6151
177070, 6150
177072, 6146
177074, 6144
177076, 6139
177078, 6135
177079, 6134
177081, 6132
177083, 6126
177085, 6125
177087, 6121
177089, 6117
177090, 6114
177092, 6113
177094, 6109
177096, 6107
177098, 6101
177099, 6101
177101, 6097
177103, 6092
177105, 6092
177106, 6088
177108, 6084
177110, 6083
177111, 6080
177113, 6074
177115, 6073
177117, 6069
177119, 6067
177121, 6064
177123, 6058
177125, 6056
177128, 6049
177131, 6046
177133, 6041
177135, 6041
177138, 6034
177140, 6032
177142, 6029
177145, 6024
177147, 6020
177149, 6017
177151, 6015
177154, 6008
177157, 6006
177158, 6000
177161, 5997
177163, 5991
177165, 5992
177167, 5987
177169, 5983
177170, 5983
177172, 5978
177174, 5976
177176, 5974
177179, 5968
177182, 5964
