9464, 2105, -5
9468, 2105, -6
9471, 2105, -11
9475, 2104, -26
9478, 2104, -47
9482, 2103, -83
9485, 2101, -132
9488, 2098, -195
9491, 2094, -273
9495, 2091, -363
9498, 2087, -456
9501, 2082, -559
9504, 2079, -666
9508, 2075, -776
9511, 2070, -896
9514, 2066, -1015
9517, 2062, -1144
9520, 2058, -1270
9523, 2054, -1401
9527, 2050, -1541
9530, 2045, -1684
9533, 2041, -1820
9536, 2038, -1957
9540, 2034, -2097
9543, 2031, -2236
9546, 2028, -2376
9549, 2024, -2547
9553, 2021, -2678
9556, 2017, -2815
9559, 2015, -2941
9562, 2011, -3075
9565, 2008, -3208
9569, 2005, -3335
9572, 2002, -3470
9575, 2000, -3593
9578, 1997, -3718
9581, 1995, -3845
9584, 1992, -3957
9587, 1990, -4072
9591, 1987, -4189
9594, 1985, -4296
9597, 1983, -4395
9600, 1981, -4515
9603, 1979, -4618
9606, 1977, -4712
9610, 1975, -4812
9613, 1972, -4918
9616, 1970, -5008
9620, 1968, -5089
9623, 1966, -5178
9626, 1964, -5260
9629, 1963, -5332
9632, 1961, -5401
9635, 1959, -5487
9638, 1957, -5562
9642, 1956, -5627
9645, 1954, -5686
9648, 1952, -5751
9651, 1951, -5823
9654, 1950, -5886
9657, 1948, -5939
9660, 1947, -5988
9664, 1946, -6041
9667, 1945, -6102
9670, 1943, -6163
9673, 1942, -6212
9676, 1940, -6255
9679, 1939, -6295
9683, 1938, -6341
9686, 1937, -6400
9689, 1935, -6451
9693, 1934, -6509
9697, 1933, -6550
9701, 1932, -6597
9705, 1931, -6651
9710, 1930, -6706
9714, 1929, -6745
9717, 1927, -6790
9721, 1926, -6827
9726, 1925, -6867
9730, 1925, -6899
9734, 1923, -6952
9738, 1922, -6991
9742, 1921, -7032
9747, 1919, -7058
9750, 1918, -7086
9755, 1918, -7115
9759, 1917, -7142
9763, 1916, -7168
9766, 1916, -7198
9769, 1915, -7228
9772, 1914, -7252
9776, 1913, -7274
9779, 1912, -7293
9782, 1912, -7309
9786, 1912, -7322
9789, 1912, -7339
9793, 1911, -7355
9797, 1911, -7371
9800, 1911, -7388
9803, 1910, -7408
9806, 1909, -7436
9811, 1908, -7465
9815, 1907, -7488
9819, 1906, -7511
9822, 1905, -7529
9827, 1905, -7541
9830, 1905, -7550
9833, 1906, -7558
9837, 1905, -7567
9840, 1906, -7576
9845, 1905, -7584
9848, 1905, -7593
9852, 1905, -7608
9856, 1904, -7628
9861, 1903, -7649
9865, 1902, -7669
9869, 1901, -7690
9873, 1900, -7709
9876, 1900, -7725
9879, 1899, -7738
9882, 1899, -7748
9886, 1898, -7756
9889, 1898, -7765
9892, 1898, -7770
9896, 1899, -7776
9899, 1898, -7781
9902, 1898, -7785
9906, 1898, -7788
9909, 1898, -7791
9913, 1898, -7793
9917, 1898, -7795
9921, 1898, -7798
9924, 1898, -7801
9929, 1898, -7804
9933, 1897, -7807
9936, 1897, -7810
9939, 1897, -7814
9942, 1897, -7819
9946, 1897, -7824
9949, 1897, -7829
9952, 1897, -7835
9955, 1897, -7842
9958, 1896, -7850
9961, 1895, -7857
9964, 1895, -7865
9967, 1895, -7874
9970, 1894, -7882
9973, 1894, -7890
9976, 1894, -7899
9980, 1894, -7907
9983, 1893, -7915
9986, 1893, -7923
9989, 1893, -7931
9992, 1893, -7938
9995, 1892, -7945
9999, 1892, -7952
10002, 1892, -7959
10005, 1892, -7966
10008, 1892, -7973
10012, 1892, -7982
10016, 1892, -7987
10019, 1892, -7990
10023, 1891, -7994
10026, 1891, -7998
10030, 1891, -8000
10033, 1891, -8000
10037, 1891, -8002
10041, 1891, -8002
10044, 1892, -8004
10049, 1892, -8004
10052, 1892, -8004
10056, 1892, -8005
10060, 1892, -8005
10063, 1892, -8005
10066, 1892, -8006
10070, 1892, -8006
10074, 1892, -8006
10077, 1891, -8006
10080, 1891, -8006
10083, 1891, -8007
10087, 1891, -8007
10090, 1890, -8006
10093, 1891, -8006
10097, 1891, -8007
10100, 1891, -8008
10103, 1891, -8008
10106, 1892, -8008
10109, 1891, -8008
10113, 1891, -8008
10117, 1891, -8007
10121, 1891, -8008
10124, 1891, -8009
10128, 1891, -8009
10132, 1891, -8009
10136, 1891, -8009
10139, 1891, -8009
10143, 1890, -8009
10147, 1891, -8009
10151, 1891, -8009
10155, 1891, -8009
10159, 1891, -8009
10163, 1891, -8009
10168, 1891, -8009
10171, 1891, -8009
10175, 1892, -8010
10179, 1891, -8011
10184, 1892, -8011
10187, 1892, -8012
10191, 1891, -8012
10196, 1891, -8013
10200, 1891, -8013
10203, 1891, -8013
10207, 1891, -8012
10210, 1891, -8012
10213, 1891, -8012
10216, 1891, -8013
10219, 1891, -8013
10223, 1891, -8013
10226, 1891, -8015
10230, 1891, -8016
10234, 1891, -8016
10237, 1891, -8016
10241, 1891, -8017
10245, 1891, -8018
10250, 1891, -8019
10253, 1891, -8020
10256, 1891, -8020
10261, 1890, -8022
10265, 1890, -8023
10269, 1890, -8025
10272, 1891, -8025
10277, 1891, -8026
10281, 1891, -8026
10285, 1891, -8028
10289, 1891, -8029
10293, 1891, -8032
10297, 1890, -8033
10301, 1890, -8035
10305, 1890, -8037
10309, 1890, -8037
10313, 1890, -8039
10316, 1890, -8040
10320, 1890, -8041
10323, 1890, -8042
10326, 1890, -8044
10329, 1890, -8045
10333, 1890, -8046
10336, 1890, -8046
10339, 1890, -8047
10342, 1890, -8049
10347, 1890, -8050
10351, 1889, -8051
10354, 1889, -1
10358, 1890, -3
10362, 1889, -5
10365, 1889, -6
10368, 1889, -6
10372, 1889, -8
10376, 1889, -9
10379, 1889, -10
10384, 1889, -10
10388, 1889, -10
10392, 1889, -10
10395, 1889, -11
10399, 1889, -11
10404, 1889, -11
10409, 1889, -11
10412, 1890, -11
10417, 1890, -12
10421, 1890, -12
10426, 1889, -12
10429, 1889, -12
10432, 1889, -12
10436, 1889, -12
10439, 1889, -11
10442, 1889, -11
10445, 1889, -11
10449, 1889, -11
10452, 1889, -10
10455, 1889, -10
10458, 1889, -10
10462, 1889, -11
10465, 1889, -11
10469, 1889, -11
10472, 1889, -11
10475, 1889, -11
10478, 1889, -10
10481, 1889, -10
10485, 1889, -10
10488, 1890, -10
10492, 1890, -10
10496, 1890, -11
10501, 1890, -11
10505, 1889, -12
10510, 1889, -12
10514, 1889, -12
10517, 1889, -12
10521, 1889, -13
10524, 1889, -13
10528, 1889, -13
10531, 1889, -13
10534, 1889, -13
10537, 1889, -13
10541, 1889, -13
10544, 1889, -13
10548, 1889, -13
10552, 1889, -13
10555, 1889, -13
10558, 1889, -14
10561, 1889, -13
10564, 1889, -13
10567, 1889, -13
10571, 1889, -14
10574, 1890, -14
10577, 1890, -14
10580, 1890, -15
10583, 1890, -15
10586, 1889, -15
10590, 1889, -15
10594, 1889, -16
10597, 1889, -16
10600, 1889, -16
10603, 1889, -16
10607, 1889, -16
10610, 1889, -15
10613, 1890, -15
10616, 1889, -15
10619, 1889, -15
10623, 1889, -16
10626, 1889, -16
10629, 1889, -16
10632, 1889, -17
10636, 1889, -17
10639, 1889, -17
10642, 1889, -17
10645, 1889, -17
10649, 1889, -18
10652, 1889, -18
10655, 1889, -18
10659, 1889, -18
10663, 1889, -18
10666, 1889, -18
10669, 1890, -18
10672, 1889, -19
10676, 1889, -19
10679, 1889, -20
10682, 1889, -20
10686, 1889, -20
10689, 1888, -21
10693, 1888, -23
10696, 1889, -24
10700, 1888, -25
10704, 1888, -27
10708, 1889, -28
10712, 1888, -30
10717, 1888, -32
10720, 1888, -34
10725, 1888, -35
10728, 1888, -38
10732, 1888, -39
10735, 1888, -42
10740, 1888, -44
10744, 1887, -47
10747, 1888, -50
10750, 1888, -53
10754, 1888, -57
10757, 1887, -61
10760, 1888, -66
10764, 1888, -72
10767, 1888, -76
10770, 1887, -82
10774, 1887, -90
10777, 1887, -99
10780, 1886, -110
10785, 1885, -123
10788, 1885, -140
10792, 1884, -153
10796, 1883, -168
10799, 1882, -180
10802, 1882, -192
10806, 1882, -199
10809, 1882, -207
10813, 1882, -215
10818, 1882, -218
10821, 1881, -220
10825, 1881, -222
10829, 1882, -223
10834, 1882, -221
10837, 1882, -219
10841, 1882, -215
10844, 1882, -211
10849, 1882, -209
10852, 1882, -207
10856, 1882, -204
10860, 1882, -201
10863, 1882, -198
10866, 1882, -194
10870, 1883, -191
10873, 1882, -187
10876, 1883, -181
10879, 1883, -174
10883, 1883, -165
10886, 1883, -154
10889, 1884, -141
10892, 1885, -126
10895, 1886, -110
10899, 1887, -97
10902, 1887, -88
10905, 1887, -76
10910, 1887, -69
10913, 1887, -63
10917, 1887, -58
10921, 1887, -55
10925, 1887, -51
10929, 1887, -48
10933, 1887, -46
10936, 1887, -44
10940, 1887, -41
10945, 1887, -39
10949, 1887, -37
10952, 1887, -35
10957, 1887, -35
10961, 1887, -33
10965, 1887, -33
10968, 1887, -32
10971, 1887, -30
10974, 1887, -29
10978, 1887, -27
10981, 1887, -26
10985, 1887, -25
10988, 1887, -24
10991, 1887, -22
10996, 1887, -21
10999, 1887, -21
11002, 1887, -19
11006, 1887, -16
11010, 1887, -15
11014, 1888, -13
11017, 1888, -12
11020, 1888, -11
11025, 1888, -10
11029, 1888, -8
11032, 1888, -7
11036, 1888, -6
11041, 1888, -5
11045, 1888, -4
11048, 1888, -3
11052, 1888, -1
11056, 1888, 0
13071, 1888, 30
13074, 1888, 30
13078, 1889, 23
13081, 1888, -1
13085, 1887, -43
13089, 1885, -101
13092, 1882, -176
13096, 1877, -266
13099, 1873, -364
13103, 1868, -467
13107, 1863, -580
13111, 1858, -684
13114, 1854, -784
13117, 1849, -883
13120, 1846, -980
13123, 1841, -1079
13126, 1837, -1174
13130, 1833, -1277
13133, 1830, -1377
13136, 1826, -1477
13140, 1822, -1571
13143, 1818, -1667
13146, 1815, -1752
13149, 1811, -1841
13152, 1808, -1919
13156, 1804, -2004
13159, 1802, -2082
13162, 1798, -2160
13165, 1796, -2233
13168, 1793, -2301
13171, 1791, -2373
13174, 1788, -2441
13178, 1786, -2505
13181, 1783, -2573
13184, 1781, -2632
13187, 1779, -2694
13190, 1776, -2756
13193, 1774, -2810
13197, 1772, -2867
13200, 1769, -2926
13203, 1767, -2980
13206, 1765, -3033
13210, 1763, -3091
13213, 1761, -3140
13216, 1759, -3184
13219, 1756, -3236
13222, 1754, -3285
13226, 1752, -3327
13229, 1750, -3368
13232, 1748, -3414
13235, 1746, -3455
13238, 1745, -3492
13241, 1744, -3527
13244, 1742, -3566
13248, 1741, -3609
13251, 1739, -3645
13254, 1738, -3676
13257, 1736, -3707
13260, 1734, -3743
13264, 1733, -3781
13267, 1732, -3810
13270, 1730, -3838
13273, 1728, -3865
13276, 1727, -3895
13279, 1726, -3929
13283, 1725, -3958
13286, 1724, -3982
13289, 1723, -4004
13292, 1722, -4026
13296, 1721, -4054
13299, 1719, -4090
13302, 1718, -4117
13305, 1717, -4140
13309, 1716, -4161
13312, 1716, -4181
13315, 1715, -4203
13318, 1714, -4228
13322, 1712, -4255
13325, 1711, -4285
13329, 1710, -4305
13333, 1708, -4321
13336, 1708, -4338
13340, 1708, -4362
13344, 1707, -4388
13348, 1705, -4414
13351, 1704, -4443
13356, 1703, -4467
13360, 1702, -4482
13364, 1701, -4494
13367, 1701, -4507
13371, 1701, -4524
13375, 1700, -4541
13379, 1699, -4559
13383, 1698, -4580
13386, 1697, -4596
13389, 1696, -4610
13393, 1695, -4622
13396, 1695, -4632
13399, 1695, -4640
13403, 1694, -4647
13406, 1694, -4654
13409, 1694, -4664
13414, 1694, -4676
13417, 1694, -4689
13421, 1693, -4708
13425, 1692, -4730
13430, 1691, -4747
13433, 1689, -4760
13436, 1689, -4771
13439, 1688, -4779
13442, 1688, -4787
13446, 1688, -4793
13449, 1688, -4799
13453, 1688, -4805
13456, 1688, -4809
13460, 1688, -4812
13463, 1688, -4816
13466, 1688, -4820
13469, 1688, -4825
13473, 1687, -4831
13476, 1687, -4838
13479, 1687, -4845
13483, 1686, -4857
13487, 1685, -4869
13491, 1685, -4882
13495, 1684, -4895
13498, 1683, -4907
13501, 1682, -4916
13505, 1682, -4923
13508, 1681, -4929
13511, 1681, -4934
13514, 1681, -4939
13517, 1681, -4942
13521, 1681, -4945
13524, 1681, -4948
13527, 1681, -4951
13530, 1681, -4951
13533, 1681, -4953
13537, 1681, -4955
13540, 1681, -4956
13543, 1681, -4957
13546, 1681, -4959
13550, 1681, -4960
13553, 1681, -4962
13556, 1681, -4964
13560, 1681, -4965
13563, 1681, -4967
13566, 1681, -4970
13570, 1681, -4973
13573, 1681, -4977
13576, 1680, -4982
13579, 1680, -4987
13583, 1680, -4994
13587, 1680, -4999
13590, 1679, -5006
13595, 1679, -5013
13599, 1678, -5021
13603, 1678, -5027
13606, 1678, -5032
13610, 1677, -5037
13613, 1677, -5044
13616, 1677, -5049
13619, 1677, -5054
13623, 1677, -5058
13626, 1676, -5063
13629, 1676, -5069
13633, 1675, -5073
13637, 1675, -5077
13640, 1674, -5081
13643, 1675, -5087
13648, 1674, -5090
13651, 1674, -5094
13654, 1674, -5097
13659, 1674, -5101
13663, 1674, -5103
13667, 1674, -5105
13670, 1674, -5107
13675, 1674, -5107
13678, 1674, -5107
13681, 1674, -5106
13686, 1674, -5106
13690, 1674, -5106
13695, 1674, -5106
13699, 1674, -5106
13702, 1674, -5107
13707, 1674, -5107
13711, 1674, -5107
13715, 1674, -5107
13718, 1674, -5106
13721, 1674, -5107
13725, 1674, -5107
13728, 1674, -5107
13731, 1674, -5106
13735, 1674, -5106
13738, 1674, -5106
13741, 1674, -5105
13746, 1674, -5105
13749, 1674, -5106
13752, 1674, -5107
13757, 1674, -5107
13761, 1674, -5107
13765, 1674, -5107
13768, 1674, -5107
13771, 1674, -5106
13775, 1674, -5106
13778, 1674, -5106
13781, 1674, -5105
13784, 1674, -5105
13787, 1674, -5105
13790, 1674, -5105
13793, 1674, -5105
13797, 1674, -5105
13800, 1674, -5105
13803, 1674, -5105
13806, 1674, -5105
13809, 1674, -5105
13812, 1674, -5105
13816, 1673, -5105
13820, 1673, 0
13825, 1674, 0
13828, 1673, 0
13831, 1674, -1
13835, 1674, -1
13838, 1674, -1
13841, 1674, -1
13844, 1674, -1
13848, 1674, -1
13851, 1674, -2
13855, 1674, -2
13859, 1674, -2
13863, 1674, -2
13867, 1674, -2
13871, 1674, -2
13875, 1674, -2
13878, 1673, -2
13882, 1673, -3
13887, 1673, -3
13891, 1673, -3
13895, 1673, -3
13899, 1674, -4
13903, 1674, -4
13907, 1674, -4
13912, 1674, -3
13916, 1674, -4
13920, 1674, -6
13924, 1674, -6
13928, 1674, -7
13932, 1674, -6
13937, 1674, -6
13940, 1674, -6
13943, 1674, -6
13946, 1674, -7
13950, 1674, -9
13953, 1674, -9
13956, 1674, -9
13960, 1674, -9
13963, 1674, -9
13967, 1674, -9
13970, 1674, -9
13973, 1674, -10
13978, 1673, -10
13982, 1673, -11
13985, 1673, -12
13989, 1673, -13
13993, 1673, -14
13998, 1673, -14
14002, 1673, -15
14005, 1673, -15
14009, 1673, -17
14014, 1673, -17
14017, 1673, -18
14021, 1673, -19
14025, 1673, -20
14030, 1673, -23
14033, 1673, -24
14037, 1673, -24
14040, 1673, -24
14043, 1673, -24
14047, 1673, -25
14050, 1673, -27
14053, 1673, -28
14056, 1673, -28
14060, 1673, -30
16074, 1673, -49
16078, 1672, -48
16081, 1672, -54
16085, 1671, -71
16089, 1669, -101
16093, 1667, -134
16096, 1664, -183
16100, 1659, -247
16104, 1655, -314
16107, 1651, -392
16111, 1645, -461
16115, 1641, -540
16118, 1637, -614
16121, 1632, -687
16125, 1628, -760
16128, 1624, -836
16131, 1620, -909
16134, 1616, -986
16137, 1612, -1062
16141, 1608, -1139
16144, 1605, -1213
16147, 1601, -1289
16151, 1597, -1371
16154, 1594, -1445
16157, 1591, -1513
16160, 1588, -1587
16164, 1585, -1666
16167, 1581, -1736
16171, 1579, -1825
16175, 1575, -1916
16180, 1572, -1987
16183, 1568, -2052
16186, 1565, -2130
16191, 1561, -2196
16194, 1558, -2277
16199, 1555, -2340
16203, 1552, -2418
16207, 1550, -2471
16211, 1547, -2549
16215, 1544, -2617
16220, 1541, -2665
16223, 1538, -2719
16226, 1535, -2770
16230, 1533, -2813
16233, 1531, -2859
16236, 1528, -2905
16239, 1527, -2945
16242, 1526, -2982
16246, 1524, -3028
16250, 1521, -3074
16253, 1520, -3116
16256, 1518, -3161
16261, 1516, -3208
16265, 1514, -3249
16269, 1513, -3286
16272, 1512, -3328
16277, 1511, -3370
16281, 1509, -3407
16285, 1508, -3444
16288, 1506, -3483
16292, 1505, -3516
16297, 1504, -3546
16301, 1502, -3591
16305, 1500, -3636
16310, 1499, -3671
16314, 1497, -3693
16318, 1495, -3716
16321, 1494, -3748
16326, 1493, -3787
16330, 1492, -3813
16333, 1491, -3835
16337, 1490, -3853
16340, 1489, -3869
16343, 1489, -3886
16347, 1489, -3904
16350, 1488, -3925
16353, 1487, -3949
16357, 1485, -3985
16361, 1484, -4011
16365, 1483, -4027
16369, 1482, -4040
16372, 1482, -4056
16376, 1482, -4072
16381, 1482, -4084
16384, 1481, -4099
16388, 1481, -4124
16393, 1479, -4160
16398, 1478, -4180
16401, 1477, -4197
16405, 1476, -4215
16409, 1475, -4229
16414, 1475, -4239
16418, 1475, -4252
16422, 1474, -4264
16427, 1474, -4274
16430, 1474, -4285
16434, 1473, -4301
16438, 1472, -4319
16443, 1471, -4334
16446, 1470, -4350
16449, 1469, -4364
16452, 1468, -4375
16456, 1468, -4384
16459, 1468, -4391
16462, 1468, -4399
16466, 1468, -4403
16469, 1468, -4407
16472, 1468, -4411
16476, 1468, -4414
16479, 1468, -4416
16483, 1468, -4420
16486, 1468, -4423
16489, 1467, -4426
16492, 1467, -4431
16496, 1467, -4435
16499, 1467, -4440
16502, 1466, -4447
16506, 1466, -4455
16509, 1466, -4465
16513, 1465, -4474
16517, 1465, -4487
16521, 1465, -4498
16525, 1464, -4508
16528, 1463, -4520
16531, 1463, -4532
16535, 1463, -4546
16539, 1462, -4560
16544, 1462, -4570
16548, 1462, -4579
16553, 1461, -4584
16556, 1461, -4588
16560, 1461, -4591
16563, 1461, -4593
16566, 1461, -4595
16569, 1461, -4598
16572, 1460, -4600
16576, 1460, -4601
16579, 1460, -4602
16582, 1460, -4603
16585, 1460, -4604
16588, 1460, -4605
16592, 1460, -4605
16595, 1461, -4606
16598, 1461, -4606
16601, 1461, -4606
16605, 1461, -4607
16608, 1461, -4607
16611, 1461, -4607
16615, 1461, -4608
16618, 1461, -4609
16621, 1461, -4609
16624, 1461, -4609
16628, 1461, -4610
16631, 1461, -4610
16634, 1461, -4610
16637, 1461, -4611
16640, 1461, -4612
16643, 1461, -4613
16646, 1460, -4614
16650, 1460, -4615
16653, 1460, -4617
16656, 1460, -4618
16659, 1460, -4620
16662, 1460, -4621
16665, 1460, -4623
16668, 1460, -4625
16672, 1460, -4628
16675, 1460, -4629
16678, 1460, -4631
16681, 1459, -4634
16684, 1459, -4635
16688, 1459, -4638
16691, 1459, -4640
16694, 1459, -4643
16698, 1459, -4645
16701, 1459, -4648
16705, 1459, -4651
16709, 1459, -4656
16713, 1459, -4659
16717, 1459, -4662
16721, 1458, -4666
16725, 1458, -4671
16730, 1458, -4674
16734, 1457, -4678
16738, 1457, -4682
16742, 1457, -4685
16747, 1457, -4689
16751, 1457, -4692
16755, 1457, -4694
16760, 1457, -4696
16763, 1457, -4698
16766, 1457, -4699
16770, 1457, -4701
16774, 1457, -4702
16778, 1457, -4705
16782, 1457, -4706
16785, 1457, -4708
16788, 1457, -4710
16792, 1457, -4713
16795, 1457, -4714
16798, 1457, -4716
16801, 1457, -4718
16805, 1457, -4719
16809, 1457, -4720
16812, 1457, -4722
16815, 1456, -4722
16819, 1456, -1
16822, 1456, -1
16825, 1456, 0
16828, 1456, 0
16831, 1456, 1
16834, 1456, 1
16838, 1456, 1
16841, 1456, 1
16844, 1456, 1
16847, 1456, 1
16850, 1456, 1
16853, 1456, 1
16856, 1456, 1
16859, 1456, 1
16862, 1456, 1
16865, 1456, 2
16868, 1456, 2
16871, 1456, 2
16874, 1456, 2
16877, 1456, 2
16880, 1457, 2
16883, 1457, 2
16886, 1457, 1
16889, 1457, 0
16892, 1457, -1
16895, 1457, -2
16898, 1457, -3
16901, 1456, -4
16905, 1456, -4
16909, 1456, -6
16913, 1455, -7
16916, 1455, -7
16919, 1455, -7
16923, 1455, -8
16926, 1456, -9
16929, 1456, -10
16932, 1456, -12
16935, 1456, -13
16938, 1456, -15
16942, 1456, -17
16945, 1455, -20
16948, 1455, -23
16951, 1455, -26
16955, 1454, -29
16958, 1454, -32
16961, 1454, -36
16964, 1454, -39
16967, 1454, -42
16971, 1454, -44
16974, 1454, -46
16977, 1454, -47
16980, 1454, -49
16983, 1454, -51
18996, 1454, -77
19000, 1454, -78
19003, 1453, -88
19007, 1452, -115
19011, 1450, -156
19014, 1446, -215
19018, 1442, -288
19021, 1438, -370
19025, 1433, -463
19029, 1428, -548
19032, 1424, -651
19036, 1419, -758
19040, 1415, -880
19044, 1409, -989
19047, 1406, -1099
19051, 1401, -1220
19054, 1396, -1340
19058, 1392, -1457
19062, 1388, -1586
19066, 1384, -1687
19069, 1380, -1790
19072, 1377, -1886
19075, 1373, -1987
19078, 1370, -2080
19082, 1367, -2176
19085, 1364, -2270
19088, 1361, -2355
19091, 1358, -2447
19094, 1356, -2533
19097, 1353, -2615
19100, 1351, -2702
19104, 1348, -2782
19107, 1346, -2858
19110, 1344, -2938
19113, 1341, -3009
19116, 1339, -3080
19119, 1337, -3158
19123, 1334, -3225
19126, 1332, -3288
19129, 1329, -3381
19133, 1327, -3444
19137, 1325, -3520
19141, 1322, -3586
19144, 1320, -3661
19149, 1318, -3715
19152, 1316, -3770
19155, 1314, -3843
19160, 1312, -3904
19164, 1310, -3954
19167, 1307, -4025
19172, 1305, -4081
19177, 1303, -4138
19181, 1301, -4203
19186, 1299, -4256
19190, 1298, -4302
19194, 1296, -4337
19198, 1294, -4378
19201, 1292, -4415
19204, 1291, -4448
19207, 1290, -4476
19211, 1289, -4503
19214, 1288, -4532
19217, 1287, -4568
19221, 1285, -4612
19225, 1284, -4638
19228, 1283, -4664
19232, 1282, -4686
19236, 1281, -4722
19240, 1280, -4763
19244, 1278, -4793
19248, 1277, -4814
19252, 1276, -4841
19256, 1275, -4864
19260, 1275, -4884
19264, 1274, -4905
19267, 1273, -4940
19272, 1271, -4969
19276, 1270, -4989
19280, 1269, -5004
19284, 1268, -5021
19288, 1268, -5038
19292, 1268, -5054
19296, 1267, -5072
19300, 1266, -5102
19304, 1265, -5128
19309, 1264, -5144
19312, 1263, -5157
19315, 1262, -5167
19319, 1262, -5175
19322, 1261, -5182
19325, 1261, -5189
19328, 1261, -5198
19332, 1261, -5208
19335, 1260, -5218
19338, 1259, -5231
19341, 1259, -5245
19345, 1257, -5266
19349, 1257, -5282
19352, 1256, -5299
19356, 1255, -5310
19359, 1254, -5323
19364, 1254, -5330
19367, 1254, -5336
19371, 1254, -5341
19374, 1254, -5347
19379, 1254, -5352
19382, 1254, -5357
19387, 1254, -5362
19390, 1254, -5368
19395, 1254, -5375
19399, 1253, -5385
19403, 1253, -5395
19407, 1252, -5408
19412, 1251, -5421
19416, 1251, -5438
19421, 1250, -5450
19424, 1249, -5459
19427, 1249, -5466
19430, 1249, -5473
19433, 1248, -5478
19437, 1248, -5482
19440, 1248, -5487
19445, 1248, -5490
19449, 1248, -5493
19453, 1248, -5495
19456, 1248, -5497
19460, 1248, -5499
19465, 1248, -5500
19468, 1248, -5502
19472, 1248, -5503
19476, 1248, -5505
19481, 1248, -5506
19485, 1248, -5508
19488, 1248, -5510
19492, 1248, -5514
19497, 1248, -5517
19500, 1248, -5521
19504, 1247, -5527
19508, 1247, -5532
19513, 1247, -5540
19517, 1246, -5545
19520, 1246, -5551
19523, 1245, -5556
19526, 1245, -5561
19529, 1244, -5567
19533, 1244, -5573
19536, 1244, -5579
19539, 1244, -5584
19543, 1243, -5590
19547, 1243, -5595
19550, 1243, -5602
19555, 1243, -5606
19558, 1243, -5612
19562, 1243, -5617
19565, 1242, -5621
19569, 1242, -5626
19573, 1242, -5631
19577, 1241, -5634
19581, 1241, -5637
19584, 1241, -5640
19588, 1241, -5643
19591, 1240, -5647
19595, 1240, -2
19599, 1240, -3
19603, 1240, -4
19608, 1240, -4
19612, 1240, -4
19616, 1240, -4
19619, 1241, -4
19623, 1241, -4
19626, 1241, -5
19629, 1241, -5
19632, 1241, -5
19636, 1241, -5
19639, 1241, -5
19642, 1241, -5
19645, 1241, -5
19648, 1241, -6
19652, 1240, -6
19655, 1240, -6
19658, 1240, -7
19661, 1240, -8
19666, 1240, -8
19669, 1240, -8
19673, 1240, -9
19676, 1240, -9
19680, 1240, -10
19684, 1240, -10
19687, 1241, -11
19691, 1241, -11
19694, 1240, -13
19698, 1240, -15
19701, 1240, -17
19704, 1240, -20
19707, 1239, -22
19711, 1239, -25
19714, 1239, -28
19717, 1239, -30
19720, 1239, -33
19723, 1239, -35
19726, 1239, -37
19730, 1239, -39
19733, 1238, -41
19736, 1238, -43
19739, 1238, -45
19742, 1238, -48
19745, 1238, -51
19749, 1238, -52
19752, 1238, -54
19755, 1238, -56
19758, 1238, -58
19761, 1238, -59
19764, 1238, -60
19768, 1238, -61
19771, 1238, -62
19774, 1238, -63
19777, 1238, -64
21790, 1237, -68
21794, 1237, -68
21797, 1237, -73
21801, 1237, -86
21805, 1236, -108
21808, 1234, -138
21812, 1232, -177
21815, 1228, -217
21818, 1225, -264
21822, 1221, -319
21825, 1217, -377
21828, 1213, -434
21832, 1209, -496
21835, 1205, -553
21838, 1201, -616
21841, 1197, -681
21844, 1194, -741
21847, 1190, -806
21851, 1187, -869
21854, 1183, -933
21857, 1180, -997
21861, 1177, -1062
21864, 1174, -1122
21867, 1170, -1188
21871, 1167, -1262
21875, 1164, -1337
21879, 1160, -1399
21883, 1157, -1463
21886, 1153, -1522
21890, 1150, -1598
21895, 1145, -1672
21899, 1142, -1738
21904, 1138, -1809
21908, 1134, -1853
21911, 1131, -1919
21916, 1128, -1977
21920, 1125, -2040
21925, 1122, -2081
21928, 1119, -2118
21931, 1116, -2162
21935, 1114, -2204
21938, 1112, -2238
21941, 1110, -2276
21944, 1107, -2314
21948, 1106, -2349
21951, 1104, -2386
21954, 1102, -2424
21958, 1100, -2456
21961, 1098, -2493
21965, 1096, -2538
21970, 1094, -2570
21973, 1092, -2597
21976, 1091, -2633
21981, 1088, -2676
21985, 1086, -2704
21989, 1085, -2739
21994, 1083, -2771
21998, 1080, -2810
22002, 1079, -2833
22005, 1078, -2860
22010, 1076, -2886
22014, 1075, -2922
22018, 1074, -2947
22022, 1072, -2973
22026, 1070, -2992
22030, 1069, -3018
22034, 1067, -3043
22038, 1066, -3064
22041, 1065, -3083
22044, 1063, -3097
22048, 1062, -3112
22051, 1062, -3126
22054, 1061, -3142
22057, 1060, -3161
22061, 1059, -3189
22065, 1058, -3209
22069, 1057, -3222
22072, 1056, -3233
22075, 1055, -3243
22079, 1055, -3254
22082, 1054, -3268
22086, 1053, -3282
22089, 1052, -3299
22092, 1052, -3314
22095, 1051, -3329
22099, 1050, -3339
22102, 1050, -3347
22105, 1049, -3356
22109, 1049, -3364
22114, 1049, -3375
22118, 1048, -3387
22122, 1047, -3402
22126, 1045, -3422
22130, 1044, -3439
22134, 1043, -3451
22138, 1043, -3461
22142, 1042, -3471
22146, 1042, -3477
22150, 1042, -3483
22153, 1042, -3488
22156, 1042, -3493
22160, 1041, -3499
22163, 1041, -3505
22166, 1041, -3512
22169, 1040, -3520
22172, 1040, -3529
22176, 1039, -3542
22180, 1038, -3554
22184, 1037, -3563
22187, 1037, -3571
22190, 1036, -3579
22195, 1036, -3585
22198, 1036, -3590
22202, 1036, -3593
22205, 1036, -3595
22210, 1035, -3598
22214, 1035, -3599
22217, 1035, -3601
22220, 1035, -3603
22223, 1035, -3605
22226, 1036, -3607
22230, 1036, -3611
22233, 1035, -3616
22237, 1035, -3623
22241, 1034, -3630
22245, 1034, -3637
22249, 1033, -3643
22252, 1032, -3650
22255, 1031, -3658
22258, 1031, -3666
22261, 1030, -3674
22264, 1030, -3683
22267, 1030, -3690
22271, 1029, -3695
22274, 1029, -3699
22277, 1029, -3703
22280, 1029, -3706
22283, 1029, -3708
22287, 1029, -3710
22290, 1029, -3712
22293, 1029, -3714
22296, 1029, -3715
22299, 1029, -3716
22303, 1029, -3717
22306, 1029, -3717
22309, 1029, -3718
22313, 1029, -3718
22316, 1029, -3719
22319, 1029, -3719
22322, 1029, -3720
22326, 1029, -3720
22329, 1029, -3721
22332, 1029, -3721
22335, 1029, -3723
22339, 1029, -3723
22342, 1029, -3723
22345, 1029, -3724
22348, 1029, -3725
22352, 1029, -3726
22355, 1029, -3727
22358, 1029, -3728
22361, 1028, -3729
22364, 1028, -3731
22367, 1028, -3733
22370, 1028, -3735
22373, 1028, -3737
22377, 1028, -3740
22380, 1028, -3743
22384, 1028, -3746
22388, 1028, -3748
22391, 1028, -3751
22394, 1028, -3754
22397, 1027, -3757
22401, 1027, -3760
22404, 1027, -3764
22407, 1027, -3767
22411, 1026, -3770
22414, 1026, -3773
22417, 1025, -3776
22420, 1025, -3779
22423, 1025, -3782
22427, 1025, -3784
22430, 1025, -3786
22433, 1025, -3790
22436, 1025, -3792
22441, 1024, -3795
22445, 1024, -3797
22449, 1024, -3799
22452, 1024, -3801
22457, 1023, -3803
22461, 1024, -2
22465, 1023, -3
22468, 1023, -5
22472, 1023, -7
22475, 1024, -9
22478, 1023, -12
22481, 1023, -14
22484, 1023, -17
22487, 1022, -20
22491, 1022, -21
22494, 1022, -22
22497, 1022, -23
22500, 1022, -24
22504, 1023, -24
22507, 1023, -24
22512, 1022, -25
22516, 1022, -26
22520, 1022, -26
22523, 1022, -26
22526, 1022, -26
22529, 1022, -26
22532, 1022, -26
22536, 1022, -26
22539, 1023, -26
22542, 1023, -26
22545, 1023, -26
22548, 1023, -26
22551, 1023, -26
22554, 1023, -27
22557, 1022, -27
22560, 1022, -27
22563, 1022, -27
22566, 1022, -27
22569, 1022, -27
22572, 1022, -27
22575, 1022, -27
22578, 1022, -27
22582, 1023, -27
22585, 1022, -27
22588, 1022, -27
22591, 1022, -28
22594, 1022, -28
22597, 1021, -28
22600, 1022, -28
22604, 1022, -28
22607, 1022, -28
22610, 1022, -28
22613, 1022, -28
22616, 1022, -28
22619, 1022, -28
22623, 1023, -29
22626, 1023, -29
22629, 1023, -29
22632, 1023, -29
22635, 1023, -29
22638, 1022, -29
22641, 1022, -29
22644, 1023, -30
22648, 1023, -30
22651, 1022, -30
22654, 1023, -30
22657, 1023, -31
22660, 1022, -31
22664, 1022, -31
22667, 1022, -31
22670, 1022, -31
22673, 1022, -31
22676, 1022, -32
22679, 1022, -32
22683, 1022, -32
22686, 1023, -33
22689, 1022, -33
22692, 1023, -33
22696, 1022, -33
22699, 1022, -33
22702, 1022, -33
22705, 1022, -34
22708, 1022, -34
22712, 1022, -35
22715, 1022, -35
22718, 1022, -36
22721, 1022, -36
22725, 1022, -36
22728, 1022, -37
22731, 1022, -38
22735, 1022, -38
22738, 1022, -39
22741, 1022, -40
22744, 1022, -40
22748, 1022, -41
22751, 1022, -41
22754, 1022, -42
22757, 1021, -42
22760, 1021, -43
22763, 1021, -43
22767, 1022, -43
22770, 1021, -44
22773, 1022, -45
22777, 1021, -45
22780, 1021, -45
22783, 1021, -45
22786, 1021, -45
22789, 1021, -45
22793, 1021, -46
22796, 1021, -46
22799, 1021, -46
22802, 1021, -47
22805, 1021, -48
22808, 1021, -48
22812, 1021, -49
22815, 1021, -49
22819, 1021, -49
22822, 1021, -49
22825, 1021, -50
22829, 1021, -50
22833, 1020, -51
24847, 1020, -67
24850, 1020, -67
24854, 1020, -74
24857, 1018, -89
24861, 1017, -116
24865, 1014, -148
24868, 1010, -191
24872, 1006, -238
24876, 1002, -290
24879, 998, -341
24883, 994, -393
24886, 990, -445
24889, 986, -502
24892, 982, -556
24895, 978, -613
24899, 975, -669
24902, 971, -728
24905, 968, -788
24909, 964, -842
24912, 960, -902
24915, 957, -957
24918, 954, -1019
24922, 951, -1079
24925, 948, -1136
24928, 945, -1189
24932, 941, -1243
24935, 938, -1312
24939, 935, -1369
24942, 932, -1422
24946, 929, -1494
24950, 926, -1561
24954, 923, -1618
24958, 920, -1673
24962, 917, -1720
24965, 914, -1786
24969, 912, -1846
24974, 908, -1897
24977, 905, -1958
24982, 902, -2018
24986, 899, -2079
24991, 897, -2116
24994, 894, -2161
24997, 892, -2203
25000, 890, -2238
25004, 888, -2274
25007, 886, -2314
25010, 884, -2350
25013, 883, -2382
25016, 881, -2415
25019, 879, -2468
25024, 878, -2503
25027, 876, -2532
25030, 874, -2563
25034, 872, -2612
25038, 870, -2646
25042, 868, -2673
25045, 867, -2710
25049, 865, -2757
25054, 863, -2788
25057, 862, -2812
25061, 860, -2836
25064, 859, -2860
25067, 858, -2892
25070, 857, -2921
25074, 855, -2944
25077, 854, -2964
25081, 853, -2986
25084, 852, -3010
25088, 851, -3037
25091, 850, -3064
25094, 849, -3087
25097, 848, -3107
25101, 847, -3124
25104, 847, -3144
25107, 846, -3162
25110, 845, -3184
25114, 843, -3216
25118, 842, -3236
25122, 841, -3251
25125, 840, -3267
25129, 839, -3285
25134, 839, -3306
25138, 838, -3328
25142, 837, -3352
25145, 836, -3378
25150, 836, -3399
25154, 835, -3413
25158, 835, -3428
25162, 834, -3443
25167, 834, -3454
25170, 833, -3470
25174, 832, -3491
25179, 830, -3517
25183, 829, -3531
25186, 828, -3544
25190, 828, -3558
25194, 827, -3569
25199, 828, -3576
25202, 827, -3582
25205, 827, -3589
25208, 827, -3597
25212, 826, -3607
25215, 826, -3618
25218, 825, -3630
25221, 825, -3643
25224, 824, -3657
25228, 823, -3673
25231, 822, -3687
25234, 821, -3702
25239, 821, -3710
25242, 821, -3717
25245, 821, -3724
25250, 821, -3729
25253, 821, -3733
25256, 821, -3737
25260, 821, -3740
25263, 821, -3743
25266, 821, -3747
25269, 821, -3753
25274, 821, -3758
25277, 820, -3766
25282, 819, -3772
25285, 819, -3783
25289, 818, -3794
25293, 817, -3807
25298, 817, -3822
25302, 816, -3837
25307, 816, -3850
25311, 815, -3857
25314, 815, -3864
25318, 815, -3869
25321, 815, -3873
25324, 815, -3876
25327, 815, -3879
25330, 815, -3881
25334, 815, -3883
25337, 814, -3885
25341, 814, -3886
25344, 814, -3887
25347, 814, -3889
25351, 814, -3890
25355, 814, -3892
25359, 814, -3893
25362, 814, -3894
25367, 814, -3895
25371, 814, -3897
25374, 814, -3899
25377, 814, -3901
25381, 813, -3905
25385, 813, -3910
25390, 813, -3913
25393, 813, -3919
25397, 812, -3925
25402, 812, -3930
25405, 812, -3934
25408, 812, -3939
25411, 812, -3943
25415, 812, -3947
25418, 811, -3951
25421, 811, -3956
25424, 811, -3960
25427, 811, -3964
25430, 810, -3968
25433, 810, -3972
25437, 810, -3976
25440, 810, -3980
25443, 810, -3983
25446, 810, -3987
25449, 810, -3990
25452, 809, -3994
25455, 809, -3998
25458, 809, -4001
25461, 809, -4004
25465, 809, -4008
25468, 809, -4010
25471, 809, -4013
25474, 809, -4015
25478, 808, -4018
25481, 808, -4020
25485, 808, -4023
25488, 808, -4025
25491, 808, -4028
25496, 808, -4030
25499, 808, -4032
25503, 808, -4034
25507, 808, -4037
25512, 808, -4038
25515, 807, -4040
25519, 807, 0
25524, 807, -1
25529, 807, 0
25533, 807, 0
25536, 807, 0
25539, 808, 0
25542, 808, 1
25545, 808, 1
25548, 808, 1
25552, 808, 1
25555, 808, 1
25558, 808, 1
25561, 808, 1
25564, 808, 1
25567, 808, 1
25571, 808, 1
25574, 808, 1
25578, 808, 1
25582, 808, 1
25585, 808, 1
25590, 808, 1
25593, 808, 0
25598, 808, 0
25602, 808, 0
25607, 808, 0
25611, 808, 0
25615, 808, 0
25618, 807, 0
25623, 807, 0
25626, 808, 0
25631, 808, -1
25635, 808, -1
25640, 808, -1
25643, 808, -1
25647, 808, -1
25650, 808, -2
25654, 808, -2
25657, 808, -2
25660, 808, -2
25663, 808, -2
25667, 808, -2
25670, 808, -2
25673, 808, -3
25676, 808, -3
25679, 808, -3
25683, 808, -3
25687, 808, -4
25690, 808, -4
25693, 808, -5
25697, 808, -5
25701, 808, -6
25706, 808, -6
25709, 808, -7
25712, 808, -8
25717, 808, -9
25721, 808, -10
25725, 807, -10
25728, 807, -11
25733, 807, -13
25737, 807, -14
25741, 807, -15
25746, 807, -17
25750, 807, -18
25754, 807, -19
25758, 807, -21
25761, 807, -21
25764, 807, -22
25768, 807, -23
25771, 807, -25
25774, 806, -26
25778, 806, -26
25781, 806, -27
25784, 806, -28
25789, 806, -29
25792, 806, -29
25795, 807, -31
25800, 807, -31
25803, 806, -32
25807, 806, -33
25810, 806, -34
25814, 805, -35
25818, 805, -36
25821, 806, -37
25825, 806, -37
25829, 806, -39
25834, 806, -40
25837, 806, -41
25841, 806, -42
25845, 805, -44
25850, 806, -44
25853, 805, -46
25857, 806, -47
25861, 806, -48
25866, 805, -50
25869, 805, -51
25872, 805, -52
25875, 805, -54
25879, 805, -55
25882, 805, -57
25885, 805, -59
25888, 805, -61
25891, 804, -63
25895, 804, -65
25898, 804, -68
25901, 804, -72
25905, 804, -76
25908, 804, -79
25912, 803, -84
25915, 803, -90
25919, 803, -97
25923, 803, -105
25927, 802, -113
25931, 802, -122
25934, 802, -131
25939, 801, -139
25943, 801, -144
25947, 801, -149
25951, 801, -152
25956, 801, -155
25960, 801, -156
25964, 801, -157
25967, 802, -158
25970, 802, -158
25973, 802, -159
25977, 801, -159
25980, 802, -158
25983, 801, -157
25987, 801, -156
25991, 801, -153
25995, 801, -150
25999, 801, -147
26004, 802, -143
26007, 802, -139
26011, 802, -131
26015, 802, -122
26020, 802, -117
26024, 803, -113
26027, 803, -110
26030, 803, -107
26034, 803, -105
26038, 803, -102
26042, 803, -100
26046, 803, -98
26051, 803, -97
26055, 803, -96
26059, 803, -95
26063, 803, -95
26068, 803, -93
26072, 803, -91
26076, 803, -90
26079, 803, -88
26082, 803, -86
26086, 803, -84
26089, 804, -82
26092, 804, -80
26095, 803, -78
26099, 803, -75
26103, 803, -72
26107, 803, -70
26110, 803, -67
26114, 804, -63
26119, 804, -61
26122, 804, -58
26125, 804, -55
26128, 805, -53
26132, 805, -49
26136, 805, -47
26140, 805, -45
26143, 805, -43
26147, 805, -40
26152, 805, -38
26155, 805, -36
26158, 805, -34
26163, 805, -32
26167, 805, -31
26170, 805, -29
26174, 805, -27
26178, 805, -26
26183, 806, -25
26186, 806, -24
26189, 806, -23
26193, 806, -22
26196, 806, -21
26199, 806, -20
26203, 806, -19
26206, 805, -18
26209, 805, -17
26214, 805, -16
26218, 806, -15
26221, 806, -14
26224, 806, -13
26228, 806, -11
26232, 807, -10
26235, 807, -9
26240, 807, -8
26243, 807, -6
26247, 807, -5
26251, 807, -3
26255, 807, -1
26259, 807, 1
26263, 807, 4
26267, 808, 7
26271, 808, 10
26276, 808, 14
26280, 808, 16
26283, 808, 20
26288, 808, 24
26291, 808, 29
26296, 808, 31
26299, 808, 34
26302, 809, 36
26305, 809, 38
26308, 809, 40
26311, 809, 42
26315, 809, 43
26318, 809, 44
26321, 809, 45
26324, 809, 46
26327, 810, 46
26330, 809, 46
26335, 809, 46
26339, 809, 47
26343, 809, 47
26346, 809, 47
26350, 809, 47
26353, 809, 46
26357, 809, 46
26360, 808, 46
26363, 808, 45
26368, 809, 45
26372, 809, 44
26377, 809, 43
26381, 809, 42
26385, 809, 41
26389, 809, 39
26393, 809, 38
26397, 808, 37
26402, 808, 36
26406, 808, 34
26409, 809, 32
26412, 809, 30
26416, 809, 28
26419, 809, 25
26422, 808, 22
26425, 808, 18
26429, 808, 14
26432, 807, 10
26435, 807, 6
26439, 807, 3
26442, 807, 1
26445, 808, -1
26448, 807, -3
26451, 807, -3
26455, 807, -4
26458, 807, -6
26461, 806, -7
26466, 806, -8
26470, 806, -9
26474, 806, -9
26477, 806, -9
26480, 807, -9
26483, 807, -9
26487, 807, -9
26490, 807, -9
26493, 807, -9
26497, 806, -9
26500, 806, -9
26503, 806, -9
26506, 807, -9
26509, 807, -9
26512, 807, -10
26516, 807, -10
26519, 808, -10
26522, 807, -10
26525, 807, -10
26529, 807, -10
26532, 807, -10
26535, 806, -10
26538, 806, -10
26542, 806, -10
26545, 806, -10
26548, 806, -10
26551, 807, -10
26554, 807, -11
26557, 807, -11
26561, 807, -11
26564, 807, -11
26567, 807, -11
26570, 807, -11
26573, 807, -11
26577, 807, -11
26580, 807, -11
26583, 807, -12
26586, 807, -12
26589, 807, -12
26593, 807, -12
26596, 807, -12
26599, 807, -12
26603, 807, -12
26606, 807, -12
26609, 807, -12
26612, 807, -12
26615, 806, -13
26619, 807, -13
26622, 806, -13
26625, 806, -13
26629, 806, -13
26632, 806, -12
26635, 806, -12
26638, 806, -12
26642, 806, -13
26645, 806, -14
26648, 806, -14
26651, 806, -14
26654, 806, -14
26658, 807, -15
26662, 806, -15
26665, 807, -16
26669, 807, -16
26672, 807, -16
26676, 807, -16
26679, 807, -17
26682, 807, -17
26685, 806, -17
26689, 806, -18
26692, 806, -18
26695, 806, -18
26698, 806, -18
26702, 806, -19
26705, 805, -19
26708, 806, -20
26711, 806, -20
26714, 806, -20
26718, 806, -21
26721, 806, -21
26724, 806, -21
26727, 806, -22
26732, 806, -23
26736, 806, -23
26740, 806, -23
26743, 806, -24
26746, 806, -25
26749, 805, -25
26753, 805, -26
26756, 805, -27
26759, 805, -27
26762, 805, -28
26766, 805, -29
26770, 805, -29
28784, 805, -45
28787, 805, -46
28791, 804, -59
28795, 802, -86
28798, 801, -128
28802, 798, -189
28806, 794, -257
28809, 790, -324
28813, 786, -398
28816, 781, -477
28819, 777, -554
28822, 773, -632
28825, 769, -716
28829, 765, -798
28832, 762, -885
28835, 758, -972
28838, 755, -1069
28841, 752, -1160
28844, 748, -1260
28848, 745, -1350
28851, 741, -1455
28854, 738, -1549
28857, 735, -1647
28861, 731, -1739
28864, 728, -1849
28867, 725, -1951
28871, 722, -2071
28875, 718, -2162
28878, 715, -2267
28882, 713, -2368
28885, 709, -2481
28889, 707, -2601
28893, 703, -2734
28898, 701, -2834
28902, 697, -2981
28907, 694, -3063
28910, 691, -3145
28913, 688, -3234
28916, 685, -3317
28920, 683, -3397
28923, 681, -3491
28926, 680, -3573
28929, 678, -3653
28933, 676, -3746
28936, 674, -3825
28939, 672, -3900
28943, 669, -3984
28946, 666, -4087
28950, 665, -4162
28954, 664, -4261
28958, 661, -4376
28963, 660, -4470
28967, 658, -4534
28970, 656, -4610
28974, 654, -4718
28978, 653, -4803
28983, 651, -4872
28987, 649, -4973
28991, 647, -5066
28996, 646, -5132
28999, 644, -5186
29003, 642, -5275
29007, 641, -5365
29012, 640, -5427
29016, 638, -5473
29019, 637, -5540
29023, 635, -5620
29028, 634, -5687
29031, 632, -5737
29035, 631, -5776
29038, 630, -5812
29041, 630, -5848
29044, 629, -5890
29047, 629, -5938
29051, 628, -5990
29054, 627, -6034
29057, 626, -6083
29062, 625, -6121
29066, 624, -6150
29069, 623, -6182
29073, 623, -6232
29077, 622, -6279
29081, 620, -6326
29084, 619, -6360
29087, 618, -6397
29092, 618, -6421
29095, 618, -6442
29099, 618, -6463
29102, 618, -6486
29105, 617, -6523
29110, 615, -6568
29114, 614, -6609
29117, 613, -6650
29122, 612, -6681
29126, 612, -6702
29130, 611, -6720
29134, 612, -6741
29139, 611, -6761
29143, 611, -6776
29146, 610, -6795
29150, 610, -6817
29153, 609, -6844
29157, 608, -6875
29160, 607, -6902
29163, 606, -6928
29167, 606, -6947
29170, 605, -6963
29173, 605, -6976
29176, 605, -6988
29179, 604, -6997
29183, 604, -7006
29186, 604, -7014
29189, 605, -7020
29192, 605, -7026
29195, 605, -7032
29198, 605, -7040
29202, 605, -7049
29205, 604, -7065
29210, 604, -7084
29214, 603, -7101
29218, 602, -7122
29221, 601, -7152
29226, 600, -7176
29230, 600, -7202
29234, 600, -7223
29238, 599, -7236
29242, 599, -7246
29245, 599, -7254
29248, 599, -7262
29251, 599, -7267
29255, 599, -7272
29258, 599, -7276
29261, 599, -7279
29265, 599, -7282
29268, 599, -7285
29272, 599, -7287
29275, 599, -7289
29278, 599, -7292
29281, 599, -7294
29285, 598, -7297
29288, 599, -7301
29291, 598, -7303
29294, 598, -7308
29297, 598, -7312
29301, 598, -7318
29304, 597, -7323
29307, 597, -7329
29310, 597, -7335
29313, 597, -7342
29316, 597, -7349
29319, 597, -7357
29322, 596, -7366
29325, 596, -7375
29328, 596, -7385
29331, 595, -7395
29334, 595, -7405
29338, 595, -7416
29341, 595, -7426
29344, 594, -7436
29347, 594, -7447
29350, 594, -7457
29354, 594, -7467
29357, 594, -7476
29360, 594, -7485
29363, 593, -7495
29366, 593, -7504
29370, 593, -7511
29373, 593, -7516
29376, 593, -7520
29379, 592, -7523
29382, 592, -7526
29386, 592, -7528
29389, 592, -7529
29392, 592, -7530
29395, 592, -7532
29398, 592, -7533
29401, 592, -7533
29405, 592, -7534
29408, 592, -7534
29411, 592, -7534
29414, 592, -7534
29417, 592, -7535
29420, 592, -7535
29423, 592, -7535
29426, 592, -7535
29429, 592, -7535
29432, 592, -7535
29436, 593, -7535
29439, 592, -7535
29442, 592, -7536
29445, 593, -7536
29448, 592, -7536
29451, 592, -7536
29454, 593, -7536
29457, 593, -7536
29460, 592, -7536
29463, 592, -7536
29467, 592, -7536
29470, 592, -7536
29473, 592, -7536
29476, 593, -7536
29479, 593, -7536
29482, 592, -7536
29485, 592, -7536
29488, 592, -7537
29492, 593, -7538
29495, 592, -7538
29498, 592, -7538
29501, 592, -7538
29504, 592, -7538
29508, 591, -7539
29511, 592, -7539
29514, 592, -7539
29517, 592, -7539
29520, 592, -7539
29524, 592, -7539
29527, 592, -7539
29530, 592, -7540
29533, 592, -7541
29536, 592, -7541
29539, 593, -7541
29543, 593, -7541
29546, 593, -7542
29549, 593, -7542
29552, 593, -7542
29556, 592, -7542
29559, 592, -7544
29562, 592, -7544
29565, 592, -7544
29568, 592, -7545
29571, 592, -7545
29575, 592, -7545
29578, 592, -7545
29581, 592, -7546
29584, 592, -7546
29587, 593, -7547
29590, 593, -7548
29594, 592, -7549
29597, 592, -7550
29601, 592, -7551
29604, 592, -7552
29607, 592, -7554
29612, 592, -7556
29616, 592, -7557
29619, 592, -7559
29623, 592, -7561
29626, 592, -7562
29629, 592, -7563
29632, 592, -7564
29635, 592, -7566
29638, 591, -7568
29641, 591, -7570
29645, 591, -7571
29648, 591, -7573
29651, 591, -7575
29654, 591, -7576
29658, 591, -7578
29661, 591, -7579
29664, 591, -7580
29667, 591, -7581
29670, 591, -7583
29674, 591, -7584
29677, 591, -7585
29680, 591, -7587
29683, 591, -7588
29686, 591, -7589
29690, 591, -7591
29693, 591, -7592
29696, 591, -7594
29699, 591, -7595
29703, 591, -7596
29706, 591, -7597
29709, 590, -7597
29712, 590, -1
29715, 590, -3
29719, 590, -5
29722, 591, -6
29725, 591, -7
29728, 591, -9
29732, 591, -10
29735, 591, -12
29738, 590, -14
29741, 590, -16
29744, 590, -18
29748, 590, -20
29751, 590, -23
29755, 590, -24
31768, 590, -43
31771, 590, -42
31775, 590, -60
31778, 589, -77
31781, 588, -84
31784, 588, -65
31787, 589, -28
31790, 591, 34
31794, 594, 113
31797, 598, 206
31800, 602, 308
31803, 606, 424
31806, 610, 546
31809, 614, 679
31812, 618, 824
31815, 622, 966
31818, 625, 1114
31821, 629, 1261
31824, 633, 1418
31827, 637, 1590
31831, 641, 1756
31834, 644, 1921
31837, 648, 2083
31840, 651, 2246
31843, 655, 2414
31847, 658, 2573
31850, 662, 2728
31853, 665, 2876
31856, 668, 3029
31860, 672, 3170
31863, 675, 3314
31866, 678, 3446
31869, 681, 3577
31873, 684, 3700
31876, 687, 3815
31879, 690, 3933
31882, 692, 4040
31885, 695, 4152
31889, 697, 4260
31892, 700, 4355
31895, 703, 4453
31898, 706, 4548
31902, 708, 4634
31905, 710, 4725
31908, 713, 4812
31911, 715, 4889
31914, 717, 4967
31918, 719, 5047
31921, 721, 5119
31924, 723, 5187
31927, 725, 5263
31931, 726, 5333
31935, 728, 5428
31939, 731, 5519
31943, 733, 5586
31947, 735, 5643
31951, 737, 5722
31955, 740, 5798
31960, 742, 5848
31963, 743, 5892
31966, 746, 5944
31970, 748, 5995
31973, 749, 6053
31977, 750, 6097
31981, 752, 6140
31985, 754, 6201
31989, 755, 6251
31993, 756, 6292
31997, 758, 6337
32002, 759, 6380
32006, 760, 6431
32010, 761, 6464
32014, 763, 6492
32017, 763, 6516
32020, 765, 6541
32023, 766, 6571
32026, 767, 6605
32030, 769, 6637
32033, 770, 6664
32036, 771, 6686
32039, 772, 6707
32042, 772, 6726
32046, 773, 6747
32049, 773, 6767
32052, 774, 6790
32055, 776, 6815
32058, 777, 6839
32061, 777, 6857
32064, 778, 6873
32068, 778, 6888
32071, 778, 6902
32074, 779, 6916
32077, 779, 6932
32080, 780, 6951
32083, 781, 6969
32087, 781, 6990
32090, 783, 7011
32093, 784, 7031
32096, 784, 7046
32100, 785, 7060
32103, 785, 7070
32106, 785, 7081
32109, 785, 7090
32112, 785, 7098
32116, 785, 7108
32119, 786, 7118
32122, 786, 7130
32125, 787, 7143
32128, 788, 7157
32131, 789, 7175
32135, 790, 7194
32138, 791, 7212
32141, 792, 7227
32144, 792, 7238
32147, 792, 7248
32151, 792, 7257
32154, 793, 7265
32157, 792, 7271
32160, 793, 7278
32163, 793, 7283
32167, 793, 7289
32170, 793, 7295
32174, 794, 7300
32177, 794, 7306
32180, 794, 7312
32183, 794, 7319
32187, 795, 7326
32190, 795, 7334
32193, 795, 7342
32196, 795, 7350
32200, 796, 7359
32203, 796, 7369
32206, 797, 7379
32209, 797, 7391
32213, 798, 7402
32216, 798, 7411
32219, 799, 7418
32223, 799, 7426
32227, 799, 7430
32231, 799, 7435
32235, 799, 7437
32238, 799, 7440
32241, 799, 7442
32245, 799, 7444
32248, 799, 7445
32251, 799, 7447
32254, 799, 7448
32257, 799, 7450
32260, 799, 7451
32264, 799, 7454
32267, 799, 7456
32271, 799, 7459
32274, 800, 7462
32278, 800, 7465
32281, 801, 7469
32284, 801, 7473
32288, 801, 7479
32292, 801, 7483
32296, 801, 7487
32299, 801, 7492
32303, 801, 7497
32306, 801, 7502
32309, 802, 7507
32312, 802, 7513
32315, 802, 7518
32319, 803, 7523
32322, 803, 7529
32325, 803, 7533
32329, 803, 7538
32332, 803, 7543
32335, 803, 7548
32338, 804, 7553
32341, 804, 7557
32345, 805, 7562
32348, 804, 7566
32351, 804, 7570
32354, 804, 7574
32357, 804, 7577
32361, 804, 7580
32364, 805, 7584
32367, 805, 7587
32370, 805, 7591
32374, 806, 7594
32377, 806, 7597
32380, 806, 7600
32383, 806, 7602
32387, 806, 7604
32390, 806, 7606
32393, 805, 7608
32396, 806, 7611
32400, 806, 7612
32403, 806, 7613
32406, 806, 7615
32410, 807, 7616
32413, 807, 1
32416, 807, 2
32419, 807, 3
32423, 806, 4
32426, 806, 5
32429, 806, 6
32432, 806, 6
32435, 806, 7
32439, 806, 7
32442, 806, 8
32445, 807, 8
32448, 807, 9
32451, 807, 9
32454, 806, 9
32458, 806, 10
32461, 807, 10
32464, 806, 10
32467, 806, 10
32470, 807, 10
32475, 806, 10
32478, 806, 10
32481, 806, 10
32484, 806, 10
32488, 806, 10
32491, 807, 10
32495, 807, 10
32498, 807, 10
32503, 807, 9
32507, 807, 9
32511, 807, 8
32514, 807, 8
32518, 807, 8
32522, 807, 8
32527, 807, 8
32530, 807, 7
32534, 807, 7
32539, 807, 7
32543, 807, 7
32547, 806, 7
32551, 806, 7
32554, 807, 7
32557, 806, 7
32561, 806, 7
32564, 806, 7
32567, 807, 6
32570, 807, 6
32574, 807, 5
32577, 807, 5
32580, 807, 5
32583, 806, 4
32586, 807, 4
32590, 807, 3
32593, 807, 2
32597, 807, 1
32600, 807, 1
32603, 807, 1
32606, 807, 0
32611, 807, -1
32614, 806, -1
32617, 806, -2
32621, 806, -2
32626, 806, -2
32629, 807, -3
32634, 807, -4
32638, 806, -5
32643, 807, -5
32646, 806, -6
32650, 806, -7
32655, 806, -8
32659, 806, -8
32663, 806, -9
32667, 806, -10
32670, 806, -11
32673, 806, -11
32677, 806, -12
32680, 806, -13
32683, 806, -14
32686, 806, -15
32690, 806, -16
32693, 806, -17
32697, 806, -18
32700, 806, -19
32704, 805, -20
32708, 805, -21
32712, 805, -22
32715, 805, -23
32719, 805, -24
32722, 805, -26
32725, 805, -26
32728, 806, -27
32731, 806, -27
32735, 805, -29
32738, 805, -29
32741, 805, -30
34755, 805, -34
34758, 805, -34
34762, 805, -44
34766, 804, -50
34769, 804, -45
34773, 805, -24
34777, 807, 17
34780, 810, 67
34784, 814, 131
34787, 819, 204
34791, 824, 285
34794, 829, 375
34798, 834, 451
34801, 839, 540
34805, 844, 619
34808, 849, 695
34811, 853, 773
34814, 857, 851
34817, 861, 938
34820, 865, 1041
34825, 869, 1131
34828, 873, 1234
34833, 877, 1312
34836, 881, 1385
34839, 886, 1454
34843, 889, 1528
34846, 893, 1597
34850, 896, 1668
34853, 899, 1755
34858, 903, 1834
34862, 906, 1889
34865, 910, 1945
34868, 913, 2002
34872, 916, 2052
34875, 919, 2105
34878, 922, 2155
34881, 924, 2203
34885, 926, 2251
34888, 929, 2300
34891, 931, 2342
34894, 932, 2383
34897, 935, 2436
34902, 937, 2513
34907, 940, 2556
34910, 943, 2595
34913, 945, 2629
34917, 947, 2666
34920, 950, 2709
34924, 951, 2745
34927, 953, 2781
34931, 955, 2827
34935, 958, 2865
34939, 959, 2894
34942, 961, 2929
34947, 963, 2969
34951, 965, 2999
34954, 966, 3025
34958, 968, 3047
34961, 969, 3069
34964, 971, 3093
34967, 972, 3120
34970, 973, 3144
34973, 974, 3163
34977, 975, 3181
34980, 976, 3200
34983, 977, 3219
34986, 979, 3242
34989, 980, 3265
34993, 981, 3284
34996, 982, 3305
35000, 983, 3323
35004, 984, 3339
35007, 984, 3357
35010, 986, 3386
35015, 987, 3412
35019, 988, 3427
35022, 989, 3440
35026, 990, 3453
35029, 991, 3468
35033, 991, 3483
35037, 992, 3498
35040, 994, 3515
35043, 995, 3538
35048, 996, 3555
35053, 997, 3570
35057, 998, 3582
35061, 998, 3594
35066, 998, 3605
35069, 999, 3616
35073, 999, 3627
35076, 1000, 3641
35079, 1001, 3656
35082, 1002, 3670
35085, 1003, 3682
35089, 1003, 3691
35092, 1004, 3699
35095, 1004, 3709
35099, 1004, 3714
35102, 1004, 3719
35106, 1004, 3725
35110, 1005, 3732
35114, 1006, 3738
35118, 1006, 3744
35121, 1007, 3752
35124, 1008, 3764
35129, 1008, 3779
35134, 1009, 3792
35137, 1010, 3804
35142, 1010, 3815
35146, 1010, 3820
35150, 1011, 3826
35154, 1011, 3831
35158, 1011, 3835
35162, 1011, 3839
35166, 1011, 3841
35169, 1011, 3845
35174, 1011, 3849
35178, 1012, 3853
35182, 1012, 3856
35185, 1012, 3861
35188, 1013, 3865
35191, 1013, 3871
35195, 1013, 3876
35198, 1014, 3881
35201, 1014, 3887
35204, 1014, 3893
35208, 1015, 3901
35212, 1016, 3908
35215, 1016, 3914
35219, 1016, 3920
35222, 1017, 3930
35226, 1017, 3937
35230, 1017, 3945
35234, 1018, 3950
35237, 1018, 3955
35241, 1018, 3959
35245, 1019, 3963
35250, 1019, 3965
35253, 1019, 3967
35257, 1019, 3968
35261, 1018, 3970
35266, 1018, 3970
35270, 1018, 3971
35274, 1018, 3972
35277, 1018, 3973
35281, 1018, 3973
35284, 1018, 3974
35287, 1018, 3975
35291, 1018, 3975
35294, 1018, 3975
35297, 1019, 3975
35301, 1019, 3975
35304, 1019, 3975
35307, 1019, 3976
35310, 1019, 3976
35313, 1019, 3976
35316, 1019, 3976
35320, 1019, 3976
35323, 1019, 3976
35327, 1019, 3977
35330, 1019, 3977
35334, 1019, 3978
35338, 1019, 3979
35341, 1019, 3980
35345, 1019, 3981
35350, 1019, 3983
35354, 1019, 3984
35357, 1019, 3986
35361, 1019, 3988
35366, 1019, 3990
35369, 1020, 3992
35372, 1020, 3993
35376, 1020, 3995
35379, 1021, 3997
35384, 1021, 3999
35387, 1021, 4001
35392, 1021, 4002
35395, 1021, 4003
35400, 1021, 4004
35403, 1021, 4005
35406, 1021, 4007
35410, 1021, 4008
35413, 1021, 4010
35416, 1021, 4011
35419, 1021, 4012
35422, 1022, 4013
35425, 1022, 4015
35429, 1022, 4016
35433, 1022, 4017
35436, 1022, 4018
35440, 1022, 4019
35443, 1022, 4021
35447, 1022, 4022
35452, 1021, 4023
35455, 1021, 4024
35458, 1021, 4025
35463, 1022, 4026
35467, 1022, 4027
35471, 1022, 4028
35474, 1022, 4029
35477, 1022, 4031
35482, 1022, 4032
35485, 1022, 4033
35489, 1022, 4034
35493, 1022, 4035
35497, 1022, 4035
35501, 1022, 4036
35504, 1023, 4037
35509, 1023, 1
35513, 1023, 2
35517, 1023, 3
35520, 1024, 4
35523, 1024, 6
35526, 1024, 8
35529, 1024, 12
35532, 1024, 15
35535, 1024, 20
35539, 1025, 25
35543, 1025, 32
35548, 1025, 36
35551, 1025, 40
35554, 1026, 43
35557, 1026, 46
35562, 1026, 48
35565, 1026, 50
35569, 1026, 51
35572, 1026, 52
35577, 1026, 53
35580, 1026, 54
35584, 1026, 54
35588, 1026, 54
35592, 1026, 54
35596, 1026, 54
35600, 1026, 53
35604, 1026, 53
35608, 1026, 52
35612, 1026, 51
35615, 1026, 50
35618, 1027, 49
35621, 1026, 48
35624, 1026, 47
35628, 1026, 45
35631, 1026, 44
35634, 1026, 42
35637, 1026, 40
35640, 1026, 38
35644, 1026, 36
35647, 1026, 34
35650, 1026, 34
35653, 1026, 33
35656, 1026, 32
35659, 1026, 32
35663, 1025, 32
35666, 1025, 31
35670, 1025, 30
35673, 1025, 30
35676, 1026, 29
35680, 1026, 28
35685, 1026, 28
35688, 1025, 28
35691, 1025, 27
35695, 1025, 26
35699, 1025, 25
35702, 1025, 24
35706, 1025, 23
35711, 1025, 23
35714, 1024, 21
35719, 1024, 20
35722, 1024, 19
35727, 1025, 17
35730, 1025, 14
35735, 1024, 12
35738, 1024, 10
35742, 1024, 8
35745, 1023, 6
35748, 1023, 3
35751, 1023, 0
35755, 1023, -3
35758, 1023, -6
35761, 1023, -9
35765, 1023, -13
35769, 1023, -16
35772, 1023, -20
35776, 1023, -24
35781, 1023, -27
35785, 1022, -30
35789, 1022, -33
35793, 1022, -37
35798, 1022, -40
35802, 1021, -43
35806, 1021, -46
35810, 1021, -49
35814, 1021, -50
35818, 1021, -51
37831, 1020, -55
37834, 1020, -55
37838, 1020, -59
37841, 1020, -62
37845, 1020, -61
37848, 1021, -51
37851, 1022, -27
37854, 1025, 7
37858, 1029, 48
37861, 1033, 97
37864, 1038, 150
37867, 1042, 210
37870, 1047, 273
37874, 1052, 338
37877, 1057, 404
37880, 1061, 475
37883, 1066, 540
37887, 1070, 633
37891, 1075, 705
37894, 1079, 773
37898, 1084, 865
37902, 1088, 939
37906, 1093, 1014
37909, 1097, 1078
37913, 1102, 1143
37916, 1106, 1228
37920, 1110, 1311
37925, 1113, 1376
37929, 1117, 1454
37933, 1121, 1514
37937, 1125, 1589
37941, 1129, 1661
37945, 1132, 1712
37949, 1135, 1760
37952, 1139, 1809
37955, 1142, 1855
37958, 1144, 1899
37961, 1146, 1943
37964, 1150, 1987
37968, 1152, 2029
37971, 1154, 2070
37974, 1156, 2114
37977, 1159, 2154
37981, 1160, 2191
37984, 1162, 2245
37988, 1165, 2291
37992, 1166, 2323
37996, 1168, 2372
38000, 1171, 2424
38005, 1173, 2467
38009, 1175, 2495
38012, 1177, 2529
38015, 1180, 2574
38020, 1181, 2614
38024, 1183, 2649
38028, 1184, 2687
38032, 1187, 2729
38037, 1188, 2758
38041, 1190, 2789
38045, 1192, 2820
38049, 1194, 2859
38054, 1195, 2884
38057, 1197, 2906
38060, 1198, 2926
38064, 1199, 2946
38067, 1200, 2967
38070, 1201, 2989
38073, 1202, 3013
38077, 1204, 3035
38080, 1205, 3053
38083, 1205, 3069
38086, 1206, 3085
38089, 1206, 3102
38093, 1207, 3120
38097, 1208, 3145
38101, 1209, 3167
38105, 1210, 3187
38108, 1211, 3203
38111, 1212, 3216
38114, 1213, 3228
38117, 1213, 3238
38120, 1213, 3249
38123, 1214, 3260
38127, 1214, 3273
38130, 1215, 3286
38133, 1216, 3301
38137, 1217, 3319
38140, 1218, 3337
38143, 1219, 3356
38148, 1219, 3372
38152, 1220, 3384
38157, 1220, 3392
38160, 1220, 3402
38165, 1221, 3412
38168, 1221, 3420
38172, 1222, 3429
38175, 1223, 3439
38178, 1223, 3449
38181, 1224, 3460
38184, 1225, 3472
38187, 1226, 3485
38190, 1226, 3498
38193, 1227, 3510
38197, 1228, 3520
38200, 1227, 3528
38203, 1227, 3533
38206, 1227, 3539
38210, 1227, 3544
38213, 1227, 3547
38216, 1227, 3552
38221, 1228, 3556
38225, 1228, 3558
38228, 1228, 3563
38233, 1228, 3568
38237, 1228, 3573
38241, 1229, 3580
38245, 1229, 3586
38248, 1230, 3595
38253, 1230, 3603
38257, 1230, 3611
38260, 1231, 3623
38264, 1232, 3634
38269, 1232, 3645
38273, 1233, 3657
38276, 1234, 3666
38279, 1234, 3674
38283, 1235, 3682
38286, 1235, 3688
38289, 1235, 3693
38292, 1235, 3697
38295, 1235, 3701
38298, 1235, 3703
38302, 1235, 3706
38305, 1235, 3707
38308, 1235, 3709
38311, 1235, 3711
38314, 1235, 3712
38317, 1235, 3713
38320, 1235, 3714
38323, 1235, 3715
38326, 1235, 3715
38329, 1235, 3716
38332, 1236, 3717
38335, 1235, 3717
38338, 1236, 3718
38341, 1236, 3718
38344, 1235, 3719
38347, 1235, 3719
38350, 1236, 3719
38353, 1236, 3720
38356, 1236, 3720
38359, 1236, 3720
38362, 1236, 3720
38366, 1235, 3720
38371, 1235, 3721
38375, 1235, 3722
38378, 1235, 3724
38381, 1235, 3724
38385, 1235, 3726
38388, 1236, 3728
38391, 1236, 3730
38394, 1235, 3733
38399, 1236, 3736
38403, 1236, 3738
38407, 1236, 3740
38410, 1237, 3744
38415, 1237, 3747
38419, 1237, 3751
38423, 1237, 3753
38427, 1237, 3755
38430, 1237, 3759
38435, 1238, 3761
38438, 1238, 3763
38441, 1238, 3765
38445, 1238, 3768
38449, 1238, 3771
38453, 1238, 3772
38456, 1238, 3775
38460, 1237, 3777
38464, 1238, 3779
38468, 1238, 3780
38472, 1238, 3782
38475, 1238, 3784
38479, 1239, 3787
38484, 1239, 3789
38487, 1239, 3790
38491, 1239, 3791
38494, 1239, 3793
38497, 1239, 3794
38500, 1239, 3795
38503, 1239, 3796
38506, 1239, 3797
38510, 1239, 3799
38513, 1239, 3800
38517, 1239, 3801
38520, 1239, 3803
38523, 1239, 3804
38526, 1239, 3805
38530, 1239, 3806
38534, 1240, 3807
38538, 1240, 1
38542, 1240, 1
38545, 1240, 2
38549, 1240, 3
38554, 1240, 5
38558, 1240, 5
38563, 1240, 5
38566, 1240, 6
38571, 1240, 6
38575, 1240, 6
38580, 1240, 7
38583, 1240, 7
38587, 1240, 7
38592, 1240, 6
38596, 1240, 6
38599, 1239, 5
38603, 1239, 5
38606, 1240, 5
38609, 1240, 4
38612, 1240, 4
38616, 1240, 4
38619, 1240, 3
38622, 1239, 3
38625, 1239, 2
38628, 1240, 1
38632, 1240, 1
38635, 1240, 0
38638, 1240, 0
38641, 1240, -1
38645, 1240, -2
38649, 1240, -4
38653, 1240, -5
38657, 1240, -6
38660, 1240, -7
38664, 1240, -9
38668, 1240, -10
38672, 1240, -12
38675, 1240, -13
38679, 1239, -15
38682, 1239, -17
38685, 1239, -19
38689, 1239, -21
38693, 1240, -23
38696, 1240, -25
38699, 1240, -27
38702, 1240, -28
38706, 1240, -28
38709, 1239, -28
38712, 1239, -29
38715, 1239, -29
38718, 1239, -29
38721, 1239, -29
38725, 1239, -29
38728, 1239, -29
38731, 1239, -29
38734, 1239, -29
38738, 1239, -29
38742, 1239, -29
38745, 1239, -29
38749, 1239, -29
38753, 1239, -29
38756, 1239, -29
38760, 1239, -29
38763, 1239, -30
38768, 1239, -31
38772, 1239, -31
38776, 1239, -31
38780, 1239, -31
38784, 1239, -31
38788, 1239, -30
38792, 1239, -30
38796, 1238, -31
38800, 1239, -31
38804, 1239, -32
38808, 1239, -32
38813, 1239, -32
38816, 1239, -33
38821, 1239, -33
38824, 1239, -33
38827, 1239, -34
38831, 1239, -34
38834, 1239, -34
38837, 1239, -35
38840, 1239, -36
38844, 1239, -36
38847, 1239, -36
38851, 1239, -37
38854, 1239, -38
38858, 1239, -38
38862, 1239, -39
38866, 1239, -40
38869, 1238, -41
38874, 1239, -41
38877, 1239, -42
38881, 1239, -42
38884, 1239, -43
38889, 1239, -44
38893, 1238, -45
38896, 1238, -46
38900, 1238, -47
38905, 1238, -47
38909, 1238, -47
38913, 1239, -48
38916, 1239, -50
38921, 1238, -51
38925, 1238, -52
38928, 1238, -53
38933, 1238, -53
38936, 1238, -54
38939, 1239, -55
38942, 1239, -56
38945, 1238, -57
38949, 1238, -57
38952, 1238, -58
38955, 1238, -58
38959, 1238, -58
38962, 1238, -59
38965, 1238, -60
38968, 1238, -60
38971, 1238, -61
38975, 1238, -62
38979, 1238, -62
38983, 1238, -62
38987, 1238, -63
41001, 1238, -74
41005, 1238, -74
41008, 1237, -79
41011, 1237, -83
41015, 1237, -81
41018, 1237, -59
41022, 1239, -23
41025, 1242, 29
41029, 1246, 88
41032, 1252, 158
41035, 1257, 244
41039, 1262, 329
41042, 1268, 427
41045, 1273, 519
41049, 1278, 624
41052, 1283, 720
41056, 1288, 828
41059, 1293, 941
41063, 1297, 1050
41066, 1302, 1158
41070, 1306, 1275
41074, 1310, 1381
41077, 1314, 1490
41081, 1318, 1596
41084, 1322, 1691
41088, 1326, 1791
41092, 1330, 1909
41095, 1333, 2009
41099, 1337, 2111
41103, 1341, 2212
41106, 1344, 2303
41109, 1347, 2395
41113, 1350, 2476
41116, 1353, 2560
41119, 1356, 2644
41122, 1358, 2720
41125, 1361, 2802
41128, 1364, 2885
41132, 1366, 2960
41135, 1368, 3030
41138, 1370, 3107
41141, 1373, 3176
41144, 1374, 3237
41147, 1377, 3308
41151, 1379, 3401
41155, 1381, 3471
41159, 1382, 3536
41162, 1385, 3615
41166, 1387, 3673
41169, 1389, 3721
41172, 1391, 3773
41175, 1392, 3837
41179, 1394, 3896
41182, 1395, 3947
41186, 1397, 3993
41189, 1399, 4039
41192, 1400, 4093
41195, 1402, 4150
41199, 1403, 4194
41203, 1405, 4247
41207, 1406, 4301
41212, 1408, 4352
41215, 1410, 4389
41218, 1411, 4421
41222, 1412, 4452
41225, 1413, 4483
41228, 1414, 4514
41231, 1415, 4551
41234, 1417, 4587
41238, 1418, 4623
41241, 1419, 4651
41245, 1420, 4676
41248, 1421, 4706
41252, 1422, 4740
41257, 1423, 4768
41260, 1424, 4802
41263, 1425, 4830
41267, 1426, 4855
41270, 1427, 4881
41274, 1427, 4900
41278, 1428, 4916
41281, 1428, 4932
41284, 1428, 4948
41287, 1429, 4966
41290, 1430, 4987
41293, 1431, 5012
41296, 1433, 5037
41299, 1434, 5059
41303, 1435, 5077
41306, 1435, 5091
41309, 1435, 5106
41312, 1435, 5118
41315, 1435, 5129
41319, 1435, 5140
41322, 1436, 5151
41325, 1436, 5163
41328, 1437, 5174
41331, 1437, 5187
41335, 1438, 5201
41338, 1439, 5216
41341, 1439, 5233
41344, 1440, 5252
41347, 1441, 5270
41351, 1442, 5284
41354, 1442, 5296
41357, 1443, 5306
41360, 1443, 5315
41363, 1443, 5322
41366, 1443, 5328
41369, 1443, 5333
41373, 1443, 5338
41376, 1443, 5342
41379, 1443, 5346
41382, 1443, 5352
41385, 1444, 5358
41388, 1444, 5365
41391, 1444, 5372
41394, 1445, 5379
41398, 1445, 5387
41401, 1446, 5396
41404, 1446, 5404
41407, 1447, 5413
41410, 1447, 5422
41413, 1447, 5431
41416, 1447, 5440
41419, 1448, 5448
41422, 1448, 5457
41425, 1448, 5467
41428, 1449, 5476
41431, 1449, 5485
41434, 1450, 5495
41437, 1450, 5501
41440, 1450, 5507
41443, 1450, 5511
41447, 1450, 5515
41450, 1450, 5520
41453, 1450, 5524
41456, 1450, 5527
41459, 1450, 5530
41462, 1450, 5531
41465, 1450, 5532
41468, 1450, 5533
41471, 1450, 5534
41474, 1450, 5535
41477, 1451, 5536
41480, 1451, 5537
41483, 1451, 5538
41486, 1451, 5538
41489, 1451, 5539
41492, 1451, 5539
41495, 1451, 5540
41498, 1451, 5540
41502, 1450, 5542
41505, 1450, 5544
41508, 1451, 5545
41511, 1451, 5546
41514, 1450, 5547
41517, 1451, 5550
41520, 1451, 5552
41524, 1451, 5553
41527, 1451, 5555
41530, 1452, 5558
41533, 1452, 5559
41536, 1452, 5562
41539, 1452, 5565
41542, 1452, 5567
41546, 1452, 5570
41549, 1452, 5574
41552, 1452, 5577
41555, 1452, 5580
41558, 1452, 5584
41561, 1453, 5586
41564, 1453, 5589
41567, 1453, 5593
41571, 1453, 5596
41574, 1453, 5599
41577, 1453, 5604
41580, 1453, 5608
41583, 1453, 5612
41586, 1453, 5616
41589, 1453, 5620
41593, 1453, 5623
41596, 1453, 5627
41599, 1454, 5630
41602, 1454, 5634
41605, 1454, 5638
41608, 1455, 5641
41611, 1455, 5646
41615, 1454, 5649
41618, 1454, 5651
41621, 1454, 5654
41624, 1454, 5656
41627, 1455, 5658
41630, 1455, 5660
41633, 1455, 5661
41637, 1455, 5664
41640, 1455, 5666
41643, 1455, 5668
41646, 1455, 5670
41649, 1455, 5672
41652, 1455, 5674
41655, 1455, 5675
41658, 1455, 5677
41661, 1455, 5679
41665, 1455, 5680
41668, 1456, 5681
41671, 1456, 1
41675, 1456, 3
41678, 1456, 5
41681, 1456, 6
41684, 1456, 8
41687, 1456, 8
41690, 1456, 8
41694, 1456, 9
41697, 1457, 9
41700, 1456, 10
41703, 1456, 11
41706, 1456, 11
41709, 1457, 12
41713, 1457, 12
41716, 1457, 12
41719, 1457, 12
41722, 1457, 12
41725, 1456, 12
41728, 1456, 12
41731, 1456, 12
41734, 1456, 12
41737, 1456, 12
41741, 1456, 12
41744, 1456, 11
41747, 1456, 10
41750, 1456, 10
41753, 1456, 10
41756, 1456, 9
41759, 1456, 8
41763, 1456, 8
41766, 1456, 6
41770, 1456, 6
41773, 1456, 5
41777, 1456, 5
41780, 1456, 4
41783, 1456, 3
41786, 1456, 2
41789, 1456, 1
41792, 1456, 0
41796, 1456, -1
41799, 1456, -2
41802, 1456, -3
41806, 1456, -3
41809, 1456, -4
41814, 1456, -6
41818, 1456, -7
41821, 1456, -8
41825, 1456, -10
41828, 1456, -12
41833, 1456, -14
41836, 1456, -17
41840, 1455, -19
41844, 1456, -22
41848, 1456, -24
41851, 1456, -28
41856, 1456, -31
41860, 1455, -33
41864, 1455, -35
41868, 1455, -39
41872, 1455, -44
41877, 1455, -44
41881, 1455, -43
41884, 1455, -43
41888, 1455, -43
41891, 1455, -44
41894, 1455, -45
41898, 1455, -44
41901, 1455, -45
41904, 1455, -42
41908, 1455, -42
41911, 1455, -41
41915, 1455, -41
41918, 1455, -41
41923, 1455, -40
41926, 1455, -40
41930, 1455, -40
41934, 1455, -41
41938, 1455, -41
41942, 1455, -42
41945, 1455, -42
41949, 1455, -42
41954, 1455, -43
41958, 1455, -43
41962, 1455, -42
41965, 1455, -42
41970, 1455, -42
41974, 1455, -42
41978, 1455, -42
41982, 1455, -42
41987, 1455, -41
41990, 1455, -40
41994, 1456, -39
41997, 1455, -40
42001, 1455, -40
42004, 1455, -39
42008, 1455, -39
42011, 1455, -40
42014, 1455, -40
42017, 1455, -40
42021, 1455, -40
42024, 1455, -40
42027, 1455, -40
42031, 1456, -40
42034, 1455, -40
42037, 1455, -41
42041, 1455, -41
42044, 1455, -41
42048, 1455, -41
42051, 1455, -41
42055, 1455, -40
42059, 1455, -40
42062, 1455, -40
42066, 1455, -41
42071, 1455, -41
42074, 1455, -42
42078, 1455, -42
42083, 1455, -42
42087, 1455, -42
42090, 1455, -42
42093, 1455, -41
42096, 1455, -41
42101, 1455, -41
42105, 1455, -41
42109, 1455, -41
42112, 1455, -41
42115, 1455, -42
42119, 1455, -42
42122, 1455, -42
42125, 1455, -42
42129, 1455, -42
42132, 1455, -44
42136, 1455, -44
42140, 1455, -43
42143, 1455, -42
42146, 1455, -43
42150, 1455, -43
42153, 1455, -43
42157, 1454, -44
42160, 1454, -44
42164, 1455, -44
42167, 1455, -43
42170, 1455, -43
42174, 1455, -43
42179, 1455, -44
42183, 1455, -45
42187, 1455, -46
42190, 1455, -46
42195, 1455, -46
42199, 1455, -47
42203, 1455, -47
42206, 1454, -47
42209, 1454, -46
42212, 1454, -46
42216, 1454, -46
42219, 1454, -46
42222, 1455, -46
42225, 1455, -47
42229, 1455, -47
42232, 1455, -47
42237, 1455, -48
42241, 1455, -47
42244, 1455, -47
42249, 1455, -47
42252, 1455, -47
42255, 1455, -47
42258, 1455, -47
42262, 1455, -47
42265, 1455, -48
42269, 1455, -48
42274, 1455, -48
42277, 1454, -48
42281, 1454, -49
42284, 1454, -49
42288, 1454, -48
42292, 1454, -50
42296, 1455, -50
42300, 1455, -50
42304, 1455, -49
42308, 1455, -48
42312, 1455, -49
42316, 1455, -49
42319, 1455, -49
42322, 1455, -51
44336, 1455, -54
44339, 1455, -54
44342, 1455, -63
44345, 1454, -71
44348, 1453, -73
44351, 1454, -58
44354, 1455, -33
44358, 1458, 9
44361, 1461, 66
44364, 1466, 134
44367, 1470, 207
44370, 1475, 288
44373, 1480, 373
44376, 1484, 459
44379, 1489, 550
44382, 1494, 644
44385, 1498, 736
44388, 1502, 826
44391, 1507, 919
44394, 1510, 1009
44397, 1515, 1100
44400, 1518, 1188
44403, 1522, 1276
44407, 1525, 1362
44410, 1529, 1445
44413, 1533, 1529
44416, 1537, 1612
44419, 1540, 1692
44422, 1544, 1772
44425, 1547, 1849
44428, 1551, 1923
44431, 1554, 1991
44434, 1557, 2068
44438, 1560, 2133
44441, 1563, 2198
44444, 1565, 2264
44447, 1568, 2324
44450, 1571, 2383
44453, 1573, 2446
44456, 1576, 2502
44459, 1578, 2556
44462, 1580, 2614
44466, 1583, 2666
44469, 1585, 2713
44472, 1587, 2764
44475, 1590, 2816
44478, 1592, 2862
44481, 1594, 2905
44484, 1596, 2952
44487, 1598, 3000
44490, 1599, 3040
44493, 1601, 3078
44496, 1603, 3120
44500, 1605, 3164
44503, 1606, 3202
44506, 1608, 3234
44509, 1610, 3268
44512, 1612, 3306
44515, 1613, 3347
44518, 1615, 3380
44521, 1616, 3410
44524, 1617, 3439
44527, 1618, 3470
44531, 1619, 3505
44534, 1621, 3534
44537, 1622, 3560
44540, 1623, 3582
44543, 1625, 3605
44546, 1625, 3629
44549, 1627, 3658
44552, 1628, 3690
44555, 1629, 3717
44558, 1630, 3740
44561, 1631, 3759
44564, 1632, 3780
44567, 1633, 3801
44570, 1633, 3824
44573, 1635, 3849
44576, 1636, 3875
44579, 1637, 3894
44582, 1638, 3910
44585, 1639, 3927
44588, 1640, 3942
44591, 1640, 3957
44594, 1641, 3974
44598, 1641, 3993
44601, 1642, 4014
44604, 1644, 4036
44607, 1645, 4057
44610, 1646, 4073
44613, 1647, 4088
44616, 1647, 4100
44619, 1647, 4111
44622, 1647, 4120
44625, 1647, 4130
44628, 1647, 4140
44631, 1648, 4152
44634, 1649, 4166
44637, 1650, 4182
44640, 1652, 4201
44643, 1653, 4220
44647, 1653, 4235
44650, 1654, 4248
44653, 1654, 4258
44656, 1654, 4267
44659, 1654, 4276
44662, 1654, 4283
44665, 1654, 4291
44668, 1654, 4297
44671, 1654, 4304
44674, 1655, 4312
44677, 1655, 4321
44680, 1656, 4331
44684, 1657, 4340
44687, 1657, 4350
44690, 1658, 4361
44693, 1659, 4372
44696, 1660, 4385
44699, 1661, 4396
44702, 1661, 4406
44705, 1662, 4414
44708, 1662, 4420
44711, 1662, 4425
44714, 1662, 4430
44717, 1661, 4433
44720, 1661, 4437
44724, 1661, 4440
44727, 1661, 4443
44730, 1662, 4445
44733, 1662, 4447
44736, 1662, 4450
44739, 1662, 4454
44742, 1662, 4456
44745, 1662, 4460
44748, 1662, 4464
44751, 1662, 4468
44754, 1662, 4472
44757, 1663, 4477
44761, 1663, 4484
44764, 1664, 4493
44767, 1664, 4501
44770, 1665, 4508
44773, 1665, 4515
44776, 1665, 4525
44780, 1666, 4534
44783, 1666, 4542
44786, 1666, 4551
44789, 1667, 4561
44792, 1667, 4569
44795, 1668, 4578
44798, 1668, 4586
44801, 1669, 4591
44804, 1669, 4596
44807, 1670, 4600
44810, 1670, 4603
44813, 1669, 4607
44817, 1669, 4609
44820, 1669, 4611
44823, 1669, 4612
44826, 1669, 4614
44829, 1669, 4615
44832, 1669, 4616
44835, 1669, 4617
44838, 1669, 4618
44841, 1669, 4619
44844, 1669, 4619
44847, 1668, 4620
44850, 1669, 4621
44853, 1669, 4621
44856, 1669, 4622
44859, 1669, 4621
44862, 1669, 4621
44865, 1669, 4622
44868, 1669, 4622
44872, 1669, 4622
44875, 1669, 4623
44878, 1669, 4624
44881, 1669, 4624
44884, 1669, 4625
44887, 1670, 4625
44890, 1670, 4625
44893, 1670, 4625
44896, 1670, 4625
44900, 1669, 4625
44903, 1669, 4627
44906, 1669, 4627
44909, 1669, 4627
44912, 1669, 4629
44915, 1669, 4629
44918, 1669, 4632
44921, 1669, 4632
44924, 1669, 4633
44927, 1669, 4635
44930, 1669, 4635
44933, 1669, 4635
44936, 1670, 4636
44940, 1670, 4639
44943, 1670, 4641
44946, 1670, 4643
44949, 1670, 4644
44952, 1670, 4645
44955, 1671, 4646
44958, 1671, 4646
44961, 1671, 4648
44964, 1671, 4649
44968, 1671, 4652
44971, 1671, 4654
44974, 1671, 4654
44977, 1671, 4655
44980, 1671, 4657
44983, 1671, 4658
44986, 1671, 4660
44990, 1671, 4661
44993, 1671, 4662
44996, 1672, 4663
44999, 1672, 4664
45002, 1672, 4666
45005, 1672, 4667
45009, 1672, 4667
45012, 1672, 4669
45016, 1672, 4671
45019, 1672, 4672
45023, 1672, 4672
45026, 1672, 4673
45030, 1672, 4674
45034, 1672, 4675
45037, 1672, 4676
45040, 1672, 4678
45044, 1672, 4679
45049, 1672, 4680
45052, 1672, 4680
45055, 1672, 4681
45060, 1672, 4680
45064, 1673, 4682
45067, 1673, 0
45070, 1673, 2
45073, 1673, 3
45076, 1672, 5
45079, 1672, 8
45083, 1672, 8
45086, 1673, 8
45089, 1673, 11
45092, 1673, 13
45095, 1673, 15
45098, 1674, 18
45102, 1674, 20
45105, 1674, 23
45108, 1674, 27
45111, 1674, 31
45115, 1675, 36
45118, 1675, 45
45123, 1676, 55
45127, 1676, 61
45130, 1676, 67
45134, 1676, 74
45138, 1677, 79
45143, 1676, 82
45146, 1676, 83
45149, 1676, 84
45153, 1676, 87
45156, 1676, 88
45159, 1677, 89
45163, 1677, 90
45166, 1677, 89
45169, 1677, 89
45172, 1677, 89
45175, 1677, 88
45179, 1677, 88
45182, 1677, 87
45185, 1677, 87
45188, 1677, 85
45191, 1677, 84
45194, 1676, 83
45198, 1676, 80
45201, 1676, 78
45205, 1676, 76
45208, 1677, 73
45211, 1677, 70
45214, 1676, 67
45217, 1676, 66
45220, 1676, 65
45224, 1676, 63
45227, 1676, 62
45230, 1676, 62
45233, 1676, 61
45236, 1676, 59
45239, 1676, 58
45242, 1676, 57
45245, 1676, 56
45248, 1676, 55
45252, 1676, 54
45255, 1676, 53
45258, 1676, 52
45261, 1676, 52
45264, 1676, 52
45267, 1676, 51
45270, 1676, 51
45274, 1675, 50
45277, 1675, 49
45280, 1675, 49
45283, 1676, 47
45286, 1676, 45
45290, 1676, 44
45293, 1676, 43
45296, 1677, 41
45299, 1676, 38
45302, 1676, 36
45306, 1676, 34
45309, 1676, 32
45312, 1675, 29
45315, 1675, 26
45318, 1675, 24
45321, 1675, 21
45324, 1675, 19
45327, 1675, 15
45330, 1675, 11
45333, 1674, 9
45336, 1674, 5
45339, 1674, 2
45342, 1673, -2
45345, 1673, -4
45348, 1673, -7
45352, 1673, -11
45355, 1673, -13
45358, 1673, -16
45361, 1673, -19
45364, 1673, -20
45368, 1673, -21
45371, 1673, -21
45374, 1673, -23
45379, 1673, -23
45382, 1673, -23
45385, 1673, -24
45389, 1673, -24
45392, 1672, -23
45395, 1672, -24
45399, 1672, -24
45402, 1672, -25
45405, 1672, -25
45408, 1673, -25
45412, 1673, -25
45415, 1673, -24
45418, 1673, -24
45421, 1673, -24
45425, 1672, -24
45428, 1672, -24
45431, 1672, -23
45435, 1672, -23
45438, 1672, -24
45443, 1672, -24
45447, 1672, -25
45451, 1672, -26
45454, 1672, -25
45458, 1672, -26
45463, 1672, -26
45466, 1672, -26
45470, 1672, -27
45474, 1672, -26
45479, 1673, -26
45482, 1673, -25
45485, 1673, -25
45489, 1673, -25
45492, 1673, -25
45495, 1673, -26
45498, 1673, -25
45501, 1673, -24
45504, 1673, -24
45507, 1673, -24
45511, 1673, -24
45514, 1673, -24
45517, 1673, -23
45520, 1673, -22
45523, 1673, -23
45526, 1673, -23
45529, 1673, -23
45533, 1673, -24
45536, 1673, -24
45539, 1673, -24
45542, 1673, -25
45545, 1673, -26
45549, 1672, -25
45552, 1673, -25
45555, 1672, -25
45558, 1672, -25
45562, 1672, -25
45565, 1673, -25
45568, 1672, -25
45571, 1672, -25
45574, 1672, -25
45578, 1672, -25
45581, 1672, -26
45584, 1673, -26
45587, 1673, -26
45590, 1672, -25
45594, 1672, -25
45597, 1673, -26
45600, 1673, -27
45603, 1673, -27
45607, 1673, -27
45610, 1673, -27
45615, 1673, -27
45619, 1673, -27
45622, 1672, -27
45625, 1672, -26
45628, 1672, -26
45631, 1672, -26
45635, 1672, -26
45638, 1673, -26
45641, 1673, -26
45644, 1672, -26
45649, 1672, -26
45652, 1673, -26
45656, 1673, -26
45659, 1673, -26
45662, 1673, -26
45666, 1673, -26
45669, 1673, -26
45672, 1673, -27
45677, 1673, -27
45681, 1672, -27
45685, 1672, -27
45688, 1672, -28
45691, 1672, -28
45696, 1672, -28
45700, 1673, -28
45704, 1673, -28
45708, 1673, -27
45713, 1673, -27
45717, 1673, -27
45720, 1672, -27
45725, 1673, -28
45730, 1673, -28
45733, 1673, -29
45736, 1673, -29
45740, 1673, -28
45743, 1672, -28
45746, 1672, -28
45749, 1672, -28
45753, 1672, -28
45756, 1672, -28
45761, 1672, -29
45765, 1672, -29
45768, 1672, -29
45772, 1672, -29
45776, 1672, -30
47791, 1672, -31
47795, 1672, -31
47798, 1673, -36
47802, 1672, -39
47805, 1672, -38
47809, 1672, -25
47812, 1674, 5
47816, 1676, 45
47819, 1679, 94
47822, 1684, 157
47825, 1689, 227
47829, 1694, 300
47832, 1698, 377
47835, 1703, 458
47838, 1708, 547
47842, 1713, 633
47845, 1717, 715
47848, 1722, 803
47851, 1727, 887
47854, 1731, 973
47857, 1734, 1057
47861, 1738, 1142
47864, 1742, 1220
47867, 1746, 1313
47870, 1750, 1392
47874, 1754, 1472
47877, 1757, 1562
47880, 1760, 1671
47885, 1764, 1746
47888, 1767, 1829
47892, 1770, 1904
47895, 1774, 2002
47899, 1777, 2080
47903, 1781, 2174
47907, 1784, 2243
47911, 1788, 2330
47915, 1791, 2414
47919, 1794, 2497
47923, 1797, 2553
47927, 1800, 2619
47930, 1802, 2677
47933, 1805, 2735
47937, 1807, 2792
47940, 1809, 2848
47943, 1811, 2895
47946, 1813, 2942
47949, 1815, 2999
47952, 1817, 3051
47956, 1819, 3097
47959, 1821, 3140
47962, 1823, 3188
47965, 1824, 3241
47968, 1825, 3285
47972, 1827, 3324
47975, 1828, 3362
47978, 1830, 3407
47981, 1832, 3453
47985, 1834, 3490
47988, 1836, 3523
47991, 1837, 3555
47994, 1838, 3590
47997, 1839, 3630
48000, 1840, 3671
48003, 1841, 3704
48007, 1843, 3743
48011, 1843, 3782
48015, 1845, 3815
48019, 1846, 3866
48023, 1848, 3909
48027, 1849, 3945
48032, 1851, 3969
48035, 1851, 3991
48038, 1852, 4018
48041, 1853, 4048
48045, 1854, 4081
48048, 1855, 4111
48051, 1856, 4134
48054, 1857, 4156
48057, 1857, 4177
48061, 1858, 4204
48066, 1859, 4226
48069, 1859, 4250
48072, 1860, 4286
48077, 1861, 4323
48081, 1862, 4350
48086, 1863, 4371
48089, 1864, 4390
48093, 1865, 4409
48098, 1865, 4423
48101, 1866, 4440
48104, 1866, 4464
48109, 1867, 4493
48113, 1869, 4524
48118, 1870, 4553
48122, 1871, 4574
48127, 1872, 4588
48130, 1872, 4602
48135, 1872, 4614
48139, 1872, 4625
48143, 1872, 4632
48146, 1873, 4639
48150, 1873, 4649
48153, 1873, 4660
48156, 1874, 4671
48160, 1875, 4684
48163, 1875, 4698
48166, 1876, 4717
48170, 1876, 4734
48173, 1877, 4752
48176, 1878, 4769
48179, 1878, 4784
48183, 1879, 4797
48186, 1879, 4807
48189, 1879, 4816
48192, 1879, 4822
48195, 1879, 4828
48198, 1879, 4833
48202, 1880, 4837
48205, 1879, 4841
48208, 1880, 4844
48211, 1880, 4847
48214, 1880, 4849
48217, 1880, 4852
48220, 1880, 4854
48223, 1880, 4857
48227, 1880, 4860
48230, 1880, 4864
48233, 1880, 4867
48236, 1880, 4872
48239, 1880, 4876
48242, 1881, 4881
48246, 1881, 4886
48249, 1881, 4892
48252, 1881, 4899
48255, 1882, 4906
48258, 1882, 4912
48261, 1882, 4920
48265, 1883, 4928
48268, 1883, 4936
48271, 1883, 4945
48274, 1883, 4957
48278, 1884, 4969
48283, 1884, 4979
48286, 1884, 4987
48290, 1885, 5000
48294, 1885, 5011
48298, 1885, 5021
48302, 1886, 5030
48305, 1886, 5040
48310, 1886, 5048
48314, 1886, 5053
48319, 1887, 5056
48322, 1887, 5060
48326, 1887, 5064
48331, 1887, 5065
48335, 1887, 5066
48338, 1887, 5068
48343, 1887, 5070
48347, 1887, 5070
48352, 1887, 5071
48355, 1887, 5070
48358, 1887, 5071
48361, 1887, 5072
48365, 1887, 5072
48368, 1887, 5072
48371, 1887, 5073
48374, 1887, 5073
48377, 1887, 5073
48382, 1887, 5074
48385, 1887, 5074
48388, 1887, 5074
48391, 1887, 5074
48395, 1887, 5074
48400, 1887, 5074
48403, 1887, 5075
48406, 1887, 5075
48411, 1887, 5075
48415, 1887, 5075
48418, 1887, 5075
48421, 1887, 5075
48425, 1887, 5075
48428, 1887, 5075
48432, 1887, 5075
48435, 1887, 5076
48440, 1887, 5076
48444, 1887, 5076
48448, 1888, 5076
48452, 1888, 5077
48456, 1887, 5076
48460, 1887, 5076
48464, 1887, 5076
48467, 1886, 5076
48470, 1886, 5076
48473, 1887, 5077
48477, 1887, 5078
48480, 1887, 5079
48483, 1887, 5079
48486, 1887, 5079
48490, 1887, 5079
48494, 1888, 5079
48498, 1887, 5079
48502, 1887, 5080
48505, 1887, 5081
48510, 1887, 5081
48513, 1887, 5081
48517, 1887, 5082
48521, 1887, 5083
48524, 1887, 5084
48528, 1887, 5085
48532, 1887, 5085
48536, 1887, 5086
48540, 1887, 5087
48544, 1887, 5089
48549, 1887, 5090
48552, 1888, 5092
48556, 1888, 5092
48560, 1888, 5093
48564, 1887, 5094
48568, 1887, 5096
48572, 1887, 5098
48576, 1887, 5099
48579, 1888, 5100
48582, 1888, 5101
48586, 1888, 5102
48589, 1888, 5103
48592, 1888, 5104
48595, 1888, 5105
48598, 1888, 5106
48602, 1888, 5107
48605, 1888, 5107
48608, 1888, 5109
48612, 1889, 5110
48615, 1888, 1
48619, 1888, 2
48622, 1888, 1
48625, 1888, 3
48629, 1888, 4
48634, 1888, 6
48637, 1888, 7
48640, 1888, 8
48643, 1888, 8
48648, 1889, 10
48652, 1889, 10
48655, 1889, 11
48659, 1889, 12
48662, 1889, 14
48665, 1889, 14
48668, 1889, 16
48672, 1889, 16
48676, 1889, 18
48680, 1889, 19
48684, 1889, 21
48687, 1889, 22
48690, 1889, 24
48694, 1889, 25
48697, 1889, 27
48700, 1889, 29
48703, 1889, 31
48707, 1889, 32
48710, 1889, 34
48713, 1889, 36
48716, 1889, 40
48719, 1889, 43
48723, 1889, 46
48726, 1890, 50
48729, 1890, 54
48733, 1891, 59
48736, 1891, 64
48739, 1891, 70
48743, 1891, 79
48748, 1891, 88
48751, 1892, 99
48755, 1892, 114
48759, 1893, 126
48762, 1893, 139
48767, 1893, 146
48770, 1893, 154
48773, 1894, 159
48777, 1894, 164
48780, 1894, 167
48783, 1894, 170
48787, 1894, 172
48790, 1894, 173
48794, 1894, 174
48797, 1894, 174
48800, 1894, 173
48804, 1894, 172
48807, 1894, 170
48810, 1894, 169
48813, 1894, 165
48816, 1894, 160
48819, 1894, 157
48823, 1894, 154
48826, 1894, 152
48829, 1895, 150
48833, 1894, 149
48836, 1894, 147
48840, 1894, 144
48844, 1894, 143
48847, 1894, 141
48852, 1894, 140
48855, 1894, 138
48860, 1894, 135
48863, 1894, 131
48867, 1894, 128
48871, 1894, 121
48875, 1893, 115
48878, 1893, 110
48882, 1893, 103
48885, 1893, 91
48889, 1892, 79
48894, 1892, 70
48897, 1892, 62
48900, 1891, 55
48904, 1891, 48
48908, 1891, 44
48911, 1891, 41
48914, 1891, 37
48918, 1891, 35
48921, 1890, 34
48924, 1890, 32
48928, 1891, 30
48931, 1891, 29
48935, 1891, 28
48939, 1891, 26
48942, 1891, 25
48947, 1891, 24
48951, 1891, 24
48954, 1890, 24
48958, 1890, 24
48962, 1890, 24
48967, 1890, 23
48970, 1890, 23
48974, 1890, 22
48979, 1890, 22
48983, 1890, 22
48986, 1890, 22
48990, 1891, 22
48995, 1891, 21
48999, 1891, 21
49003, 1891, 20
49006, 1891, 18
49010, 1890, 19
49015, 1890, 18
49018, 1890, 17
49022, 1890, 16
49026, 1891, 17
49029, 1891, 16
49032, 1891, 16
49035, 1891, 16
49038, 1890, 16
49041, 1890, 16
49044, 1890, 16
49047, 1890, 15
49051, 1890, 15
49054, 1890, 15
49057, 1890, 15
49062, 1891, 15
49066, 1891, 15
49070, 1891, 15
49073, 1890, 15
49076, 1890, 14
49079, 1890, 14
49082, 1890, 13
49086, 1890, 13
49089, 1890, 13
49092, 1890, 12
49095, 1891, 11
49098, 1891, 11
49101, 1891, 11
49105, 1891, 11
49108, 1891, 10
49111, 1890, 10
49114, 1890, 10
49118, 1890, 10
49121, 1890, 9
49124, 1890, 9
49128, 1890, 9
49131, 1890, 9
49134, 1890, 9
49137, 1890, 8
49140, 1890, 8
49144, 1890, 7
49148, 1890, 6
49151, 1890, 5
49155, 1890, 4
49159, 1889, 3
49163, 1889, 3
49167, 1889, 3
49170, 1889, 2
49175, 1890, 1
49179, 1890, 1
49182, 1890, 0
