4890, 2076, 1
4893, 2076, 1
4897, 2076, -6
4900, 2075, -28
4904, 2074, -59
4907, 2072, -111
4910, 2070, -176
4914, 2067, -269
4918, 2064, -349
4921, 2060, -447
4924, 2056, -551
4928, 2052, -671
4931, 2048, -798
4934, 2044, -935
4938, 2040, -1072
4941, 2036, -1240
4945, 2031, -1407
4949, 2027, -1592
4952, 2022, -1756
4956, 2018, -1921
4959, 2014, -2095
4963, 2009, -2273
4966, 2005, -2457
4970, 2001, -2627
4973, 1997, -2834
4978, 1993, -3038
4982, 1990, -3193
4985, 1986, -3347
4989, 1983, -3482
4992, 1979, -3619
4995, 1976, -3748
4998, 1973, -3869
5001, 1970, -3995
5004, 1968, -4113
5008, 1966, -4223
5011, 1963, -4337
5014, 1961, -4443
5017, 1959, -4543
5020, 1956, -4647
5023, 1953, -4753
5027, 1952, -4853
5030, 1949, -4958
5034, 1946, -5052
5037, 1944, -5135
5041, 1942, -5220
5044, 1939, -5307
5047, 1937, -5389
5050, 1935, -5458
5054, 1933, -5535
5057, 1932, -5607
5060, 1930, -5687
5064, 1929, -5771
5068, 1926, -5841
5071, 1925, -5921
5076, 1923, -5972
5079, 1921, -6031
5082, 1919, -6099
5086, 1918, -6156
5089, 1916, -6202
5092, 1915, -6251
5096, 1914, -6310
5100, 1912, -6370
5104, 1911, -6431
5108, 1909, -6468
5111, 1908, -6507
5114, 1906, -6549
5118, 1906, -6597
5121, 1904, -6642
5124, 1903, -6681
5128, 1902, -6716
5131, 1900, -6744
5134, 1900, -6772
5137, 1899, -6804
5141, 1898, -6843
5144, 1897, -6880
5147, 1896, -6912
5150, 1895, -6940
5153, 1893, -6963
5156, 1893, -6991
5161, 1893, -7014
5164, 1892, -7048
5168, 1891, -7083
5171, 1890, -7116
5174, 1889, -7143
5178, 1888, -7168
5181, 1887, -7189
5184, 1887, -7206
5188, 1887, -7223
5191, 1886, -7242
5194, 1886, -7265
5198, 1885, -7289
5202, 1884, -7314
5205, 1883, -7341
5208, 1881, -7363
5211, 1880, -7382
5215, 1880, -7398
5218, 1879, -7412
5221, 1879, -7423
5225, 1879, -7434
5228, 1879, -7444
5231, 1879, -7455
5234, 1879, -7467
5237, 1878, -7481
5240, 1878, -7497
5243, 1877, -7515
5247, 1876, -7536
5250, 1875, -7556
5253, 1874, -7573
5256, 1873, -7591
5260, 1872, -7602
5263, 1872, -7612
5266, 1872, -7620
5269, 1873, -7627
5272, 1873, -7633
5275, 1873, -7639
5279, 1872, -7645
5282, 1872, -7649
5285, 1872, -7654
5288, 1872, -7660
5291, 1871, -7665
5294, 1871, -7672
5297, 1871, -7680
5301, 1871, -7690
5304, 1871, -7700
5307, 1871, -7711
5310, 1870, -7724
5313, 1870, -7738
5316, 1870, -7753
5320, 1869, -7768
5323, 1868, -7784
5326, 1867, -7796
5329, 1867, -7806
5332, 1867, -7814
5336, 1866, -7820
5339, 1866, -7826
5342, 1866, -7831
5345, 1866, -7835
5348, 1866, -7839
5351, 1866, -7841
5355, 1866, -7845
5358, 1867, -7847
5361, 1867, -7849
5364, 1866, -7850
5367, 1866, -7851
5370, 1866, -7852
5374, 1866, -7854
5377, 1866, -7855
5380, 1866, -7858
5383, 1866, -7859
5386, 1866, -7862
5389, 1866, -7864
5393, 1865, -7867
5396, 1865, -7870
5399, 1865, -7873
5402, 1864, -7877
5405, 1864, -7881
5408, 1864, -7886
5412, 1864, -7892
5416, 1864, -7897
5420, 1864, -7903
5423, 1864, -7909
5426, 1864, -7917
5430, 1863, -7924
5434, 1863, -7932
5437, 1862, -7940
5440, 1862, -7947
5444, 1862, -7954
5447, 1862, -7961
5450, 1861, -7968
5453, 1861, -7975
5456, 1861, -7982
5460, 1861, -7989
5463, 1861, -7998
5467, 1861, -8004
5471, 1860, -8010
5474, 1860, -8016
5478, 1860, -8023
5482, 1860, -8029
5485, 1860, -8034
5488, 1860, -8039
5492, 1859, -8042
5496, 1859, -8043
5500, 1859, -8044
5504, 1859, -8044
5507, 1859, -8044
5510, 1859, -8045
5513, 1859, -8045
5516, 1859, -8045
5520, 1859, -8045
5523, 1859, -8046
5526, 1859, -8046
5530, 1859, -8046
5533, 1859, -8046
5537, 1859, -8046
5540, 1859, -8046
5543, 1859, -8046
5546, 1859, -8046
5549, 1859, -8046
5553, 1859, -8047
5556, 1859, -8047
5559, 1859, -8047
5562, 1859, -8047
5565, 1859, -8047
5568, 1859, -8046
5572, 1859, -8046
5576, 1859, -8047
5580, 1859, -8047
5583, 1859, -8048
5586, 1859, -8048
5590, 1859, -8049
5593, 1859, -8049
5596, 1859, -8049
5599, 1859, -8048
5603, 1859, -8048
5607, 1859, -8048
5610, 1859, -8047
5613, 1859, -8047
5616, 1859, -8046
5620, 1859, -8046
5623, 1859, -8047
5628, 1859, -8047
5631, 1860, -8047
5635, 1859, -8047
5639, 1860, -8047
5642, 1860, -8046
5646, 1860, -8046
5649, 1860, -8046
5652, 1860, -8047
5655, 1859, -8047
5659, 1859, -8047
5662, 1859, -8046
5665, 1859, -8046
5668, 1859, -8046
5672, 1859, -8046
5675, 1859, -8046
5678, 1859, -8046
5681, 1859, -8046
5684, 1860, -8046
5688, 1859, -8046
5691, 1859, -8046
5694, 1859, -8047
5697, 1859, -8048
5701, 1859, -8048
5705, 1859, -8048
5709, 1859, -8048
5712, 1859, -8048
5716, 1859, -8048
5719, 1859, -8049
5723, 1859, -8049
5726, 1859, -8049
5729, 1859, -8049
5733, 1859, -8049
5736, 1859, -8049
5739, 1859, -8049
5742, 1859, -8049
5747, 1859, -8049
5751, 1859, -8049
5755, 1859, -8049
5758, 1859, -8049
5762, 1859, -8050
5766, 1859, -8050
5770, 1859, -8050
5773, 1859, -8050
5776, 1859, -8050
5779, 1859, -8050
5782, 1859, -8050
5786, 1859, -8050
5790, 1859, -8051
5793, 1859, -8051
5796, 1859, -8051
5799, 1859, -8051
5802, 1859, -8051
5806, 1858, -8051
5809, 1859, 0
7822, 1859, -4
7825, 1859, -4
7829, 1858, -13
7832, 1857, -40
7836, 1855, -80
7840, 1852, -136
7843, 1848, -198
7846, 1844, -267
7850, 1840, -355
7853, 1836, -449
7857, 1831, -540
7860, 1827, -639
7864, 1823, -734
7867, 1818, -823
7871, 1814, -920
7874, 1810, -1024
7878, 1806, -1120
7881, 1801, -1209
7884, 1798, -1295
7888, 1794, -1391
7891, 1790, -1479
7895, 1787, -1571
7898, 1784, -1650
7901, 1780, -1733
7904, 1777, -1808
7907, 1773, -1890
7910, 1770, -1964
7914, 1767, -2037
7917, 1764, -2110
7920, 1761, -2184
7924, 1759, -2257
7927, 1756, -2324
7930, 1753, -2415
7935, 1750, -2477
7938, 1748, -2542
7942, 1745, -2606
7945, 1742, -2658
7948, 1739, -2710
7951, 1737, -2764
7954, 1734, -2816
7958, 1732, -2868
7961, 1730, -2920
7964, 1727, -2969
7968, 1726, -3014
7971, 1723, -3061
7974, 1721, -3113
7977, 1719, -3157
7980, 1718, -3196
7984, 1715, -3238
7987, 1713, -3281
7990, 1712, -3320
7993, 1710, -3354
7996, 1709, -3388
7999, 1707, -3432
8003, 1706, -3470
8006, 1704, -3503
8009, 1703, -3533
8012, 1701, -3565
8015, 1700, -3600
8018, 1699, -3635
8021, 1697, -3664
8025, 1696, -3690
8028, 1694, -3717
8031, 1693, -3745
8034, 1692, -3777
8037, 1690, -3807
8040, 1689, -3833
8044, 1688, -3853
8047, 1687, -3874
8050, 1687, -3897
8053, 1685, -3925
8056, 1684, -3953
8060, 1683, -3978
8063, 1682, -3999
8066, 1681, -4018
8069, 1681, -4036
8072, 1680, -4053
8075, 1679, -4073
8078, 1678, -4102
8082, 1677, -4127
8086, 1675, -4150
8090, 1674, -4170
8094, 1674, -4186
8098, 1673, -4201
8102, 1673, -4215
8105, 1672, -4234
8108, 1671, -4254
8112, 1669, -4276
8115, 1668, -4296
8118, 1667, -4312
8121, 1666, -4326
8124, 1666, -4338
8127, 1666, -4349
8132, 1666, -4362
8136, 1666, -4372
8139, 1666, -4382
8142, 1665, -4393
8145, 1664, -4405
8148, 1663, -4420
8151, 1662, -4435
8154, 1661, -4451
8158, 1660, -4464
8161, 1659, -4475
8164, 1659, -4485
8167, 1659, -4492
8170, 1659, -4498
8173, 1659, -4503
8176, 1659, -4508
8180, 1659, -4512
8183, 1659, -4518
8186, 1659, -4524
8189, 1658, -4531
8192, 1658, -4538
8195, 1657, -4547
8198, 1656, -4557
8202, 1656, -4568
8205, 1656, -4580
8208, 1655, -4593
8211, 1654, -4606
8214, 1654, -4619
8218, 1653, -4630
8221, 1652, -4639
8224, 1652, -4646
8227, 1652, -4653
8230, 1652, -4657
8233, 1653, -4661
8237, 1653, -4665
8240, 1652, -4668
8243, 1652, -4671
8246, 1652, -4673
8249, 1652, -4675
8253, 1652, -4677
8256, 1652, -4679
8259, 1652, -4680
8262, 1652, -4683
8265, 1652, -4684
8268, 1651, -4687
8271, 1651, -4689
8275, 1651, -4692
8278, 1651, -4695
8281, 1650, -4699
8284, 1650, -4703
8287, 1650, -4708
8291, 1650, -4712
8294, 1650, -4719
8298, 1649, -4724
8301, 1649, -4731
8305, 1649, -4737
8308, 1649, -4743
8312, 1648, -4750
8315, 1648, -4757
8318, 1647, -4764
8322, 1647, -4772
8325, 1646, -4779
8328, 1646, -4786
8331, 1645, -4793
8334, 1645, -4799
8338, 1644, -4804
8341, 1644, -4808
8345, 1644, -4811
8349, 1644, -4814
8352, 1644, -4814
8355, 1645, -4816
8358, 1645, -4818
8362, 1645, -4819
8366, 1645, -4819
8370, 1645, -4819
8373, 1645, -4820
8377, 1645, -4821
8381, 1645, -4821
8385, 1645, -4822
8388, 1645, -4822
8393, 1645, -4822
8396, 1645, -4822
8400, 1645, -4823
8403, 1645, -4823
8406, 1645, -4823
8409, 1645, -4823
8412, 1645, -4823
8416, 1645, -4823
8419, 1645, -4824
8422, 1645, -4824
8425, 1645, -4825
8428, 1645, -4825
8431, 1645, -4825
8434, 1645, -4825
8437, 1645, -4826
8440, 1645, -4826
8443, 1645, -4827
8446, 1645, -4827
8449, 1645, -4828
8453, 1645, -4829
8456, 1645, -4829
8459, 1645, -4829
8462, 1645, -4830
8465, 1645, -4830
8468, 1645, -4830
8471, 1645, -4830
8475, 1644, -4830
8478, 1645, -4830
8482, 1645, -4830
8485, 1645, -4830
8489, 1645, -4831
8492, 1645, -4832
8497, 1645, -4832
8500, 1645, -4832
8504, 1645, -4833
8507, 1645, -4834
8510, 1645, -4835
8513, 1645, -4836
8517, 1645, -4837
8520, 1645, -4839
8523, 1645, -4840
8526, 1645, -4841
8529, 1645, -4843
8533, 1644, -4844
8536, 1644, -4846
8539, 1644, -4848
8543, 1644, -4850
8547, 1644, -4851
8550, 1644, -4853
8553, 1644, -4853
8557, 1644, -4855
8560, 1643, -4858
8564, 1643, -4860
8568, 1643, -4861
8571, 1643, -4863
8574, 1643, -4863
8578, 1643, -4864
8581, 1643, -4865
8585, 1643, -4867
8588, 1643, -4868
8592, 1643, -4869
8595, 1643, -4870
8598, 1643, -4871
8602, 1643, -4873
8606, 1643, -4874
8610, 1643, -4876
8613, 1643, -4877
8617, 1643, -4877
8620, 1644, -4880
8624, 1644, -4881
8627, 1643, -4882
8630, 1643, -4882
8634, 1643, -4883
8637, 1643, -4884
8641, 1643, -4886
8644, 1642, -4887
8647, 1642, 0
8650, 1642, -2
8654, 1642, -3
8657, 1642, -4
8660, 1642, -6
8663, 1642, -7
8666, 1642, -8
8670, 1642, -9
8673, 1642, -9
8676, 1642, -9
8679, 1642, -11
8684, 1642, -12
8687, 1643, -13
8690, 1642, -14
8693, 1642, -15
8697, 1642, -16
8701, 1642, -18
8704, 1641, -18
8708, 1641, -20
8712, 1641, -21
8716, 1641, -23
8719, 1641, -26
8723, 1641, -29
8726, 1641, -30
8729, 1641, -34
8734, 1641, -36
8737, 1640, -38
8741, 1640, -42
8745, 1640, -46
8749, 1640, -49
8753, 1639, -53
8756, 1639, -56
8760, 1639, -61
8763, 1638, -66
8766, 1638, -70
8769, 1638, -75
8772, 1638, -78
8776, 1638, -81
8779, 1638, -83
8782, 1638, -86
8786, 1638, -87
8789, 1637, -89
8792, 1637, -90
8796, 1637, -91
8799, 1637, -92
8803, 1637, -92
8806, 1637, -92
8810, 1637, -92
8814, 1637, -92
8818, 1637, -92
8821, 1637, -92
8824, 1638, -92
8828, 1638, -91
8832, 1638, -90
8835, 1638, -89
8839, 1638, -88
8843, 1638, -87
8847, 1638, -85
8850, 1638, -85
8854, 1638, -83
8857, 1638, -82
8860, 1638, -79
8865, 1638, -76
8868, 1638, -74
8871, 1638, -71
8875, 1638, -68
8878, 1638, -65
8881, 1639, -61
8884, 1639, -58
8887, 1639, -56
8890, 1639, -53
8894, 1639, -52
8897, 1639, -51
8900, 1639, -50
8904, 1639, -49
8907, 1639, -48
8911, 1639, -47
8914, 1639, -47
8917, 1639, -46
8920, 1639, -46
8925, 1639, -46
8928, 1639, -45
8932, 1639, -44
8936, 1639, -43
8939, 1639, -43
8944, 1639, -43
8947, 1639, -42
8951, 1639, -41
8955, 1639, -41
8959, 1639, -41
8963, 1639, -40
8967, 1639, -39
8972, 1640, -39
8976, 1640, -38
8979, 1640, -37
8983, 1639, -36
8986, 1640, -35
8989, 1639, -35
8992, 1639, -34
8995, 1639, -33
8999, 1640, -32
9002, 1640, -32
9005, 1640, -31
9008, 1641, -30
9012, 1641, -29
9015, 1640, -28
9018, 1640, -27
9021, 1640, -25
9024, 1640, -24
9028, 1640, -22
9031, 1640, -21
9034, 1640, -20
9038, 1640, -18
9042, 1640, -17
9046, 1639, -16
9049, 1640, -14
9052, 1640, -12
9056, 1640, -11
9060, 1640, -10
9063, 1641, -9
9067, 1641, -7
9071, 1641, -6
9076, 1641, -4
9079, 1641, -3
9083, 1642, -2
9087, 1642, -1
9091, 1642, -1
9094, 1642, 0
11108, 1642, 20
11111, 1641, 19
11115, 1641, 12
11118, 1640, -7
11121, 1638, -39
11125, 1636, -91
11129, 1632, -149
11133, 1628, -215
11136, 1623, -287
11140, 1618, -367
11143, 1613, -451
11147, 1608, -536
11151, 1603, -616
11154, 1598, -707
11158, 1594, -800
11161, 1589, -894
11165, 1584, -995
11169, 1580, -1073
11172, 1576, -1160
11175, 1572, -1236
11179, 1568, -1314
11182, 1565, -1398
11185, 1560, -1476
11188, 1557, -1547
11192, 1554, -1629
11195, 1551, -1703
11198, 1547, -1770
11202, 1544, -1845
11205, 1542, -1909
11208, 1539, -1975
11211, 1536, -2039
11215, 1533, -2103
11218, 1531, -2166
11221, 1527, -2229
11225, 1525, -2288
11228, 1522, -2348
11231, 1520, -2406
11234, 1518, -2455
11238, 1516, -2509
11241, 1514, -2566
11244, 1512, -2619
11247, 1509, -2670
11251, 1506, -2727
11254, 1505, -2774
11258, 1503, -2820
11261, 1501, -2867
11264, 1498, -2915
11267, 1497, -2957
11270, 1495, -2996
11273, 1493, -3037
11277, 1491, -3088
11280, 1490, -3131
11283, 1488, -3166
11286, 1487, -3200
11290, 1485, -3239
11293, 1484, -3279
11296, 1483, -3314
11299, 1481, -3344
11302, 1480, -3373
11305, 1479, -3408
11309, 1478, -3446
11312, 1476, -3480
11315, 1475, -3511
11318, 1473, -3537
11321, 1472, -3564
11324, 1472, -3594
11328, 1471, -3625
11331, 1470, -3659
11334, 1468, -3687
11337, 1467, -3712
11340, 1466, -3733
11344, 1465, -3755
11347, 1465, -3778
11350, 1464, -3805
11353, 1463, -3836
11356, 1461, -3862
11359, 1460, -3884
11363, 1460, -3903
11366, 1459, -3920
11369, 1459, -3936
11372, 1458, -3953
11375, 1458, -3974
11378, 1456, -3998
11382, 1456, -4024
11385, 1454, -4050
11388, 1453, -4071
11391, 1452, -4088
11394, 1452, -4103
11397, 1452, -4116
11400, 1452, -4127
11403, 1452, -4139
11407, 1451, -4152
11410, 1451, -4166
11413, 1450, -4183
11416, 1449, -4203
11419, 1447, -4226
11422, 1446, -4247
11425, 1445, -4264
11428, 1445, -4278
11431, 1444, -4290
11435, 1444, -4300
11438, 1444, -4310
11441, 1445, -4317
11444, 1445, -4324
11447, 1445, -4332
11450, 1445, -4341
11453, 1444, -4352
11456, 1443, -4363
11460, 1442, -4376
11463, 1442, -4390
11466, 1441, -4405
11469, 1440, -4422
11472, 1439, -4438
11475, 1439, -4452
11478, 1439, -4463
11482, 1438, -4473
11485, 1438, -4481
11488, 1438, -4487
11491, 1438, -4492
11494, 1438, -4497
11497, 1439, -4501
11500, 1439, -4506
11504, 1439, -4510
11507, 1438, -4514
11510, 1438, -4518
11513, 1438, -4522
11516, 1438, -4528
11519, 1437, -4534
11522, 1437, -4541
11525, 1437, -4549
11529, 1436, -4559
11532, 1436, -4568
11535, 1435, -4579
11538, 1435, -4589
11541, 1434, -4600
11544, 1433, -4612
11547, 1433, -4624
11550, 1433, -4636
11554, 1432, -4648
11557, 1432, -4660
11560, 1432, -4668
11563, 1431, -4675
11566, 1431, -4681
11569, 1431, -4686
11572, 1431, -4690
11575, 1431, -4693
11579, 1431, -4696
11582, 1430, -4698
11585, 1430, -4699
11588, 1430, -4701
11591, 1430, -4703
11594, 1431, -4704
11597, 1431, -4705
11600, 1431, -4706
11603, 1431, -4707
11607, 1431, -4708
11610, 1431, -4708
11613, 1431, -4709
11616, 1431, -4710
11619, 1430, -4711
11622, 1430, -4712
11625, 1430, -4712
11628, 1430, -4713
11632, 1430, -4713
11635, 1430, -4714
11638, 1430, -4715
11641, 1430, -4716
11644, 1430, -4717
11647, 1430, -4718
11650, 1430, -4719
11653, 1430, -4720
11656, 1430, -4722
11659, 1430, -4724
11662, 1429, -4727
11665, 1429, -4730
11668, 1429, -4732
11671, 1429, -4735
11674, 1429, -4738
11677, 1429, -4741
11681, 1428, -4743
11684, 1428, -4747
11687, 1428, -4749
11690, 1428, -4752
11693, 1428, -4755
11696, 1428, -4757
11699, 1428, -4760
11702, 1428, -4763
11705, 1427, -4766
11709, 1428, -4769
11712, 1427, -4773
11715, 1427, -4776
11718, 1427, -4779
11721, 1427, -4782
11724, 1427, -4784
11727, 1427, -4787
11730, 1427, -4790
11734, 1427, -4793
11737, 1427, -4796
11740, 1427, -4799
11743, 1427, -4801
11746, 1427, -4805
11749, 1427, -4807
11752, 1426, -4811
11755, 1426, -4814
11758, 1427, -4816
11761, 1427, -4819
11765, 1426, -4821
11768, 1426, -4824
11771, 1426, -4827
11774, 1426, -4829
11777, 1425, -4830
11780, 1426, -2
11783, 1426, -2
11786, 1426, -2
11789, 1426, -2
11793, 1426, -2
11796, 1426, -1
11799, 1426, -1
11802, 1426, -1
11805, 1426, -1
11808, 1426, 0
13821, 1426, -1
13825, 1426, -1
13828, 1426, -13
13832, 1425, -39
13835, 1423, -76
13838, 1420, -128
13841, 1416, -185
13844, 1412, -256
13847, 1408, -334
13850, 1404, -417
13853, 1400, -507
13856, 1396, -601
13859, 1392, -697
13863, 1388, -806
13866, 1384, -922
13870, 1380, -1035
13873, 1376, -1163
13877, 1372, -1284
13880, 1368, -1403
13884, 1364, -1533
13887, 1359, -1647
13890, 1355, -1753
13894, 1352, -1870
13897, 1349, -2014
13902, 1344, -2118
13905, 1341, -2208
13908, 1338, -2310
13912, 1335, -2397
13915, 1331, -2515
13919, 1328, -2606
13923, 1324, -2719
13927, 1321, -2800
13931, 1318, -2879
13934, 1315, -2953
13937, 1312, -3018
13940, 1310, -3085
13943, 1306, -3152
13946, 1304, -3210
13949, 1302, -3269
13952, 1300, -3336
13956, 1298, -3393
13959, 1296, -3456
13963, 1294, -3518
13966, 1292, -3570
13969, 1290, -3615
13972, 1288, -3663
13975, 1286, -3714
13978, 1284, -3762
13981, 1283, -3803
13985, 1281, -3844
13988, 1279, -3890
13991, 1278, -3933
13994, 1277, -3970
13997, 1275, -4006
14000, 1274, -4046
14004, 1273, -4087
14007, 1271, -4123
14010, 1269, -4154
14013, 1268, -4184
14016, 1266, -4218
14019, 1265, -4258
14023, 1264, -4301
14027, 1263, -4330
14031, 1261, -4357
14034, 1260, -4389
14038, 1258, -4431
14042, 1257, -4468
14046, 1256, -4497
14050, 1254, -4518
14053, 1253, -4542
14057, 1252, -4570
14060, 1251, -4600
14063, 1249, -4624
14067, 1248, -4642
14070, 1247, -4665
14074, 1246, -4689
14079, 1246, -4711
14082, 1245, -4735
14085, 1244, -4765
14089, 1243, -4784
14093, 1241, -4802
14096, 1241, -4816
14100, 1240, -4830
14103, 1239, -4848
14107, 1239, -4866
14111, 1238, -4885
14115, 1236, -4909
14119, 1235, -4929
14122, 1235, -4949
14127, 1234, -4962
14130, 1233, -4975
14134, 1234, -4987
14139, 1233, -4997
14142, 1233, -5009
14146, 1233, -5021
14149, 1232, -5034
14152, 1230, -5056
14157, 1229, -5078
14161, 1228, -5090
14164, 1227, -5101
14167, 1227, -5110
14171, 1227, -5118
14174, 1227, -5124
14177, 1227, -5129
14181, 1226, -5134
14184, 1226, -5138
14187, 1226, -5143
14190, 1226, -5149
14194, 1226, -5157
14197, 1226, -5165
14200, 1225, -5177
14205, 1224, -5192
14209, 1223, -5204
14212, 1222, -5218
14216, 1221, -5232
14219, 1220, -5244
14224, 1220, -5252
14227, 1220, -5258
14230, 1220, -5263
14234, 1220, -5269
14238, 1220, -5272
14241, 1220, -5276
14245, 1220, -5279
14248, 1220, -5281
14252, 1220, -5284
14255, 1220, -5287
14259, 1220, -5289
14262, 1220, -5292
14266, 1220, -5297
14270, 1219, -5301
14274, 1219, -5306
14277, 1218, -5311
14281, 1218, -5317
14284, 1217, -5322
14288, 1217, -5328
14291, 1217, -5334
14294, 1216, -5340
14297, 1216, -5346
14300, 1215, -5353
14304, 1215, -5361
14308, 1214, -5367
14311, 1214, -5374
14314, 1214, -5381
14318, 1213, -5387
14321, 1213, -5393
14325, 1213, -5396
14329, 1213, -5399
14332, 1213, -5401
14336, 1213, -5403
14340, 1213, -5404
14343, 1213, -5405
14347, 1213, -5406
14350, 1213, -5408
14354, 1213, -5408
14357, 1212, -5409
14360, 1213, -5409
14363, 1213, -5410
14366, 1213, -5410
14370, 1213, -5410
14373, 1213, -5410
14376, 1213, -5410
14379, 1213, -5411
14382, 1213, -5411
14385, 1212, -5411
14388, 1212, -5411
14392, 1212, -5412
14395, 1212, -5412
14398, 1212, -5412
14401, 1213, -5413
14404, 1213, -5413
14408, 1213, -5413
14412, 1213, -5413
14415, 1213, -5413
14418, 1213, -5414
14421, 1212, -5414
14426, 1212, -5415
14430, 1212, -5415
14433, 1212, -5416
14436, 1212, -5416
14439, 1212, -5417
14443, 1212, -5417
14446, 1212, -5417
14450, 1213, -5418
14454, 1213, -5419
14458, 1213, -5420
14461, 1213, -5421
14465, 1213, -5422
14468, 1212, -5423
14471, 1212, -5424
14476, 1212, -5425
14479, 1212, -5426
14482, 1212, -5428
14486, 1212, -5430
14491, 1212, -5432
14494, 1212, -5433
14497, 1211, -5435
14501, 1211, -5437
14504, 1211, -5438
14507, 1211, -5440
14510, 1211, -5442
14513, 1211, -5443
14516, 1211, -5444
14519, 1211, -5446
14523, 1210, -5448
14526, 1210, -5450
14530, 1211, -5451
14533, 1211, -5453
14537, 1211, -5454
14541, 1210, -5456
14544, 1210, -5458
14547, 1210, -5459
14550, 1210, -5460
14554, 1210, -5461
14557, 1210, -5462
14560, 1210, -5464
14565, 1210, -5466
14569, 1210, -5467
14572, 1210, -5468
14576, 1210, -5469
14580, 1210, -5470
14583, 1211, -5471
14587, 1210, -5472
14590, 1210, -5473
14594, 1210, -5474
14599, 1209, -5475
14602, 1209, -2
14605, 1209, -2
14608, 1209, -3
14611, 1209, -4
14615, 1209, -5
14618, 1209, -6
14621, 1209, -7
14624, 1209, -9
14628, 1209, -10
14631, 1209, -11
14634, 1209, -12
14637, 1209, -13
14641, 1209, -14
14645, 1209, -15
14648, 1209, -17
14652, 1209, -18
14655, 1208, -20
14658, 1208, -21
14662, 1208, -22
14665, 1208, -24
14668, 1208, -25
14671, 1208, -28
14676, 1208, -31
14680, 1208, -33
14683, 1208, -36
14686, 1207, -39
14690, 1207, -44
14694, 1207, -48
14698, 1207, -52
14701, 1207, -57
14705, 1206, -64
14710, 1206, -68
14713, 1206, -71
14717, 1206, -74
14720, 1206, -77
14723, 1206, -79
14726, 1206, -81
14729, 1205, -82
14733, 1206, -84
14736, 1206, -85
14739, 1206, -86
14744, 1206, -86
14747, 1206, -86
14751, 1206, -86
14754, 1206, -86
14759, 1206, -86
14763, 1206, -86
14766, 1206, -85
14769, 1206, -85
14772, 1206, -84
14776, 1206, -83
14779, 1206, -82
14782, 1206, -81
14786, 1206, -80
14789, 1206, -79
14792, 1206, -78
14795, 1206, -77
14798, 1206, -75
14801, 1206, -74
14804, 1206, -72
14807, 1206, -70
14811, 1206, -67
14814, 1206, -65
14817, 1207, -62
14820, 1206, -58
14823, 1207, -54
14826, 1207, -50
14829, 1207, -46
14832, 1207, -41
14836, 1208, -37
14839, 1208, -32
14842, 1208, -29
14845, 1209, -26
14848, 1208, -24
14851, 1208, -22
14854, 1208, -21
14858, 1208, -19
14861, 1208, -18
14864, 1208, -17
14867, 1208, -17
14870, 1208, -16
14873, 1208, -16
14876, 1208, -15
14879, 1209, -15
14883, 1209, -15
14886, 1209, -15
14889, 1208, -14
14892, 1208, -14
14895, 1208, -14
14898, 1208, -14
14901, 1208, -14
14905, 1208, -14
14908, 1208, -14
14912, 1208, -14
14916, 1208, -14
14919, 1208, -14
14923, 1209, -14
14927, 1209, -13
14930, 1209, -13
14934, 1209, -13
14938, 1208, -13
14941, 1208, -13
14944, 1208, -13
14947, 1208, -13
14950, 1208, -13
14954, 1208, -12
14957, 1208, -12
14960, 1208, -12
14963, 1208, -12
14967, 1209, -12
14971, 1209, -12
14975, 1208, -12
14978, 1208, -12
14982, 1208, -12
14985, 1208, -12
14990, 1208, -12
14993, 1209, -12
14997, 1209, -12
15000, 1209, -12
15004, 1209, -12
15009, 1208, -12
15012, 1208, -12
15017, 1208, -11
15020, 1208, -11
15023, 1208, -11
15028, 1209, -10
15031, 1209, -10
15034, 1209, -10
15038, 1209, -10
15041, 1209, -10
15044, 1208, -10
15047, 1208, -10
15050, 1208, -10
15053, 1208, -10
15057, 1209, -10
15060, 1209, -10
15063, 1209, -10
15067, 1209, -10
15070, 1209, -10
15074, 1209, -10
15078, 1209, -10
15081, 1209, -10
15085, 1209, -10
15089, 1208, -9
15092, 1209, -9
15095, 1209, -9
15099, 1209, -9
15102, 1209, -9
15106, 1209, -9
15109, 1209, -9
15113, 1209, -8
15116, 1209, -8
15120, 1209, -8
15123, 1209, -7
15128, 1209, -7
15131, 1209, -7
15134, 1209, -7
15139, 1209, -7
15143, 1208, -7
15148, 1208, -7
15151, 1208, -7
15154, 1208, -7
15157, 1208, -7
15160, 1208, -7
15163, 1209, -7
15167, 1209, -7
15170, 1209, -6
15173, 1209, -6
15176, 1209, -5
15179, 1209, -5
15183, 1209, -5
15186, 1209, -5
15189, 1209, -5
15192, 1209, -4
15196, 1209, -4
15199, 1209, -4
15203, 1209, -4
15206, 1209, -3
15210, 1209, -3
15213, 1209, -3
15216, 1209, -3
15220, 1209, -2
15223, 1209, -2
15226, 1209, -2
15229, 1209, -2
15232, 1209, -1
15235, 1209, -1
15238, 1209, -1
15241, 1209, -1
15244, 1209, 0
17258, 1209, 15
17261, 1209, 15
17265, 1209, 8
17268, 1208, -10
17272, 1207, -39
17275, 1205, -76
17278, 1201, -128
17283, 1197, -193
17287, 1192, -255
17290, 1188, -317
17294, 1183, -383
17297, 1178, -447
17301, 1175, -515
17304, 1170, -588
17308, 1165, -661
17311, 1161, -733
17315, 1157, -802
17319, 1153, -870
17322, 1149, -944
17326, 1145, -1010
17329, 1142, -1072
17333, 1138, -1130
17336, 1134, -1189
17339, 1131, -1248
17343, 1127, -1309
17346, 1124, -1366
17349, 1120, -1423
17353, 1118, -1474
17356, 1114, -1531
17359, 1112, -1579
17363, 1109, -1626
17366, 1106, -1674
17369, 1103, -1717
17372, 1101, -1764
17376, 1099, -1813
17379, 1097, -1855
17382, 1094, -1912
17386, 1091, -1953
17390, 1089, -2005
17394, 1086, -2059
17398, 1083, -2095
17402, 1081, -2133
17405, 1079, -2177
17409, 1076, -2212
17412, 1075, -2258
17416, 1072, -2297
17420, 1070, -2332
17423, 1068, -2368
17427, 1065, -2404
17430, 1063, -2436
17434, 1061, -2467
17438, 1060, -2508
17442, 1057, -2540
17445, 1056, -2567
17449, 1055, -2589
17452, 1054, -2612
17455, 1052, -2638
17458, 1051, -2667
17462, 1050, -2692
17465, 1049, -2713
17468, 1048, -2733
17471, 1047, -2755
17475, 1045, -2781
17478, 1044, -2813
17482, 1042, -2835
17486, 1041, -2855
17490, 1039, -2876
17493, 1038, -2899
17497, 1037, -2929
17501, 1036, -2948
17505, 1034, -2962
17508, 1034, -2980
17512, 1033, -3006
17517, 1031, -3030
17521, 1030, -3055
17525, 1029, -3070
17529, 1028, -3084
17532, 1027, -3095
17535, 1027, -3108
17538, 1026, -3123
17542, 1025, -3139
17545, 1024, -3156
17548, 1023, -3172
17552, 1021, -3185
17555, 1021, -3195
17558, 1020, -3204
17562, 1020, -3213
17565, 1020, -3222
17568, 1020, -3231
17572, 1019, -3241
17575, 1019, -3254
17578, 1017, -3268
17581, 1016, -3289
17586, 1015, -3301
17589, 1014, -3313
17594, 1014, -3321
17597, 1014, -3329
17601, 1014, -3335
17605, 1014, -3342
17608, 1013, -3351
17612, 1013, -3361
17616, 1012, -3371
17619, 1011, -3383
17623, 1010, -3395
17626, 1009, -3408
17629, 1008, -3419
17633, 1007, -3427
17636, 1007, -3434
17639, 1007, -3440
17643, 1007, -3446
17646, 1007, -3450
17649, 1007, -3453
17653, 1007, -3456
17656, 1007, -3459
17659, 1007, -3462
17662, 1007, -3465
17665, 1006, -3469
17668, 1006, -3473
17672, 1005, -3478
17675, 1005, -3483
17678, 1005, -3489
17682, 1004, -3495
17685, 1004, -3502
17688, 1003, -3509
17691, 1003, -3520
17696, 1002, -3531
17700, 1002, -3538
17703, 1001, -3544
17707, 1001, -3549
17710, 1000, -3554
17715, 1000, -3557
17718, 1001, -3559
17721, 1001, -3562
17724, 1001, -3564
17728, 1001, -3566
17733, 1001, -3567
17736, 1000, -3569
17740, 1000, -3571
17745, 1000, -3572
17749, 1000, -3573
17752, 1000, -3575
17756, 1000, -3576
17760, 1000, -3578
17765, 1000, -3581
17768, 999, -3583
17771, 999, -3586
17774, 999, -3589
17777, 999, -3593
17780, 998, -3596
17784, 998, -3600
17787, 998, -3604
17790, 998, -3609
17795, 998, -3613
17798, 998, -3619
17802, 998, -3623
17806, 997, -3630
17810, 996, -3635
17814, 996, -3641
17818, 996, -3646
17821, 995, -3651
17824, 995, -3655
17828, 995, -3661
17833, 994, -3665
17836, 994, -3670
17841, 994, -3675
17844, 994, -3678
17848, 994, -3682
17852, 994, -3685
17856, 994, -3687
17860, 994, -3689
17863, 993, -3690
17866, 993, -3690
17869, 993, -3691
17872, 994, -3692
17876, 994, -3692
17879, 994, -3692
17882, 994, -3693
17885, 994, -3693
17889, 994, -3692
17892, 994, -3692
17895, 994, -3692
17899, 994, -3693
17902, 994, -3693
17905, 995, -3693
17908, 995, -3693
17913, 994, -3693
17916, 994, -3693
17920, 994, -3693
17924, 994, -3693
17927, 993, -3693
17931, 994, -3693
17934, 994, -3693
17937, 994, -3693
17941, 993, -3693
17944, 993, -3693
17948, 993, -3693
17952, 993, -3693
17956, 993, -3693
17960, 993, -3693
17965, 993, -3693
17968, 994, -3693
17971, 994, -3693
17975, 994, -3693
17978, 994, -3693
17982, 994, -3693
17986, 994, -3693
17989, 994, -3693
17992, 994, -3693
17995, 994, -3693
17998, 993, -3693
18001, 993, -3694
18005, 993, -3694
18008, 993, -3694
18011, 994, -3694
18016, 994, -3694
18019, 994, -3694
18022, 993, -3694
18026, 994, -3695
18030, 994, -3695
18034, 994, -3695
18037, 994, -3695
18041, 994, -3695
18045, 993, -3695
18048, 993, -3695
18052, 993, -3695
18056, 993, -3695
18059, 994, -3695
18062, 994, -3695
18066, 994, -3695
18069, 994, -3695
18073, 994, -3695
18076, 994, -3696
18079, 994, -3696
18083, 993, -3696
18086, 993, -3696
18090, 993, -3696
18094, 994, -3696
18097, 994, -3696
18100, 994, -3697
18104, 994, -3697
18107, 994, -3697
18110, 994, -3697
18114, 994, -3697
18117, 994, -3697
18120, 994, -3698
18123, 994, -3698
18126, 994, -3698
18131, 994, -3698
18135, 994, -3698
18139, 994, -3699
18142, 994, -3699
18146, 994, -3699
18149, 994, -3700
18152, 994, -3700
18156, 994, -3700
18159, 994, -3701
18163, 994, -3701
18166, 993, -3702
18170, 993, -3702
18174, 993, -3703
18177, 993, -3703
18180, 992, -3704
18185, 993, 0
20198, 993, -14
20202, 993, -14
20205, 993, -19
20208, 992, -29
20211, 990, -47
20214, 988, -73
20217, 985, -104
20221, 982, -141
20224, 978, -186
20228, 974, -234
20231, 970, -279
20234, 966, -327
20237, 963, -381
20241, 959, -434
20244, 955, -494
20248, 952, -556
20251, 948, -615
20254, 944, -677
20258, 940, -742
20261, 936, -804
20265, 933, -870
20268, 929, -935
20272, 926, -1001
20276, 922, -1068
20279, 920, -1129
20282, 916, -1187
20286, 913, -1245
20289, 909, -1308
20293, 907, -1366
20296, 903, -1428
20300, 901, -1478
20303, 897, -1531
20306, 894, -1580
20310, 892, -1639
20313, 889, -1691
20316, 887, -1735
20319, 884, -1780
20322, 882, -1828
20325, 880, -1873
20328, 877, -1918
20332, 875, -1965
20335, 873, -2006
20338, 871, -2046
20341, 869, -2091
20344, 867, -2133
20347, 865, -2171
20350, 863, -2213
20353, 861, -2262
20357, 859, -2298
20360, 858, -2338
20363, 855, -2383
20367, 853, -2423
20370, 852, -2457
20374, 850, -2496
20377, 848, -2537
20380, 847, -2571
20383, 845, -2603
20387, 844, -2638
20390, 842, -2680
20394, 840, -2713
20397, 839, -2743
20400, 837, -2772
20404, 836, -2807
20407, 834, -2844
20410, 833, -2872
20414, 832, -2895
20417, 830, -2919
20420, 830, -2945
20423, 828, -2977
20426, 827, -3006
20429, 826, -3032
20432, 824, -3053
20435, 824, -3077
20439, 823, -3100
20442, 822, -3127
20445, 821, -3154
20448, 820, -3176
20451, 819, -3195
20455, 818, -3212
20458, 817, -3230
20461, 817, -3250
20464, 816, -3273
20467, 815, -3299
20470, 813, -3323
20473, 812, -3344
20476, 811, -3361
20480, 811, -3377
20483, 811, -3391
20486, 810, -3406
20489, 810, -3424
20492, 809, -3445
20496, 808, -3470
20499, 807, -3491
20503, 806, -3508
20506, 805, -3523
20510, 804, -3535
20513, 804, -3548
20517, 803, -3562
20520, 803, -3576
20523, 802, -3593
20526, 802, -3612
20530, 801, -3633
20533, 800, -3651
20536, 800, -3667
20539, 800, -3680
20542, 799, -3690
20545, 799, -3700
20548, 799, -3708
20552, 798, -3716
20555, 798, -3723
20558, 798, -3732
20561, 797, -3741
20564, 797, -3752
20567, 796, -3764
20570, 795, -3778
20573, 794, -3796
20577, 793, -3813
20580, 792, -3827
20583, 792, -3839
20586, 791, -3850
20589, 792, -3858
20592, 792, -3865
20596, 792, -3870
20599, 792, -3876
20602, 792, -3881
20606, 792, -3886
20609, 791, -3892
20613, 791, -3899
20616, 791, -3906
20619, 790, -3914
20623, 790, -3923
20626, 789, -3932
20629, 789, -3943
20632, 789, -3954
20636, 788, -3964
20639, 787, -3976
20642, 787, -3989
20645, 786, -3999
20648, 785, -4007
20652, 785, -4015
20655, 785, -4020
20658, 785, -4025
20661, 785, -4029
20665, 785, -4033
20668, 785, -4036
20671, 785, -4038
20675, 785, -4039
20678, 785, -4041
20681, 785, -4042
20685, 785, -4044
20688, 785, -4045
20691, 785, -4047
20695, 785, -4048
20698, 785, -4050
20702, 784, -4053
20705, 785, -4056
20708, 785, -4059
20712, 785, -4064
20715, 784, -4068
20719, 784, -4074
20722, 783, -4080
20726, 783, -4087
20729, 782, -4094
20732, 782, -4101
20735, 782, -4107
20739, 782, -4115
20742, 782, -4122
20745, 782, -4130
20748, 782, -4137
20751, 781, -4145
20755, 781, -4153
20758, 780, -4160
20761, 780, -4168
20764, 780, -4175
20767, 779, -4182
20770, 779, -4189
20774, 779, -4196
20777, 779, -4201
20780, 778, -4205
20783, 778, -4208
20786, 779, -4211
20789, 778, -4212
20792, 778, -4215
20796, 778, -4216
20799, 778, -4217
20802, 778, -4219
20806, 778, -4220
20809, 779, -4220
20812, 778, -4221
20816, 778, -4221
20819, 779, -4222
20823, 779, -4222
20826, 778, -4223
20829, 779, -4223
20833, 779, -4223
20836, 779, -4223
20839, 779, -4223
20842, 779, -4223
20845, 779, -4223
20848, 779, -4223
20852, 778, -4224
20855, 778, -4224
20858, 778, -4224
20861, 779, -4224
20864, 779, -4224
20867, 779, -4224
20870, 779, -4224
20873, 778, -4224
20876, 778, -4224
20879, 778, -4224
20883, 779, -4224
20886, 779, -4224
20889, 779, -4224
20892, 779, -4224
20895, 779, -4225
20898, 779, -4225
20901, 778, -4225
20905, 778, -4226
20908, 778, -4226
20911, 778, -4226
20914, 778, -4226
20917, 779, -4226
20921, 779, -4226
20924, 779, -4226
20927, 778, -4226
20930, 778, -4227
20933, 779, -4227
20936, 779, -4228
20939, 778, -4228
20942, 778, -4228
20945, 778, -4229
20948, 778, -4229
20951, 778, -4229
20955, 778, -4229
20958, 778, -4229
20961, 778, -4229
20964, 779, -4230
20967, 779, -4231
20970, 779, -4231
20973, 778, -4231
20976, 778, -4232
20979, 778, -4232
20982, 778, -4233
20985, 778, -4234
20988, 778, -4235
20992, 778, -4236
20995, 778, -4236
20998, 778, -4237
21001, 778, -4238
21004, 778, -4239
21007, 778, -4239
21011, 778, -4240
21014, 777, -4242
21017, 778, -4243
21020, 778, -4243
21023, 778, -4244
21026, 778, -4245
21029, 778, -4246
21033, 778, -4247
21036, 777, -4248
21039, 777, -4249
21043, 777, -4250
21046, 777, -4251
21050, 777, -4252
21053, 777, -4253
21057, 777, -4254
21060, 777, -4255
21063, 777, -4256
21066, 777, -4257
21069, 777, -4258
21073, 776, -4259
21076, 776, -1
21079, 776, -1
21082, 776, -2
21085, 776, -2
21088, 776, -3
21091, 776, -4
21095, 776, -4
21098, 776, -5
21102, 776, -6
21106, 776, -6
21109, 776, -7
21113, 776, -8
21116, 776, -9
21120, 776, -10
21124, 776, -11
21128, 776, -12
21132, 777, -13
21136, 776, -14
21140, 776, -15
21143, 776, -16
21148, 776, -18
21152, 776, -18
21156, 776, -20
21160, 776, -21
21164, 776, -23
21168, 776, -24
21172, 775, -25
21175, 775, -27
21178, 775, -28
21181, 775, -30
21185, 775, -33
21188, 775, -34
21191, 775, -37
21195, 775, -39
21198, 774, -42
21201, 774, -45
21204, 774, -49
21208, 774, -54
21212, 774, -58
21215, 773, -66
21220, 773, -73
21223, 772, -81
21226, 772, -91
21231, 772, -99
21234, 771, -105
21238, 771, -110
21241, 771, -114
21245, 771, -118
21249, 771, -121
21252, 772, -124
21256, 772, -125
21259, 772, -126
21262, 772, -126
21266, 772, -127
21269, 772, -127
21272, 772, -127
21277, 772, -125
21281, 772, -124
21284, 772, -123
21288, 772, -121
21291, 772, -119
21294, 772, -117
21297, 772, -113
21300, 772, -110
21304, 772, -106
21307, 772, -101
21310, 772, -95
21313, 772, -89
21316, 773, -84
21320, 773, -80
21323, 773, -77
21327, 773, -74
21331, 773, -71
21334, 773, -69
21338, 773, -67
21342, 773, -66
21345, 774, -65
21348, 774, -63
21352, 774, -62
21357, 774, -61
21360, 774, -61
21364, 774, -60
21367, 774, -59
21370, 774, -58
21373, 773, -58
21377, 773, -57
21380, 773, -55
21383, 773, -54
21386, 773, -53
21389, 774, -51
21393, 774, -49
21396, 774, -47
21399, 774, -46
21403, 774, -44
21406, 774, -42
21409, 774, -40
21412, 774, -38
21415, 774, -36
21418, 775, -34
21421, 774, -32
21424, 775, -29
21428, 774, -27
21431, 774, -25
21434, 774, -23
21437, 775, -21
21441, 774, -19
21444, 775, -17
21447, 775, -16
21450, 775, -14
21453, 775, -12
21457, 776, -10
21460, 776, -9
21463, 776, -7
21467, 776, -5
21471, 776, -4
21474, 776, -3
21477, 776, -1
21481, 776, 0
23494, 776, 7
23498, 776, 7
23501, 776, 3
23504, 775, -15
23508, 774, -48
23511, 771, -90
23514, 768, -147
23518, 764, -210
23521, 761, -287
23525, 757, -365
23528, 753, -450
23531, 749, -540
23534, 745, -634
23538, 741, -732
23541, 738, -836
23545, 734, -973
23549, 730, -1082
23552, 726, -1204
23556, 722, -1312
23559, 718, -1436
23563, 713, -1567
23567, 710, -1686
23571, 706, -1815
23574, 703, -1930
23578, 699, -2044
23581, 696, -2158
23584, 692, -2307
23589, 690, -2412
23592, 686, -2522
23595, 683, -2626
23598, 680, -2738
23601, 677, -2840
23605, 675, -2937
23608, 672, -3047
23611, 669, -3147
23614, 667, -3244
23617, 665, -3351
23620, 662, -3444
23623, 660, -3536
23627, 658, -3643
23630, 656, -3741
23633, 654, -3830
23636, 652, -3933
23639, 649, -4043
23643, 648, -4135
23646, 646, -4240
23650, 644, -4348
23653, 642, -4441
23657, 641, -4533
23660, 639, -4634
23664, 637, -4745
23668, 636, -4827
23671, 634, -4947
23676, 631, -5032
23679, 629, -5112
23683, 627, -5194
23686, 625, -5300
23691, 623, -5374
23694, 622, -5442
23698, 620, -5505
23701, 618, -5578
23705, 617, -5646
23708, 616, -5699
23711, 614, -5748
23714, 613, -5801
23717, 612, -5859
23720, 611, -5919
23724, 610, -5970
23727, 609, -6014
23730, 608, -6056
23733, 607, -6118
23738, 606, -6175
23741, 604, -6230
23745, 603, -6277
23748, 602, -6315
23752, 601, -6350
23755, 600, -6399
23759, 599, -6461
23764, 598, -6513
23768, 597, -6564
23772, 596, -6604
23776, 595, -6632
23780, 594, -6661
23783, 594, -6694
23786, 593, -6730
23790, 591, -6770
23793, 590, -6804
23796, 589, -6833
23799, 588, -6858
23802, 588, -6879
23806, 588, -6898
23809, 588, -6918
23812, 588, -6939
23815, 587, -6964
23818, 586, -6991
23821, 585, -7021
23824, 584, -7051
23827, 583, -7076
23830, 582, -7098
23833, 582, -7117
23836, 582, -7133
23840, 582, -7146
23843, 582, -7159
23846, 581, -7172
23849, 581, -7186
23852, 581, -7202
23855, 580, -7218
23858, 580, -7238
23861, 579, -7265
23865, 578, -7291
23868, 577, -7315
23871, 576, -7334
23874, 576, -7352
23877, 576, -7365
23881, 576, -7378
23884, 576, -7388
23887, 576, -7397
23890, 576, -7404
23893, 576, -7412
23896, 576, -7419
23899, 576, -7427
23902, 575, -7437
23905, 575, -7448
23908, 574, -7460
23912, 574, -7474
23915, 573, -7488
23918, 572, -7503
23921, 571, -7519
23924, 571, -7537
23927, 570, -7555
23930, 570, -7572
23933, 569, -7586
23937, 569, -7598
23940, 569, -7607
23943, 568, -7616
23946, 568, -7623
23949, 569, -7628
23952, 569, -7633
23955, 569, -7638
23958, 569, -7642
23962, 569, -7645
23965, 569, -7647
23968, 569, -7650
23971, 568, -7653
23974, 569, -7656
23977, 569, -7659
23980, 569, -7662
23983, 569, -7666
23987, 569, -7670
23990, 569, -7675
23993, 568, -7681
23996, 568, -7688
23999, 568, -7696
24002, 567, -7704
24005, 567, -7712
24008, 567, -7721
24012, 566, -7730
24015, 566, -7739
24018, 566, -7748
24021, 565, -7758
24024, 565, -7767
24027, 565, -7777
24030, 565, -7787
24034, 565, -7798
24037, 564, -7808
24040, 564, -7818
24043, 563, -7826
24046, 563, -7836
24050, 563, -7845
24053, 563, -7851
24056, 563, -7855
24059, 563, -7859
24062, 562, -7863
24065, 562, -7865
24068, 562, -7868
24072, 562, -7870
24075, 562, -7871
24078, 562, -7873
24081, 562, -7874
24084, 562, -7874
24088, 562, -7875
24091, 562, -7876
24094, 562, -7877
24097, 563, -7877
24100, 562, -7878
24103, 562, -7878
24106, 562, -7879
24110, 562, -7879
24113, 562, -7879
24117, 562, -7879
24121, 562, -7879
24125, 562, -7880
24129, 562, -7880
24133, 562, -7880
24138, 562, -7881
24141, 562, -7882
24145, 562, -7882
24148, 562, -7882
24152, 562, -7882
24155, 562, -7882
24159, 562, -7883
24162, 562, -7883
24165, 562, -7883
24169, 562, -7883
24172, 562, -7885
24177, 562, -7885
24180, 562, -7885
24185, 562, -7886
24188, 562, -7886
24192, 562, -7886
24196, 562, -7887
24199, 562, -7888
24203, 562, -7890
24207, 562, -7890
24211, 563, -7892
24214, 563, -7894
24219, 563, -7895
24222, 562, -7897
24225, 562, -7899
24230, 562, -7901
24233, 562, -7904
24238, 562, -7906
24241, 562, -7909
24244, 562, -7912
24247, 562, -7915
24251, 562, -7917
24254, 561, -7920
24258, 561, -7924
24261, 562, -7927
24264, 562, -7930
24267, 562, -7933
24270, 561, -7936
24274, 561, -7940
24277, 561, -7943
24280, 561, -7947
24284, 560, -7952
24288, 560, -7955
24292, 560, -7958
24295, 560, -7961
24298, 560, -7964
24302, 560, -7968
24306, 560, -7970
24310, 560, -7973
24313, 560, -7975
24318, 559, -7978
24322, 559, -2
24326, 559, -2
24330, 559, -2
24334, 559, -3
24338, 560, -3
24342, 560, -3
24345, 560, -3
24349, 560, -2
24353, 560, -2
24356, 560, -2
24359, 560, -2
24363, 560, -2
24366, 560, -2
24369, 560, -2
24372, 560, -2
24375, 560, -2
24379, 560, -2
24382, 560, -2
24386, 560, -2
24390, 560, -2
24393, 561, -2
24397, 560, -1
24400, 560, -1
24403, 560, -1
24408, 559, -1
24411, 559, -1
24415, 559, -2
24418, 559, -2
24422, 560, -2
24426, 560, -2
24429, 560, -2
24433, 560, -2
24437, 560, -2
24440, 560, -2
24443, 560, -2
24447, 560, -2
24450, 561, -2
24454, 560, -2
24458, 560, -2
24462, 560, -2
24466, 560, -2
24469, 560, -2
24472, 560, -2
24475, 560, -2
24479, 560, -2
24482, 560, -2
24485, 560, -2
24488, 560, -2
24491, 560, -2
24494, 560, -3
24498, 560, -3
24502, 560, -3
24505, 560, -3
24509, 560, -3
24512, 560, -3
24516, 560, -3
24520, 560, -3
24524, 561, -3
24528, 561, -3
24531, 561, -3
24535, 561, -3
24538, 561, -3
24542, 560, -4
24546, 560, -4
24549, 560, -4
24554, 560, -4
24558, 559, -4
24562, 559, -5
24565, 559, -5
24570, 559, -5
24573, 559, -5
24577, 560, -5
24580, 560, -5
24583, 560, -5
24586, 560, -5
24589, 560, -5
24592, 560, -5
24596, 560, -5
24599, 560, -5
24603, 560, -5
24608, 560, -5
24611, 560, -5
24614, 560, -6
24618, 560, -6
24622, 560, -6
24627, 560, -6
24630, 560, -7
24633, 560, -7
24637, 560, -8
24641, 560, -8
24644, 560, -8
24648, 560, -8
24652, 560, -8
24656, 560, -9
24659, 560, -9
24663, 560, -9
24667, 560, -9
24672, 560, -9
24676, 560, -10
24679, 560, -10
24682, 560, -10
24686, 560, -10
24689, 560, -10
24692, 560, -10
24695, 560, -10
24698, 560, -11
24702, 560, -11
24705, 560, -11
24708, 560, -12
24712, 560, -12
24715, 559, -13
24718, 559, -13
24722, 559, -13
24725, 559, -13
24728, 559, -13
24732, 559, -13
24735, 559, -13
24738, 559, -14
24741, 559, -14
24745, 559, -15
24748, 559, -15
24751, 560, -15
24754, 560, -16
24758, 560, -17
24761, 560, -17
24765, 560, -18
24769, 560, -19
24773, 560, -20
24776, 560, -21
24779, 560, -21
24783, 560, -23
24787, 560, -24
24790, 560, -25
24794, 559, -26
24797, 559, -27
24800, 559, -28
24803, 559, -30
24807, 559, -31
24810, 559, -33
24813, 559, -35
24817, 558, -37
24821, 558, -39
24824, 558, -41
24827, 558, -44
24831, 558, -47
24834, 558, -50
24837, 558, -53
24841, 558, -56
24844, 557, -60
24847, 557, -65
24851, 557, -70
24854, 557, -76
24857, 557, -82
24860, 556, -89
24864, 556, -96
24867, 556, -104
24870, 555, -113
24873, 555, -125
24877, 554, -139
24880, 554, -154
24883, 554, -166
24886, 553, -178
24890, 553, -187
24893, 553, -195
24896, 553, -201
24900, 553, -206
24903, 553, -208
24906, 553, -210
24909, 552, -210
24912, 553, -210
24915, 553, -209
24919, 553, -207
24922, 553, -204
24925, 554, -199
24928, 554, -191
24932, 554, -184
24935, 554, -177
24939, 554, -172
24942, 555, -168
24945, 555, -164
24949, 554, -159
24953, 555, -155
24957, 555, -150
24961, 554, -146
24964, 555, -140
24967, 555, -133
24971, 556, -123
24976, 556, -113
24979, 556, -104
24982, 556, -90
24987, 557, -77
24991, 557, -62
24995, 557, -50
24999, 558, -34
25003, 559, -17
25008, 559, -2
25012, 559, 7
25015, 560, 16
25018, 560, 24
25022, 560, 31
25025, 560, 37
25028, 561, 43
25031, 560, 48
25034, 560, 53
25037, 561, 57
25041, 561, 61
25045, 561, 63
25048, 561, 67
25052, 561, 69
25056, 561, 71
25060, 561, 72
25063, 561, 74
25066, 561, 74
25070, 561, 75
25074, 561, 76
25077, 561, 76
25082, 561, 76
25086, 561, 76
25089, 561, 75
25093, 561, 75
25096, 561, 74
25099, 561, 73
25103, 560, 72
25107, 560, 71
25111, 561, 69
25115, 561, 68
25118, 561, 67
25122, 561, 65
25125, 561, 64
25128, 561, 62
25131, 561, 60
25135, 560, 58
25138, 560, 56
25141, 560, 55
25144, 560, 53
25148, 560, 50
25151, 560, 48
25154, 560, 44
25157, 560, 40
25160, 560, 35
25164, 560, 30
25167, 560, 25
25171, 559, 18
25175, 559, 13
25178, 559, 8
25181, 559, 3
25185, 559, -2
25188, 559, -7
25192, 559, -11
25197, 559, -15
25200, 558, -19
25204, 558, -22
25208, 558, -26
25212, 558, -30
25217, 558, -34
25220, 558, -38
25225, 557, -42
25228, 557, -46
25231, 557, -49
25234, 557, -52
25237, 557, -55
25241, 557, -58
25244, 557, -60
25247, 557, -62
25251, 557, -64
25255, 557, -65
25258, 557, -66
25261, 557, -67
25265, 558, -68
25268, 558, -69
25272, 558, -69
25275, 558, -69
25279, 558, -69
25282, 558, -70
25286, 558, -70
25290, 558, -69
25293, 558, -69
25297, 558, -68
25300, 557, -67
25304, 557, -66
25308, 557, -65
25312, 557, -63
25316, 557, -62
25320, 558, -61
25324, 558, -60
25327, 558, -58
25331, 557, -56
25335, 557, -55
25338, 557, -54
25341, 557, -52
25345, 557, -50
25348, 557, -49
25351, 558, -47
25354, 558, -45
25357, 558, -43
25361, 558, -41
25364, 558, -37
25367, 558, -34
25371, 558, -30
25374, 558, -26
25377, 558, -22
25381, 559, -18
25384, 559, -13
25388, 559, -8
25392, 559, -4
25396, 559, 1
25399, 559, 4
25402, 559, 8
25407, 559, 12
25410, 559, 15
25413, 559, 18
25417, 560, 22
25421, 560, 25
25425, 560, 28
25428, 560, 31
25431, 560, 34
25435, 560, 38
25438, 560, 42
25442, 560, 49
25446, 560, 52
25449, 560, 57
25453, 560, 61
25456, 561, 64
25459, 561, 67
25463, 561, 70
25466, 561, 72
25469, 561, 73
25472, 561, 74
25476, 561, 75
25479, 561, 76
25483, 561, 77
25487, 561, 77
25491, 561, 77
25494, 561, 77
25497, 561, 77
25501, 560, 77
25505, 561, 77
25508, 560, 76
25511, 561, 75
25515, 561, 74
25518, 561, 73
25521, 561, 72
25524, 561, 71
25528, 561, 69
25533, 561, 67
25537, 561, 65
25540, 561, 64
25543, 560, 62
25547, 561, 60
25551, 561, 57
25555, 561, 54
25558, 560, 51
25561, 560, 49
25565, 560, 45
25568, 560, 41
25571, 561, 36
25574, 561, 31
25577, 561, 26
25580, 561, 20
25583, 560, 14
25587, 559, 8
25590, 559, 3
25593, 559, -1
25597, 559, -6
25600, 559, -10
25604, 559, -13
25607, 559, -16
25611, 559, -20
25614, 559, -23
25618, 559, -26
25622, 559, -30
25626, 559, -34
25630, 559, -39
25634, 558, -43
25638, 557, -47
25641, 557, -51
25645, 557, -54
25649, 557, -57
25653, 557, -60
25656, 557, -62
25659, 557, -65
25664, 557, -66
25667, 557, -67
25671, 557, -68
25674, 557, -69
25677, 557, -70
25680, 558, -71
25684, 557, -71
25687, 557, -71
25690, 557, -71
25693, 557, -71
25697, 557, -71
25701, 557, -70
25704, 557, -70
25707, 557, -69
25710, 557, -68
25715, 557, -68
25718, 557, -66
25723, 557, -65
25726, 558, -64
25730, 558, -62
25734, 558, -61
25737, 558, -60
25741, 558, -58
25744, 558, -56
25747, 558, -55
25750, 558, -54
25754, 558, -51
25758, 558, -49
25762, 558, -47
25766, 558, -44
25770, 559, -40
25774, 559, -37
25777, 559, -33
25781, 559, -29
25784, 559, -25
25787, 559, -20
25790, 559, -16
25794, 559, -11
25797, 559, -7
25800, 559, -3
25803, 559, 1
25806, 559, 5
25809, 559, 8
25813, 559, 11
25816, 559, 15
25819, 560, 18
25823, 560, 22
25827, 560, 25
25830, 560, 29
25834, 560, 32
25838, 560, 36
25841, 560, 40
25845, 560, 45
25848, 560, 51
25852, 560, 56
25856, 560, 59
25860, 560, 62
25863, 560, 65
25866, 561, 67
25869, 561, 69
25873, 561, 71
25876, 561, 72
25879, 561, 73
25882, 561, 74
25885, 561, 75
25888, 561, 76
25892, 561, 76
25895, 561, 76
25898, 561, 76
25901, 561, 76
25904, 561, 76
25907, 561, 76
25910, 561, 75
25914, 560, 74
25917, 561, 73
25921, 561, 72
25924, 561, 71
25927, 561, 70
25931, 561, 69
25935, 560, 68
25939, 560, 66
25942, 560, 65
25945, 560, 63
25950, 560, 60
25954, 560, 58
25957, 561, 56
25961, 561, 54
25964, 561, 51
25967, 561, 48
25970, 561, 43
25974, 560, 40
25977, 560, 34
25981, 560, 27
25986, 559, 20
25990, 559, 15
25993, 559, 9
25997, 559, 4
26000, 559, -1
26004, 559, -5
26007, 559, -9
26010, 559, -12
26013, 559, -15
26017, 559, -18
26020, 559, -21
26023, 559, -23
26026, 558, -26
26029, 558, -29
26033, 558, -32
26036, 558, -35
26039, 558, -38
26042, 558, -42
26046, 558, -48
26050, 558, -52
26054, 558, -55
26057, 558, -58
26060, 558, -60
26064, 558, -63
26067, 557, -65
26070, 557, -66
26073, 557, -67
26076, 557, -68
26080, 557, -69
26083, 558, -70
26086, 558, -70
26089, 557, -71
26092, 557, -71
26095, 558, -71
26098, 557, -71
26102, 557, -71
26105, 558, -71
26108, 558, -71
26111, 558, -70
26114, 558, -69
26117, 558, -69
26120, 558, -69
26124, 558, -68
26127, 558, -67
26130, 558, -66
26133, 558, -65
26136, 558, -64
26140, 558, -62
26143, 557, -61
26146, 557, -60
26150, 558, -59
26153, 558, -57
26156, 558, -55
26160, 558, -54
26164, 558, -52
26167, 558, -50
26171, 558, -47
26174, 558, -45
26178, 557, -42
26181, 558, -38
26185, 558, -32
26189, 558, -27
26193, 558, -23
26196, 559, -16
26201, 559, -10
26205, 559, -5
26209, 559, 0
28222, 559, 27
28225, 559, 26
28229, 559, 10
28233, 559, 6
28237, 559, 22
28240, 561, 59
28244, 563, 121
28247, 565, 211
28251, 569, 314
28255, 574, 454
28259, 578, 604
28264, 584, 761
28267, 589, 897
28271, 594, 1040
28274, 599, 1206
28278, 603, 1367
28281, 607, 1516
28284, 612, 1667
28287, 616, 1831
28291, 620, 2003
28295, 624, 2175
28298, 628, 2328
28301, 631, 2477
28304, 635, 2629
28308, 638, 2781
28311, 641, 2925
28314, 644, 3064
28317, 647, 3212
28320, 650, 3346
28323, 653, 3490
28327, 656, 3626
28330, 658, 3749
28333, 661, 3878
28336, 663, 4003
28339, 666, 4119
28342, 669, 4238
28346, 672, 4345
28349, 673, 4477
28353, 676, 4594
28356, 679, 4695
28359, 681, 4806
28363, 683, 4930
28367, 686, 5034
28371, 689, 5131
28375, 691, 5244
28379, 693, 5319
28382, 695, 5399
28385, 698, 5499
28389, 699, 5571
28393, 702, 5635
28396, 704, 5714
28399, 706, 5793
28403, 707, 5862
28407, 709, 5935
28411, 711, 5998
28414, 713, 6055
28417, 714, 6106
28421, 716, 6153
28424, 718, 6204
28427, 719, 6257
28430, 721, 6304
28433, 722, 6359
28438, 723, 6399
28441, 724, 6438
28444, 725, 6482
28447, 726, 6530
28450, 728, 6568
28453, 729, 6605
28457, 730, 6637
28460, 731, 6673
28464, 732, 6716
28467, 733, 6770
28471, 735, 6803
28475, 736, 6830
28478, 737, 6858
28481, 738, 6885
28485, 738, 6916
28488, 739, 6948
28492, 741, 6982
28495, 742, 7021
28499, 742, 7054
28503, 743, 7077
28507, 744, 7095
28510, 744, 7115
28513, 744, 7138
28517, 746, 7173
28522, 747, 7202
28525, 748, 7228
28528, 750, 7249
28531, 750, 7266
28534, 751, 7281
28537, 751, 7295
28540, 751, 7309
28543, 751, 7323
28547, 751, 7344
28551, 752, 7361
28554, 753, 7379
28557, 754, 7398
28560, 755, 7419
28564, 756, 7440
28567, 756, 7460
28571, 757, 7472
28574, 757, 7486
28579, 757, 7497
28583, 758, 7508
28587, 758, 7517
28590, 758, 7526
28593, 759, 7536
28597, 759, 7551
28601, 760, 7565
28604, 760, 7579
28607, 761, 7594
28611, 762, 7610
28614, 762, 7626
28617, 763, 7643
28621, 764, 7656
28624, 764, 7670
28628, 765, 7681
28632, 764, 7689
28637, 764, 7695
28640, 764, 7699
28643, 764, 7703
28647, 764, 7707
28650, 764, 7711
28653, 764, 7714
28656, 765, 7717
28660, 765, 7721
28663, 765, 7726
28667, 766, 7731
28670, 766, 7736
28673, 766, 7742
28677, 766, 7749
28681, 766, 7756
28684, 767, 7764
28687, 767, 7773
28690, 768, 7781
28693, 768, 7794
28698, 769, 7805
28701, 769, 7814
28704, 769, 7828
28709, 770, 7843
28713, 770, 7854
28717, 770, 7865
28720, 771, 7873
28723, 771, 7881
28728, 771, 7887
28732, 771, 7891
28735, 771, 7894
28739, 771, 7897
28743, 771, 7899
28747, 771, 7901
28750, 771, 7902
28753, 771, 7903
28756, 771, 7904
28760, 772, 7905
28763, 772, 7906
28766, 771, 7906
28769, 772, 7907
28772, 772, 7908
28775, 772, 7908
28779, 772, 7909
28782, 772, 7910
28785, 771, 7910
28789, 772, 7911
28792, 772, 7912
28797, 772, 7913
28800, 772, 7914
28803, 772, 7915
28807, 771, 7916
28810, 771, 7917
28814, 771, 7918
28817, 771, 7920
28821, 771, 7922
28825, 772, 7925
28829, 772, 7927
28833, 773, 7929
28837, 773, 7931
28840, 773, 7933
28843, 773, 7935
28847, 773, 7937
28850, 773, 7938
28853, 773, 7941
28856, 773, 7943
28859, 773, 7945
28862, 773, 7946
28865, 773, 7948
28868, 774, 7950
28872, 774, 7952
28875, 774, 7954
28878, 774, 7956
28882, 774, 7958
28886, 774, 7959
28889, 774, 7961
28892, 774, 7963
28895, 774, 7964
28899, 774, 7966
28902, 774, 7968
28906, 774, 7970
28909, 774, 7972
28912, 774, 7974
28916, 774, 7975
28919, 775, 7977
28922, 774, 7978
28925, 774, 7980
28929, 774, 7982
28933, 775, 7985
28937, 775, 7987
28940, 775, 7988
28943, 775, 7990
28946, 775, 7992
28950, 775, 7993
28953, 775, 7995
28956, 775, 7996
28960, 775, 7997
28963, 775, 7999
28966, 776, 8000
28969, 776, 0
30982, 776, 3
30986, 776, 2
30989, 776, -3
30993, 776, -5
30996, 776, 1
30999, 777, 30
31003, 780, 77
31006, 783, 139
31010, 787, 215
31014, 792, 289
31017, 798, 367
31020, 802, 477
31024, 807, 570
31028, 811, 661
31031, 816, 747
31035, 820, 836
31038, 824, 922
31041, 829, 1007
31044, 833, 1093
31048, 837, 1174
31051, 840, 1260
31054, 844, 1337
31057, 848, 1415
31061, 851, 1496
31064, 855, 1569
31067, 858, 1640
31070, 861, 1707
31073, 864, 1774
31076, 867, 1838
31080, 870, 1906
31083, 873, 1967
31086, 876, 2023
31089, 879, 2084
31092, 882, 2138
31095, 884, 2191
31099, 887, 2247
31102, 890, 2304
31105, 892, 2372
31110, 895, 2423
31113, 897, 2468
31116, 899, 2522
31120, 902, 2571
31123, 904, 2621
31127, 906, 2676
31131, 909, 2724
31134, 912, 2761
31137, 914, 2802
31141, 916, 2856
31145, 918, 2891
31148, 920, 2921
31152, 922, 2956
31155, 924, 2992
31158, 925, 3024
31161, 927, 3053
31164, 929, 3082
31167, 930, 3116
31171, 932, 3149
31174, 933, 3176
31177, 935, 3203
31181, 936, 3236
31185, 937, 3266
31188, 938, 3295
31192, 940, 3320
31195, 941, 3349
31199, 943, 3374
31203, 944, 3407
31207, 946, 3433
31211, 947, 3455
31214, 948, 3478
31218, 949, 3496
31222, 951, 3521
31226, 952, 3543
31229, 954, 3566
31233, 955, 3587
31236, 956, 3604
31240, 957, 3619
31243, 957, 3637
31247, 957, 3652
31251, 958, 3669
31254, 959, 3688
31258, 961, 3705
31261, 962, 3719
31264, 963, 3732
31267, 964, 3743
31271, 964, 3753
31274, 964, 3762
31277, 965, 3772
31280, 966, 3783
31283, 966, 3796
31287, 967, 3812
31290, 968, 3827
31294, 969, 3846
31298, 969, 3858
31301, 970, 3867
31305, 970, 3876
31308, 971, 3883
31311, 971, 3889
31314, 971, 3899
31318, 971, 3907
31322, 972, 3914
31325, 972, 3926
31329, 973, 3936
31332, 974, 3946
31336, 974, 3957
31340, 975, 3972
31344, 976, 3981
31347, 977, 3988
31350, 978, 3994
31354, 978, 3999
31357, 978, 4004
31360, 978, 4008
31363, 978, 4011
31366, 978, 4014
31369, 979, 4018
31372, 979, 4021
31375, 979, 4025
31379, 980, 4028
31382, 980, 4033
31385, 980, 4037
31388, 980, 4042
31391, 980, 4047
31394, 981, 4052
31397, 981, 4059
31400, 981, 4065
31403, 981, 4073
31406, 982, 4081
31409, 983, 4089
31413, 984, 4097
31416, 985, 4105
31419, 985, 4113
31422, 986, 4120
31426, 986, 4125
31429, 986, 4130
31432, 985, 4133
31435, 986, 4136
31439, 986, 4139
31442, 986, 4141
31445, 986, 4143
31448, 986, 4144
31452, 985, 4145
31455, 985, 4146
31458, 985, 4147
31461, 985, 4148
31464, 985, 4149
31468, 986, 4149
31471, 986, 4150
31475, 985, 4151
31478, 985, 4152
31482, 985, 4153
31485, 986, 4154
31488, 986, 4155
31491, 986, 4157
31494, 986, 4158
31497, 986, 4160
31500, 986, 4162
31503, 986, 4164
31506, 986, 4166
31510, 987, 4168
31513, 987, 4171
31516, 987, 4173
31519, 987, 4176
31522, 987, 4178
31525, 987, 4181
31529, 987, 4183
31532, 987, 4186
31535, 987, 4188
31539, 987, 4191
31542, 987, 4194
31545, 988, 4197
31548, 988, 4199
31551, 988, 4201
31554, 989, 4203
31557, 989, 4205
31560, 990, 4208
31564, 989, 4210
31567, 990, 4212
31570, 990, 4214
31573, 990, 4217
31577, 990, 4219
31581, 990, 4221
31585, 990, 4223
31588, 990, 4225
31591, 991, 4227
31594, 991, 4229
31598, 991, 4230
31601, 991, 4232
31604, 991, 4233
31607, 991, 4234
31610, 991, 4236
31613, 991, 4238
31618, 990, 4239
31621, 991, 4241
31625, 991, 4243
31629, 991, 4243
31632, 992, 4245
31636, 992, 1
31639, 992, 1
31642, 992, 3
31645, 992, 4
31650, 992, 5
31653, 991, 5
31657, 991, 7
31661, 991, 8
31664, 991, 9
31667, 992, 10
31671, 992, 11
31674, 993, 12
31678, 993, 13
31681, 993, 15
31685, 993, 16
31688, 993, 17
31692, 993, 18
31695, 993, 19
31699, 993, 21
31702, 993, 22
31705, 993, 23
31708, 993, 24
31711, 993, 25
31715, 993, 26
31718, 993, 27
31721, 993, 28
31724, 993, 28
31727, 993, 29
31731, 993, 29
31734, 993, 30
31737, 994, 30
31740, 994, 31
31744, 993, 31
31747, 993, 31
31751, 993, 31
31754, 993, 31
31757, 992, 31
31761, 993, 31
31764, 992, 31
31768, 993, 32
31771, 993, 32
31775, 993, 32
31779, 993, 32
31782, 993, 32
31786, 993, 32
31789, 993, 32
31793, 993, 32
31796, 993, 32
31800, 993, 32
31803, 994, 32
31807, 994, 31
31811, 994, 31
31814, 993, 31
31817, 993, 31
31820, 993, 31
31824, 993, 31
31827, 993, 31
31830, 993, 30
31833, 993, 30
31836, 993, 30
31840, 993, 29
31843, 993, 29
31847, 993, 29
31851, 993, 29
31854, 993, 29
31858, 993, 29
31861, 993, 29
31864, 993, 29
31867, 993, 29
31870, 993, 28
31873, 993, 28
31876, 993, 28
31880, 993, 28
31883, 993, 28
31886, 993, 27
31890, 994, 27
31893, 994, 27
31896, 994, 26
31899, 994, 26
31903, 993, 25
31907, 994, 25
31910, 993, 25
31914, 994, 25
31917, 993, 25
31921, 993, 24
31924, 993, 24
31927, 993, 24
31930, 993, 23
31933, 993, 23
31936, 993, 23
31939, 993, 22
31943, 993, 22
31946, 993, 22
31949, 993, 22
31952, 993, 22
31955, 993, 21
31959, 993, 21
31962, 993, 21
31965, 993, 20
31969, 993, 20
31972, 993, 19
31976, 993, 19
31979, 993, 19
31983, 993, 19
31987, 993, 19
31990, 993, 18
31994, 993, 17
31997, 993, 17
32001, 993, 16
32004, 993, 16
32008, 993, 16
32012, 993, 16
32016, 993, 16
32020, 993, 15
32024, 993, 15
32028, 992, 14
32031, 992, 14
32035, 993, 14
32038, 992, 13
32041, 992, 13
32044, 993, 12
32047, 993, 12
32050, 993, 11
32054, 993, 11
32057, 993, 10
32060, 993, 9
32063, 993, 9
32067, 993, 8
32070, 993, 8
32073, 993, 7
32077, 993, 7
32080, 993, 6
32083, 993, 6
32086, 993, 5
32089, 993, 5
32093, 992, 4
32097, 993, 4
32100, 993, 3
32104, 993, 2
32108, 993, 2
32111, 993, 1
32115, 993, 1
32119, 993, 0
34133, 992, -2
34137, 993, -2
34141, 992, -7
34144, 992, -11
34147, 992, -7
34152, 992, 15
34156, 994, 63
34161, 998, 109
34164, 1002, 161
34167, 1008, 224
34171, 1014, 297
34175, 1020, 372
34179, 1026, 444
34182, 1031, 510
34185, 1035, 577
34189, 1040, 651
34192, 1045, 731
34196, 1050, 801
34199, 1054, 870
34203, 1058, 944
34206, 1062, 1014
34210, 1066, 1084
34213, 1070, 1149
34217, 1074, 1218
34220, 1078, 1282
34224, 1082, 1350
34227, 1085, 1406
34230, 1088, 1460
34234, 1091, 1518
34237, 1094, 1572
34240, 1097, 1625
34244, 1100, 1674
34247, 1103, 1722
34250, 1106, 1771
34253, 1109, 1816
34256, 1111, 1860
34259, 1113, 1906
34262, 1116, 1951
34266, 1118, 1991
34269, 1121, 2034
34272, 1123, 2076
34275, 1125, 2113
34278, 1127, 2151
34282, 1130, 2193
34285, 1131, 2227
34288, 1133, 2271
34292, 1135, 2308
34295, 1137, 2355
34300, 1139, 2385
34303, 1141, 2417
34306, 1144, 2459
34310, 1145, 2493
34313, 1147, 2524
34317, 1148, 2554
34321, 1150, 2593
34325, 1152, 2626
34328, 1153, 2655
34332, 1155, 2681
34335, 1156, 2714
34340, 1158, 2741
34343, 1159, 2767
34346, 1161, 2791
34349, 1162, 2811
34352, 1164, 2830
34356, 1165, 2851
34359, 1166, 2873
34362, 1167, 2898
34365, 1169, 2921
34368, 1170, 2939
34371, 1171, 2955
34374, 1171, 2970
34377, 1172, 2985
34380, 1173, 3001
34383, 1173, 3019
34386, 1175, 3039
34390, 1176, 3059
34393, 1177, 3076
34396, 1178, 3092
34399, 1178, 3104
34403, 1179, 3116
34406, 1179, 3128
34409, 1179, 3143
34413, 1180, 3159
34416, 1181, 3176
34420, 1182, 3202
34424, 1184, 3218
34427, 1185, 3235
34432, 1186, 3246
34435, 1187, 3256
34438, 1187, 3266
34442, 1188, 3277
34446, 1188, 3286
34450, 1188, 3296
34454, 1188, 3305
34457, 1189, 3315
34460, 1189, 3327
34463, 1190, 3340
34466, 1191, 3356
34469, 1192, 3368
34472, 1192, 3378
34476, 1193, 3387
34479, 1193, 3396
34483, 1193, 3402
34486, 1193, 3407
34489, 1193, 3414
34493, 1193, 3421
34497, 1193, 3427
34501, 1194, 3432
34504, 1194, 3439
34507, 1195, 3445
34511, 1195, 3452
34514, 1196, 3461
34517, 1196, 3469
34520, 1197, 3478
34523, 1198, 3490
34527, 1199, 3504
34532, 1199, 3514
34535, 1199, 3524
34538, 1200, 3533
34542, 1200, 3539
34546, 1201, 3542
34549, 1200, 3546
34553, 1201, 3549
34557, 1201, 3552
34561, 1201, 3554
34565, 1201, 3556
34568, 1201, 3557
34572, 1200, 3558
34575, 1200, 3560
34578, 1201, 3561
34581, 1200, 3563
34584, 1201, 3565
34588, 1201, 3566
34591, 1201, 3569
34594, 1201, 3571
34597, 1201, 3573
34600, 1201, 3575
34603, 1202, 3578
34606, 1202, 3581
34609, 1202, 3584
34612, 1203, 3587
34615, 1203, 3590
34618, 1203, 3594
34621, 1203, 3598
34624, 1203, 3601
34627, 1203, 3605
34630, 1204, 3610
34633, 1204, 3614
34636, 1204, 3619
34639, 1204, 3623
34642, 1204, 3628
34645, 1204, 3632
34648, 1205, 3636
34651, 1206, 3641
34654, 1206, 3646
34657, 1206, 3650
34660, 1206, 3654
34663, 1206, 3658
34666, 1206, 3663
34669, 1206, 3666
34673, 1206, 3670
34676, 1206, 3674
34679, 1207, 3678
34682, 1207, 3682
34685, 1207, 3685
34688, 1208, 3689
34691, 1208, 3692
34694, 1208, 3695
34697, 1208, 3698
34700, 1208, 3700
34704, 1209, 3702
34707, 1208, 3
34711, 1208, 5
34715, 1208, 7
34718, 1208, 9
34722, 1208, 10
34725, 1208, 11
34728, 1209, 12
34731, 1208, 13
34734, 1208, 14
34738, 1208, 15
34741, 1208, 15
34745, 1207, 16
34749, 1208, 17
34753, 1208, 17
34756, 1208, 18
34759, 1208, 18
34763, 1209, 18
34766, 1209, 18
34769, 1209, 18
34772, 1209, 19
34775, 1209, 19
34778, 1209, 19
34781, 1209, 19
34784, 1208, 19
34787, 1208, 19
34790, 1208, 19
34793, 1209, 19
34797, 1209, 19
34800, 1209, 19
34803, 1209, 19
34806, 1208, 19
34809, 1208, 19
34812, 1208, 19
34815, 1208, 19
34818, 1208, 20
34821, 1209, 20
34824, 1209, 20
34827, 1209, 20
34830, 1209, 20
34833, 1209, 20
34837, 1209, 20
34840, 1209, 20
34843, 1209, 20
34846, 1209, 19
34849, 1209, 19
34852, 1209, 19
34855, 1209, 19
34858, 1209, 19
34863, 1209, 19
34866, 1209, 18
34870, 1209, 18
34874, 1209, 18
34877, 1209, 18
34881, 1209, 18
34884, 1209, 18
34887, 1209, 18
34891, 1208, 18
34896, 1208, 18
34899, 1208, 18
34902, 1208, 18
34905, 1208, 18
34908, 1209, 18
34911, 1209, 18
34915, 1209, 18
34918, 1209, 18
34921, 1209, 18
34924, 1208, 18
34927, 1208, 17
34930, 1208, 17
34934, 1208, 17
34937, 1208, 17
34941, 1208, 17
34946, 1208, 17
34949, 1208, 17
34952, 1208, 17
34956, 1208, 17
34959, 1208, 17
34962, 1208, 16
34965, 1208, 16
34969, 1209, 16
34972, 1209, 16
34975, 1209, 16
34978, 1209, 15
34983, 1209, 15
34986, 1209, 15
34990, 1209, 15
34994, 1209, 14
34997, 1208, 14
35000, 1208, 14
35003, 1208, 14
35006, 1208, 14
35010, 1208, 15
35013, 1208, 15
35016, 1208, 15
35019, 1208, 14
35023, 1209, 14
35026, 1209, 14
35030, 1209, 14
35034, 1209, 14
35037, 1209, 14
35041, 1209, 13
35045, 1209, 13
35049, 1209, 13
35053, 1209, 13
35056, 1209, 12
35060, 1209, 12
35064, 1208, 12
35068, 1209, 11
35072, 1209, 11
35075, 1208, 11
35079, 1209, 11
35083, 1209, 11
35087, 1209, 10
35090, 1209, 10
35095, 1209, 10
35099, 1209, 9
35103, 1209, 9
35106, 1209, 9
35109, 1209, 9
35112, 1209, 9
35116, 1209, 9
35119, 1209, 9
35122, 1208, 9
35125, 1208, 8
35128, 1208, 8
35131, 1208, 8
35134, 1208, 8
35137, 1208, 8
35142, 1208, 8
35145, 1208, 7
35149, 1208, 7
35152, 1208, 7
35156, 1208, 7
35160, 1208, 7
35164, 1209, 7
35167, 1209, 6
35170, 1209, 6
35174, 1209, 6
35177, 1209, 6
35181, 1209, 6
35184, 1208, 5
35188, 1208, 5
35192, 1208, 5
35195, 1208, 5
35199, 1208, 5
35202, 1209, 4
35205, 1209, 4
35209, 1209, 4
35213, 1209, 4
35216, 1209, 4
35220, 1209, 4
35223, 1209, 4
35226, 1209, 4
35229, 1208, 3
35233, 1209, 3
35236, 1208, 3
35239, 1208, 2
35242, 1208, 2
35246, 1209, 2
35249, 1209, 1
35252, 1209, 1
35255, 1209, 1
35259, 1209, 1
35263, 1208, 1
35266, 1208, 0
37280, 1209, 2
37283, 1208, 2
37286, 1208, -4
37289, 1208, -10
37292, 1207, -11
37295, 1208, 4
37298, 1210, 31
37302, 1213, 75
37305, 1217, 150
37310, 1223, 214
37313, 1228, 281
37316, 1233, 354
37319, 1239, 431
37322, 1244, 509
37326, 1248, 593
37329, 1253, 677
37332, 1257, 763
37335, 1261, 854
37338, 1265, 940
37342, 1269, 1026
37345, 1273, 1110
37348, 1277, 1194
37351, 1281, 1278
37354, 1285, 1367
37357, 1288, 1457
37360, 1291, 1537
37364, 1295, 1622
37367, 1298, 1700
37370, 1301, 1797
37373, 1304, 1876
37377, 1308, 1951
37380, 1311, 2030
37383, 1314, 2104
37386, 1316, 2177
37389, 1319, 2263
37392, 1322, 2334
37396, 1325, 2407
37399, 1328, 2483
37402, 1331, 2550
37405, 1333, 2617
37408, 1336, 2686
37411, 1338, 2751
37414, 1339, 2810
37418, 1341, 2877
37421, 1344, 2944
37424, 1345, 3003
37427, 1347, 3060
37430, 1349, 3124
37433, 1351, 3189
37437, 1353, 3243
37440, 1355, 3295
37443, 1357, 3350
37446, 1359, 3412
37449, 1360, 3464
37452, 1362, 3511
37455, 1363, 3557
37458, 1365, 3607
37461, 1366, 3663
37464, 1368, 3712
37468, 1370, 3756
37471, 1371, 3799
37474, 1372, 3841
37477, 1373, 3888
37480, 1375, 3935
37483, 1376, 3978
37487, 1377, 4012
37490, 1379, 4047
37493, 1380, 4083
37496, 1381, 4121
37499, 1382, 4164
37502, 1383, 4203
37505, 1384, 4236
37509, 1385, 4265
37512, 1386, 4301
37516, 1386, 4330
37519, 1387, 4363
37522, 1388, 4401
37526, 1390, 4448
37530, 1391, 4478
37533, 1392, 4503
37536, 1393, 4524
37540, 1394, 4545
37543, 1394, 4566
37546, 1395, 4588
37549, 1396, 4613
37552, 1396, 4643
37555, 1398, 4677
37559, 1399, 4705
37562, 1400, 4726
37565, 1401, 4745
37568, 1401, 4761
37572, 1401, 4776
37575, 1401, 4791
37578, 1402, 4804
37581, 1402, 4819
37584, 1402, 4835
37588, 1403, 4853
37591, 1404, 4876
37594, 1405, 4901
37597, 1406, 4924
37601, 1406, 4946
37604, 1407, 4966
37608, 1408, 4984
37612, 1408, 4999
37616, 1408, 5010
37620, 1408, 5020
37624, 1408, 5029
37627, 1408, 5038
37631, 1409, 5046
37634, 1409, 5055
37637, 1410, 5065
37640, 1411, 5076
37643, 1411, 5089
37646, 1412, 5102
37650, 1412, 5118
37653, 1413, 5133
37656, 1414, 5150
37659, 1414, 5166
37662, 1415, 5181
37665, 1416, 5194
37669, 1416, 5204
37672, 1416, 5214
37676, 1416, 5223
37680, 1416, 5229
37684, 1416, 5234
37687, 1416, 5239
37690, 1416, 5242
37693, 1416, 5245
37696, 1416, 5248
37699, 1416, 5250
37703, 1416, 5254
37707, 1416, 5257
37710, 1416, 5260
37714, 1416, 5264
37717, 1417, 5268
37720, 1417, 5273
37724, 1417, 5277
37727, 1417, 5283
37731, 1417, 5288
37734, 1417, 5295
37738, 1418, 5300
37741, 1418, 5306
37745, 1418, 5312
37748, 1419, 5318
37751, 1419, 5325
37755, 1419, 5332
37758, 1419, 5339
37761, 1420, 5346
37764, 1420, 5353
37768, 1420, 5361
37771, 1421, 5369
37774, 1421, 5378
37779, 1421, 5385
37782, 1421, 5392
37785, 1422, 5398
37789, 1422, 5406
37793, 1423, 5412
37796, 1423, 5419
37799, 1423, 5425
37802, 1423, 5431
37805, 1423, 5437
37810, 1423, 5441
37813, 1424, 5444
37817, 1424, 5446
37820, 1424, 5448
37824, 1424, 5451
37828, 1424, 5452
37832, 1423, 5453
37836, 1423, 5454
37840, 1423, 5454
37843, 1423, 5455
37847, 1424, 5455
37851, 1424, 5456
37854, 1424, 5456
37857, 1424, 5456
37860, 1424, 5456
37863, 1424, 5456
37867, 1423, 5456
37870, 1423, 5456
37873, 1423, 5457
37876, 1423, 5457
37880, 1423, 5457
37884, 1423, 5457
37887, 1423, 5457
37890, 1423, 5457
37893, 1423, 5457
37898, 1424, 5458
37902, 1424, 5458
37905, 1424, 5458
37908, 1424, 5458
37912, 1424, 5458
37916, 1424, 5458
37920, 1423, 5457
37923, 1424, 5457
37926, 1424, 5458
37930, 1424, 5458
37934, 1424, 5458
37937, 1424, 5459
37940, 1424, 5459
37944, 1424, 5458
37948, 1424, 5459
37951, 1424, 5460
37954, 1423, 5460
37958, 1423, 5460
37962, 1423, 5460
37966, 1423, 5460
37969, 1423, 5459
37972, 1423, 5459
37976, 1423, 5459
37979, 1424, 5459
37982, 1424, 5459
37986, 1424, 5458
37989, 1424, 5458
37992, 1424, 5458
37995, 1424, 5459
38000, 1424, 5458
38003, 1424, 5458
38006, 1424, 5459
38010, 1424, 5460
38014, 1424, 5460
38017, 1424, 5460
38020, 1423, 5460
38023, 1424, 5461
38028, 1424, 5461
38032, 1424, 5462
38035, 1424, 5462
38040, 1424, 5462
38043, 1424, 5462
38047, 1424, 5462
38050, 1424, 5462
38054, 1424, 5462
38058, 1424, 5462
38062, 1424, 5463
38065, 1424, 5463
38069, 1424, 5463
38072, 1424, 5463
38077, 1424, 5463
38081, 1424, 5463
38085, 1424, 5463
38088, 1424, 5463
38091, 1424, 5464
38094, 1424, 5464
38097, 1424, 5464
38100, 1424, 5465
38103, 1424, 5465
38106, 1424, 5465
38110, 1423, 5466
38113, 1423, 5468
38117, 1424, 5468
38120, 1424, 5469
38123, 1424, 5469
38128, 1424, 5470
38131, 1424, 5470
38134, 1424, 5470
38137, 1424, 5471
38140, 1424, 5471
38144, 1423, 5472
38148, 1424, 5473
38151, 1424, 5474
38154, 1424, 5474
38159, 1424, 5474
38162, 1424, 5475
38165, 1424, 5476
38169, 1424, 5477
38173, 1424, 5478
38177, 1424, 5479
38181, 1424, 5479
38184, 1424, 5480
38187, 1424, 5481
38190, 1423, 5482
38194, 1423, 5482
38197, 1423, 5483
38200, 1424, 5484
38203, 1424, 5485
38207, 1424, 5486
38211, 1425, 5487
38214, 1425, 0
40227, 1425, 23
40231, 1425, 22
40234, 1424, 13
40238, 1424, 9
40241, 1425, 20
40245, 1427, 64
40249, 1430, 126
40253, 1434, 204
40256, 1439, 292
40260, 1445, 388
40263, 1450, 481
40266, 1456, 575
40269, 1461, 673
40273, 1466, 775
40276, 1471, 881
40279, 1476, 982
40282, 1480, 1084
40286, 1484, 1189
40289, 1488, 1285
40292, 1492, 1385
40295, 1496, 1473
40298, 1500, 1566
40302, 1504, 1653
40305, 1508, 1743
40308, 1511, 1825
40311, 1514, 1906
40314, 1517, 2000
40318, 1520, 2075
40321, 1523, 2167
40325, 1527, 2280
40330, 1530, 2363
40333, 1534, 2431
40337, 1538, 2507
40340, 1541, 2576
40344, 1544, 2659
40348, 1547, 2725
40351, 1550, 2786
40355, 1552, 2840
40358, 1555, 2898
40361, 1558, 2971
40365, 1560, 3028
40369, 1563, 3094
40373, 1566, 3143
40376, 1568, 3187
40380, 1570, 3234
40383, 1572, 3283
40386, 1574, 3324
40389, 1576, 3363
40392, 1577, 3400
40395, 1579, 3457
40400, 1581, 3500
40403, 1582, 3534
40406, 1584, 3569
40410, 1586, 3613
40414, 1588, 3656
40418, 1590, 3693
40421, 1591, 3732
40426, 1593, 3760
40429, 1594, 3795
40433, 1595, 3830
40437, 1597, 3864
40440, 1598, 3894
40444, 1599, 3916
40447, 1601, 3937
40450, 1601, 3960
40453, 1602, 3996
40458, 1604, 4027
40461, 1605, 4060
40465, 1607, 4090
40470, 1608, 4109
40473, 1609, 4131
40478, 1609, 4150
40481, 1611, 4170
40484, 1612, 4193
40488, 1614, 4216
40491, 1615, 4235
40494, 1616, 4251
40497, 1617, 4264
40501, 1617, 4278
40504, 1617, 4291
40507, 1617, 4303
40510, 1617, 4316
40513, 1618, 4331
40517, 1618, 4346
40520, 1619, 4366
40524, 1620, 4392
40528, 1622, 4413
40533, 1623, 4426
40536, 1623, 4435
40539, 1624, 4444
40543, 1624, 4453
40546, 1624, 4460
40549, 1624, 4467
40553, 1624, 4474
40557, 1625, 4482
40560, 1626, 4493
40565, 1626, 4504
40568, 1627, 4515
40571, 1628, 4532
40576, 1628, 4546
40579, 1629, 4560
40582, 1630, 4578
40586, 1630, 4591
40590, 1630, 4605
40594, 1631, 4612
40597, 1631, 4619
40601, 1631, 4625
40604, 1631, 4629
40607, 1631, 4634
40610, 1631, 4637
40613, 1631, 4640
40616, 1631, 4643
40620, 1631, 4646
40623, 1631, 4650
40627, 1632, 4654
40630, 1632, 4658
40633, 1632, 4662
40637, 1632, 4666
40640, 1632, 4672
40644, 1632, 4679
40648, 1633, 4685
40651, 1633, 4691
40655, 1633, 4697
40658, 1634, 4704
40661, 1635, 4710
40666, 1635, 4716
40669, 1636, 4724
40673, 1636, 4733
40677, 1637, 4741
40680, 1637, 4749
40684, 1638, 4758
40688, 1638, 4765
40692, 1638, 4772
40696, 1639, 4774
40699, 1639, 4778
40703, 1639, 4781
40706, 1638, 4784
40709, 1639, 4786
40712, 1638, 4787
40715, 1639, 4789
40718, 1639, 4789
40721, 1639, 4790
40724, 1639, 4791
40727, 1640, 4792
40730, 1640, 4792
40734, 1640, 4793
40737, 1640, 4793
40740, 1639, 4793
40743, 1639, 4793
40746, 1639, 4793
40749, 1639, 4793
40752, 1640, 4793
40755, 1640, 4793
40758, 1640, 4793
40761, 1640, 4793
40764, 1640, 4794
40767, 1640, 4794
40770, 1640, 4795
40774, 1640, 4794
40777, 1639, 4795
40780, 1640, 4796
40784, 1640, 4797
40787, 1639, 4796
40792, 1639, 4796
40796, 1639, 4796
40799, 1639, 4796
40803, 1639, 4796
40807, 1639, 4797
40812, 1639, 4796
40816, 1639, 4797
40819, 1639, 4798
40823, 1640, 4799
40826, 1639, 4799
40829, 1639, 4800
40832, 1639, 4799
40836, 1639, 4799
40839, 1639, 4800
40842, 1639, 4801
40847, 1639, 4801
40850, 1640, 4802
40853, 1640, 4802
40857, 1640, 4803
40860, 1640, 4804
40863, 1640, 4807
40867, 1640, 4808
40870, 1640, 4810
40874, 1640, 4810
40878, 1640, 4811
40882, 1640, 4813
40885, 1640, 4815
40889, 1640, 4817
40893, 1640, 4818
40898, 1640, 4819
40901, 1640, 4820
40904, 1641, 4822
40908, 1641, 4823
40912, 1641, 4824
40916, 1641, 4825
40919, 1641, 4827
40923, 1641, 4828
40928, 1641, 4829
40931, 1641, 4830
40934, 1641, 4831
40937, 1641, 4833
40941, 1641, 4834
40944, 1641, 4835
40947, 1641, 4837
40950, 1641, 4838
40954, 1641, 4838
40957, 1641, 4840
40960, 1641, 4840
40964, 1641, 4840
40967, 1642, 4841
40970, 1641, 2
40974, 1641, 4
40978, 1641, 8
40982, 1641, 11
40985, 1641, 14
40988, 1642, 16
40992, 1642, 18
40995, 1643, 20
40999, 1643, 22
41002, 1643, 23
41006, 1642, 24
41009, 1642, 25
41013, 1642, 26
41017, 1642, 28
41020, 1642, 28
41024, 1642, 28
41028, 1642, 29
41032, 1642, 29
41036, 1642, 30
41039, 1642, 30
41043, 1642, 30
41046, 1642, 31
41049, 1642, 31
41052, 1642, 30
41055, 1642, 30
41058, 1642, 30
41062, 1643, 30
41065, 1643, 30
41068, 1642, 31
41071, 1642, 31
41074, 1643, 31
41078, 1642, 31
41081, 1642, 31
41085, 1643, 32
41089, 1642, 32
41092, 1642, 32
41095, 1642, 32
41098, 1642, 32
41102, 1642, 31
41105, 1642, 31
41110, 1642, 30
41113, 1643, 30
41117, 1643, 30
41120, 1643, 30
41123, 1642, 29
41127, 1643, 29
41130, 1643, 29
41133, 1643, 28
41137, 1643, 29
41142, 1643, 29
41146, 1643, 28
41149, 1643, 28
41153, 1642, 27
41156, 1643, 26
41160, 1643, 26
41163, 1642, 25
41166, 1642, 25
41169, 1643, 24
41173, 1643, 24
41176, 1643, 23
41179, 1643, 23
41183, 1643, 23
41186, 1642, 23
41190, 1642, 22
41193, 1642, 21
41197, 1643, 21
41200, 1642, 21
41203, 1642, 20
41206, 1642, 20
41210, 1642, 19
41213, 1642, 19
41217, 1642, 19
41220, 1642, 19
41224, 1642, 19
41228, 1642, 18
41232, 1643, 17
41236, 1643, 17
41240, 1643, 17
41244, 1643, 16
41248, 1643, 16
41251, 1643, 16
41255, 1643, 16
41258, 1642, 15
41261, 1643, 15
41264, 1643, 15
41267, 1642, 13
41270, 1643, 13
41273, 1643, 12
41276, 1642, 12
41279, 1643, 12
41282, 1643, 12
41286, 1642, 12
41289, 1642, 11
41292, 1642, 11
41295, 1643, 11
41298, 1643, 10
41301, 1643, 10
41305, 1643, 10
41308, 1643, 10
41312, 1642, 9
41315, 1642, 9
41318, 1642, 9
41322, 1642, 9
41326, 1642, 7
41330, 1643, 7
41333, 1643, 6
41337, 1643, 6
41340, 1643, 6
41344, 1643, 5
41347, 1643, 5
41352, 1643, 5
41356, 1643, 5
41359, 1642, 4
41363, 1642, 4
41366, 1642, 4
41369, 1642, 3
41372, 1642, 3
41375, 1642, 2
41378, 1643, 3
41381, 1643, 3
41384, 1643, 3
41388, 1643, 3
41391, 1643, 2
41396, 1643, 2
41399, 1642, 1
41402, 1642, 0
43416, 1642, 3
43419, 1642, 2
43423, 1642, -7
43426, 1642, -12
43430, 1642, -7
43434, 1643, 15
43437, 1645, 64
43441, 1649, 115
43444, 1653, 173
43447, 1658, 240
43451, 1663, 317
43454, 1668, 391
43457, 1673, 471
43460, 1678, 556
43464, 1683, 641
43467, 1687, 724
43470, 1692, 811
43473, 1696, 897
43476, 1700, 981
43479, 1705, 1065
43483, 1708, 1161
43486, 1713, 1246
43489, 1716, 1325
43493, 1720, 1409
43496, 1724, 1487
43499, 1728, 1568
43502, 1731, 1642
43505, 1735, 1715
43509, 1738, 1787
43512, 1741, 1853
43515, 1743, 1922
43518, 1746, 1991
43521, 1749, 2073
43525, 1752, 2157
43529, 1755, 2228
43533, 1758, 2298
43536, 1761, 2361
43540, 1764, 2422
43543, 1767, 2500
43547, 1770, 2564
43551, 1772, 2619
43554, 1775, 2673
43557, 1777, 2727
43560, 1780, 2776
43563, 1782, 2820
43567, 1784, 2870
43570, 1785, 2921
43573, 1787, 2985
43577, 1788, 3030
43581, 1790, 3077
43584, 1793, 3134
43588, 1794, 3185
43592, 1796, 3236
43596, 1798, 3278
43599, 1800, 3320
43602, 1801, 3356
43606, 1803, 3401
43610, 1805, 3446
43614, 1806, 3484
43617, 1808, 3536
43622, 1810, 3581
43626, 1811, 3610
43630, 1813, 3640
43633, 1814, 3672
43636, 1815, 3722
43641, 1817, 3762
43645, 1818, 3791
43649, 1819, 3822
43653, 1820, 3845
43656, 1821, 3880
43660, 1822, 3910
43664, 1824, 3940
43667, 1825, 3965
43670, 1827, 3987
43673, 1828, 4008
43676, 1828, 4025
43680, 1828, 4041
43683, 1828, 4060
43686, 1829, 4088
43690, 1830, 4111
43694, 1831, 4136
43697, 1833, 4161
43700, 1834, 4187
43704, 1835, 4207
43709, 1835, 4224
43713, 1835, 4236
43716, 1835, 4247
43719, 1836, 4263
43724, 1836, 4278
43727, 1836, 4295
43731, 1837, 4315
43734, 1838, 4335
43737, 1839, 4358
43741, 1840, 4384
43745, 1841, 4400
43749, 1842, 4416
43753, 1842, 4426
43756, 1842, 4435
43760, 1842, 4442
43763, 1842, 4450
43767, 1842, 4460
43771, 1842, 4467
43774, 1842, 4474
43777, 1843, 4483
43780, 1844, 4492
43784, 1844, 4502
43787, 1845, 4514
43790, 1846, 4526
43793, 1846, 4540
43796, 1846, 4554
43799, 1847, 4575
43804, 1848, 4591
43807, 1848, 4609
43811, 1849, 4617
43815, 1849, 4624
43818, 1849, 4632
43822, 1849, 4637
43825, 1849, 4641
43828, 1849, 4645
43831, 1849, 4649
43834, 1849, 4653
43838, 1850, 4656
43842, 1850, 4658
43845, 1850, 4659
43848, 1850, 4662
43852, 1850, 4665
43855, 1850, 4668
43859, 1850, 4673
43863, 1850, 4676
43867, 1850, 4680
43870, 1850, 4685
43873, 1850, 4688
43876, 1851, 4693
43879, 1851, 4698
43882, 1852, 4703
43885, 1852, 4710
43889, 1852, 4715
43892, 1853, 4721
43895, 1853, 4727
43898, 1853, 4732
43901, 1853, 4738
43904, 1853, 4743
43907, 1853, 4749
43910, 1853, 4755
43913, 1853, 4760
43916, 1854, 4765
43919, 1854, 4771
43922, 1855, 4777
43925, 1855, 4784
43929, 1855, 4789
43932, 1856, 4794
43935, 1856, 4799
43938, 1856, 4804
43941, 1856, 4810
43944, 1856, 4814
43948, 1856, 4819
43951, 1856, 4824
43954, 1856, 4829
43958, 1856, 4833
43961, 1856, 4837
43964, 1856, 4841
43967, 1856, 4845
43970, 1857, 4849
43974, 1857, 4851
43977, 1857, 4855
43980, 1857, 4858
43983, 1858, 4860
43986, 1857, 1
43989, 1857, 3
43992, 1857, 4
43995, 1857, 5
43998, 1857, 6
44001, 1857, 7
44005, 1857, 7
44008, 1857, 7
44011, 1857, 7
44014, 1857, 7
44017, 1857, 7
44020, 1858, 7
44023, 1858, 7
44026, 1858, 7
44029, 1858, 7
44032, 1858, 7
44036, 1858, 7
44039, 1857, 7
44042, 1857, 7
44045, 1857, 7
44048, 1857, 6
44051, 1857, 7
44054, 1857, 7
44057, 1857, 7
44061, 1857, 7
44064, 1857, 7
44067, 1858, 7
44070, 1858, 7
44073, 1858, 7
44076, 1858, 7
44079, 1857, 7
44082, 1857, 7
44085, 1857, 7
44088, 1856, 7
44091, 1857, 7
44094, 1857, 7
44098, 1857, 7
44101, 1857, 7
44104, 1857, 7
44107, 1857, 7
44110, 1857, 7
44113, 1857, 7
44116, 1857, 7
44119, 1857, 7
44123, 1857, 7
44126, 1857, 7
44129, 1857, 7
44132, 1857, 7
44135, 1857, 7
44138, 1857, 7
44141, 1857, 7
44144, 1857, 7
44148, 1857, 7
44151, 1857, 7
44154, 1857, 7
44157, 1857, 7
44160, 1857, 7
44163, 1857, 7
44166, 1857, 7
44170, 1857, 7
44173, 1857, 7
44176, 1858, 7
44179, 1857, 7
44182, 1857, 7
44185, 1857, 7
44188, 1857, 7
44192, 1857, 7
44196, 1857, 7
44200, 1857, 7
44204, 1857, 7
44207, 1857, 7
44211, 1857, 7
44214, 1857, 6
44217, 1857, 7
44220, 1857, 7
44224, 1857, 7
44227, 1857, 7
44231, 1857, 7
44234, 1857, 7
44237, 1857, 7
44242, 1857, 7
44245, 1857, 7
44248, 1857, 7
44251, 1856, 7
44254, 1857, 7
44259, 1857, 7
44262, 1857, 7
44265, 1857, 7
44269, 1857, 7
44272, 1857, 7
44275, 1857, 7
44280, 1857, 8
44283, 1858, 7
44286, 1858, 7
44290, 1858, 7
44294, 1857, 8
44297, 1857, 7
44302, 1857, 7
44305, 1858, 7
44308, 1858, 7
44311, 1858, 7
44315, 1857, 7
44318, 1857, 8
44321, 1857, 8
44324, 1857, 8
44327, 1857, 8
44330, 1857, 8
44333, 1857, 8
44337, 1857, 7
44340, 1857, 7
44343, 1857, 7
44346, 1857, 7
44349, 1857, 7
44353, 1857, 8
44357, 1857, 9
44361, 1857, 9
44364, 1857, 9
44368, 1857, 9
44372, 1858, 9
44376, 1857, 10
44379, 1857, 10
44383, 1857, 11
44386, 1857, 11
44389, 1857, 11
44393, 1857, 11
44397, 1858, 11
44400, 1857, 11
44404, 1857, 11
44408, 1857, 11
44412, 1857, 12
44416, 1857, 12
44420, 1857, 13
44425, 1858, 13
44428, 1857, 13
44431, 1858, 14
44434, 1858, 14
44437, 1858, 15
44441, 1857, 15
44444, 1857, 15
44447, 1858, 15
44450, 1857, 16
44453, 1857, 17
44457, 1857, 18
44460, 1858, 18
44464, 1858, 19
44467, 1858, 20
44471, 1858, 21
44475, 1858, 21
44478, 1858, 23
44481, 1858, 25
44484, 1858, 26
44488, 1858, 27
44492, 1858, 29
44495, 1858, 30
44498, 1858, 31
44502, 1858, 33
44505, 1859, 36
44508, 1858, 38
44511, 1858, 39
44515, 1858, 41
44518, 1858, 44
44522, 1859, 47
44526, 1859, 50
44529, 1859, 55
44533, 1859, 58
44536, 1859, 63
44540, 1859, 68
44543, 1860, 75
44546, 1860, 81
44549, 1860, 88
44552, 1860, 95
44555, 1861, 104
44558, 1861, 114
44562, 1862, 124
44565, 1862, 136
44568, 1863, 149
44571, 1863, 163
44576, 1863, 173
44580, 1864, 179
44583, 1864, 186
44587, 1864, 192
44592, 1864, 195
44595, 1865, 196
44598, 1864, 197
44602, 1865, 198
44605, 1865, 198
44610, 1865, 197
44613, 1864, 194
44616, 1864, 190
44619, 1864, 187
44623, 1864, 183
44626, 1864, 182
44629, 1864, 179
44633, 1864, 177
44636, 1864, 175
44640, 1864, 172
44644, 1864, 170
44647, 1863, 169
44651, 1863, 167
44654, 1863, 165
44657, 1863, 162
44661, 1863, 158
44664, 1863, 153
44667, 1863, 147
44670, 1863, 140
44673, 1862, 131
44676, 1862, 119
44680, 1861, 106
44683, 1860, 93
44688, 1860, 81
44692, 1860, 75
44696, 1860, 70
44699, 1860, 65
44702, 1860, 61
44706, 1860, 58
44709, 1860, 55
44713, 1860, 53
44716, 1860, 52
44719, 1860, 50
44722, 1860, 48
44725, 1860, 47
44728, 1860, 46
44731, 1860, 44
44735, 1860, 44
44738, 1860, 43
44741, 1860, 42
44745, 1861, 41
44748, 1860, 39
44752, 1860, 39
44755, 1860, 38
44759, 1860, 37
44762, 1860, 36
44766, 1860, 35
44769, 1860, 35
44772, 1859, 34
44775, 1859, 32
44778, 1859, 30
44781, 1859, 29
44784, 1860, 27
44789, 1860, 26
44793, 1860, 24
44796, 1860, 22
44800, 1860, 20
44804, 1860, 18
44808, 1860, 17
44812, 1860, 16
44815, 1859, 15
44819, 1859, 12
44822, 1859, 11
44826, 1859, 9
44829, 1859, 7
44834, 1859, 7
44838, 1859, 7
44842, 1859, 6
44845, 1859, 5
44849, 1859, 4
44853, 1859, 4
44856, 1859, 4
44861, 1859, 3
44864, 1858, 3
44867, 1859, 2
44870, 1859, 1
44874, 1859, 0
