5600, 2075, -2
5604, 2075, -2
5607, 2074, -9
5611, 2074, -35
5615, 2073, -75
5619, 2071, -124
5622, 2069, -188
5625, 2066, -281
5629, 2063, -368
5633, 2059, -467
5636, 2055, -573
5639, 2051, -686
5642, 2046, -805
5645, 2042, -933
5648, 2038, -1072
5652, 2034, -1230
5655, 2030, -1380
5658, 2026, -1546
5662, 2022, -1700
5665, 2017, -1854
5668, 2013, -2020
5672, 2009, -2179
5675, 2006, -2334
5678, 2002, -2503
5681, 1999, -2667
5685, 1996, -2814
5688, 1993, -2974
5691, 1989, -3169
5696, 1986, -3338
5700, 1982, -3496
5703, 1979, -3627
5707, 1975, -3799
5711, 1972, -3916
5714, 1969, -4039
5717, 1967, -4152
5720, 1965, -4259
5723, 1962, -4370
5727, 1959, -4472
5730, 1957, -4572
5733, 1954, -4679
5736, 1952, -4772
5739, 1951, -4856
5743, 1948, -4950
5746, 1946, -5038
5749, 1944, -5117
5752, 1942, -5192
5755, 1939, -5276
5758, 1938, -5350
5761, 1936, -5424
5765, 1934, -5496
5768, 1932, -5573
5771, 1930, -5636
5774, 1929, -5694
5777, 1927, -5755
5780, 1925, -5824
5784, 1924, -5886
5787, 1923, -5938
5790, 1921, -5988
5793, 1919, -6044
5797, 1918, -6108
5800, 1916, -6160
5803, 1915, -6204
5807, 1914, -6250
5810, 1912, -6299
5813, 1911, -6354
5817, 1910, -6402
5820, 1909, -6440
5823, 1908, -6474
5826, 1906, -6507
5829, 1906, -6548
5833, 1904, -6599
5836, 1903, -6642
5840, 1901, -6682
5843, 1901, -6711
5847, 1900, -6740
5850, 1899, -6770
5853, 1898, -6807
5857, 1897, -6848
5860, 1895, -6881
5863, 1894, -6909
5866, 1893, -6933
5869, 1893, -6955
5873, 1892, -6975
5876, 1892, -6996
5879, 1892, -7022
5882, 1891, -7053
5886, 1889, -7088
5889, 1888, -7116
5892, 1887, -7140
5895, 1886, -7159
5899, 1886, -7177
5902, 1886, -7202
5907, 1885, -7219
5910, 1885, -7237
5913, 1885, -7259
5917, 1884, -7285
5920, 1882, -7315
5924, 1882, -7339
5927, 1881, -7358
5931, 1880, -7378
5935, 1880, -7390
5939, 1879, -7402
5942, 1879, -7411
5945, 1879, -7421
5948, 1879, -7433
5951, 1878, -7445
5954, 1878, -7460
5957, 1877, -7477
5961, 1877, -7496
5964, 1876, -7516
5967, 1875, -7536
5970, 1874, -7552
5973, 1874, -7566
5977, 1873, -7576
5980, 1872, -7585
5983, 1872, -7593
5986, 1872, -7599
5989, 1872, -7605
5992, 1873, -7610
5995, 1873, -7614
5999, 1872, -7619
6002, 1873, -7624
6005, 1872, -7630
6008, 1872, -7637
6011, 1872, -7645
6014, 1871, -7654
6017, 1871, -7664
6020, 1870, -7676
6023, 1870, -7688
6026, 1870, -7701
6030, 1869, -7715
6033, 1869, -7730
6036, 1868, -7745
6039, 1867, -7759
6042, 1867, -7770
6045, 1867, -7778
6048, 1866, -7784
6051, 1866, -7790
6054, 1866, -7794
6057, 1866, -7798
6060, 1866, -7801
6064, 1866, -7804
6067, 1866, -7807
6070, 1866, -7809
6073, 1866, -7811
6076, 1866, -7813
6079, 1866, -7814
6082, 1866, -7816
6085, 1866, -7817
6088, 1866, -7818
6092, 1866, -7820
6095, 1865, -7821
6098, 1865, -7822
6101, 1865, -7823
6104, 1865, -7825
6107, 1865, -7827
6110, 1865, -7830
6113, 1865, -7833
6117, 1865, -7836
6120, 1864, -7840
6123, 1864, -7844
6126, 1864, -7848
6129, 1864, -7852
6132, 1864, -7857
6136, 1864, -7862
6139, 1864, -7868
6142, 1863, -7874
6145, 1863, -7881
6148, 1863, -7887
6151, 1862, -7894
6154, 1862, -7900
6158, 1862, -7907
6161, 1862, -7913
6164, 1861, -7920
6167, 1861, -7927
6170, 1861, -7933
6174, 1861, -7941
6178, 1861, -7946
6181, 1861, -7952
6184, 1860, -7958
6187, 1860, -7963
6191, 1860, -7969
6194, 1860, -7974
6197, 1859, -7979
6201, 1859, -7983
6204, 1859, -7989
6208, 1859, -7993
6211, 1859, -7997
6215, 1859, -8001
6218, 1859, -8004
6222, 1859, -8007
6225, 1859, -8009
6228, 1859, -8012
6231, 1859, -8015
6234, 1859, -8016
6238, 1859, -8016
6241, 1859, -8016
6244, 1859, -8016
6247, 1859, -8016
6251, 1859, -8016
6254, 1859, -8016
6257, 1860, -8016
6260, 1860, -8017
6264, 1859, -8017
6267, 1859, -8017
6270, 1859, -8017
6273, 1859, -8018
6276, 1859, -8018
6279, 1859, -8017
6283, 1859, -8017
6286, 1859, -8017
6289, 1859, -8017
6292, 1859, -8017
6296, 1858, -8017
6299, 1859, 0
8312, 1858, -1
8315, 1858, -1
8319, 1858, -11
8323, 1858, -36
8326, 1856, -73
8329, 1853, -125
8333, 1850, -196
8337, 1845, -267
8340, 1841, -356
8344, 1836, -448
8347, 1831, -534
8350, 1827, -620
8354, 1823, -717
8357, 1819, -813
8360, 1815, -906
8364, 1810, -1025
8368, 1806, -1135
8372, 1802, -1241
8376, 1797, -1330
8379, 1794, -1420
8382, 1790, -1508
8385, 1786, -1599
8389, 1782, -1683
8392, 1779, -1761
8395, 1775, -1844
8399, 1772, -1922
8402, 1768, -1996
8405, 1765, -2077
8409, 1762, -2146
8412, 1759, -2216
8415, 1756, -2308
8420, 1753, -2382
8423, 1750, -2444
8427, 1747, -2504
8430, 1744, -2569
8433, 1742, -2631
8437, 1740, -2684
8440, 1737, -2739
8443, 1735, -2790
8447, 1733, -2841
8450, 1730, -2896
8454, 1727, -2949
8457, 1726, -2995
8460, 1724, -3041
8464, 1722, -3092
8467, 1720, -3139
8471, 1719, -3185
8474, 1717, -3232
8478, 1715, -3278
8481, 1713, -3316
8484, 1711, -3350
8488, 1709, -3400
8491, 1707, -3439
8494, 1705, -3473
8498, 1704, -3505
8501, 1702, -3538
8504, 1701, -3575
8507, 1699, -3608
8511, 1698, -3636
8514, 1697, -3661
8517, 1696, -3688
8520, 1695, -3720
8523, 1693, -3755
8527, 1692, -3785
8530, 1690, -3810
8533, 1689, -3832
8536, 1688, -3855
8540, 1687, -3882
8543, 1685, -3913
8546, 1684, -3946
8551, 1683, -3973
8555, 1682, -3992
8559, 1681, -4014
8562, 1681, -4040
8566, 1679, -4067
8569, 1678, -4096
8573, 1677, -4117
8577, 1676, -4133
8580, 1675, -4147
8583, 1675, -4160
8587, 1674, -4176
8590, 1673, -4191
8593, 1672, -4211
8596, 1671, -4234
8599, 1670, -4254
8603, 1669, -4271
8606, 1668, -4285
8609, 1668, -4298
8613, 1668, -4310
8616, 1668, -4319
8619, 1667, -4333
8624, 1667, -4350
8628, 1666, -4365
8631, 1665, -4385
8635, 1664, -4404
8638, 1663, -4418
8642, 1662, -4431
8645, 1662, -4442
8649, 1661, -4452
8653, 1661, -4460
8657, 1662, -4466
8660, 1661, -4471
8664, 1661, -4478
8667, 1661, -4487
8671, 1660, -4497
8675, 1659, -4507
8679, 1658, -4520
8682, 1658, -4540
8686, 1657, -4557
8690, 1656, -4574
8694, 1655, -4589
8698, 1654, -4598
8701, 1654, -4605
8705, 1654, -4611
8708, 1654, -4615
8711, 1654, -4619
8714, 1654, -4621
8717, 1654, -4624
8721, 1654, -4627
8725, 1654, -4629
8728, 1654, -4632
8731, 1654, -4635
8735, 1654, -4639
8739, 1654, -4646
8743, 1653, -4651
8746, 1653, -4658
8750, 1653, -4666
8753, 1652, -4675
8758, 1652, -4684
8762, 1651, -4693
8766, 1651, -4704
8769, 1650, -4713
8772, 1649, -4722
8776, 1648, -4731
8779, 1648, -4738
8782, 1648, -4744
8786, 1648, -4748
8790, 1648, -4752
8794, 1648, -4755
8798, 1648, -4758
8801, 1648, -4760
8806, 1648, -4761
8809, 1648, -4762
8812, 1648, -4764
8815, 1648, -4765
8819, 1648, -4765
8822, 1648, -4766
8825, 1647, -4767
8829, 1647, -4767
8832, 1647, -4768
8835, 1647, -4769
8838, 1647, -4769
8842, 1647, -4769
8845, 1647, -4770
8848, 1647, -4771
8853, 1647, -4772
8857, 1647, -4772
8860, 1647, -4774
8864, 1647, -4775
8868, 1647, -4776
8872, 1647, -4777
8875, 1647, -4778
8878, 1647, -4779
8881, 1647, -4781
8885, 1647, -4783
8888, 1647, -4786
8891, 1646, -4789
8894, 1646, -4791
8897, 1646, -4793
8900, 1645, -4795
8904, 1645, -4799
8907, 1645, -4801
8910, 1645, -4804
8913, 1645, -4806
8916, 1645, -4809
8919, 1645, -4812
8922, 1645, -4814
8925, 1645, -4817
8928, 1645, -4820
8932, 1645, -4823
8935, 1645, -4825
8938, 1645, -4828
8941, 1644, -4831
8944, 1645, -4833
8947, 1644, -4836
8950, 1644, -4839
8953, 1644, -4842
8956, 1643, -4845
8959, 1643, -4848
8963, 1643, -4850
8966, 1643, -4853
8969, 1643, -4856
8972, 1643, -4858
8975, 1643, -4861
8978, 1643, -4863
8981, 1643, -4865
8984, 1643, -4867
8987, 1642, -4868
8991, 1643, -2
8994, 1642, -4
8997, 1642, -5
9000, 1642, -6
9003, 1642, -8
9006, 1642, -10
9010, 1642, -11
9013, 1642, -13
9016, 1642, -15
9020, 1642, -18
9023, 1642, -20
9027, 1642, -23
9031, 1642, -26
9034, 1642, -28
9037, 1642, -30
11050, 1642, -39
11054, 1641, -39
11057, 1641, -44
11060, 1640, -56
11063, 1639, -78
11066, 1636, -111
11069, 1633, -153
11073, 1629, -201
11076, 1625, -258
11079, 1621, -317
11082, 1617, -386
11086, 1612, -463
11089, 1608, -534
11092, 1604, -606
11095, 1600, -679
11099, 1597, -754
11102, 1593, -830
11105, 1590, -906
11108, 1586, -991
11112, 1581, -1068
11115, 1577, -1145
11118, 1573, -1219
11121, 1569, -1299
11124, 1566, -1369
11127, 1562, -1462
11131, 1559, -1529
11134, 1555, -1597
11138, 1552, -1664
11141, 1549, -1742
11144, 1546, -1810
11147, 1543, -1869
11150, 1540, -1931
11154, 1538, -1994
11157, 1535, -2056
11160, 1533, -2117
11163, 1530, -2177
11166, 1528, -2228
11169, 1526, -2288
11173, 1523, -2346
11176, 1521, -2400
11179, 1519, -2453
11182, 1516, -2508
11185, 1514, -2556
11188, 1512, -2603
11192, 1510, -2659
11195, 1508, -2708
11198, 1506, -2751
11201, 1504, -2800
11204, 1502, -2851
11208, 1500, -2894
11211, 1499, -2933
11214, 1497, -2974
11217, 1495, -3021
11220, 1494, -3063
11223, 1492, -3100
11227, 1490, -3142
11230, 1489, -3188
11234, 1487, -3231
11237, 1486, -3278
11241, 1484, -3323
11246, 1482, -3363
11249, 1480, -3402
11252, 1479, -3435
11255, 1478, -3465
11259, 1476, -3495
11262, 1475, -3525
11265, 1474, -3561
11268, 1473, -3594
11272, 1471, -3625
11275, 1470, -3651
11279, 1469, -3674
11282, 1469, -3698
11285, 1468, -3727
11288, 1466, -3759
11291, 1465, -3788
11294, 1464, -3812
11298, 1462, -3834
11301, 1462, -3857
11304, 1461, -3876
11308, 1461, -3897
11311, 1460, -3921
11314, 1459, -3949
11317, 1458, -3974
11320, 1456, -3999
11324, 1456, -4018
11328, 1455, -4035
11331, 1455, -4055
11335, 1455, -4072
11339, 1454, -4093
11342, 1454, -4115
11346, 1452, -4148
11350, 1451, -4176
11355, 1449, -4194
11358, 1449, -4208
11362, 1448, -4219
11365, 1448, -4229
11368, 1448, -4239
11372, 1448, -4250
11375, 1447, -4263
11378, 1447, -4278
11381, 1446, -4294
11385, 1445, -4314
11388, 1444, -4337
11391, 1443, -4357
11395, 1442, -4378
11399, 1441, -4394
11403, 1441, -4405
11406, 1441, -4415
11409, 1442, -4422
11413, 1442, -4429
11416, 1442, -4436
11420, 1442, -4442
11423, 1441, -4448
11426, 1441, -4458
11431, 1440, -4469
11435, 1439, -4478
11439, 1439, -4489
11442, 1438, -4500
11445, 1438, -4514
11448, 1437, -4530
11452, 1436, -4548
11455, 1436, -4564
11459, 1435, -4578
11463, 1435, -4589
11467, 1435, -4597
11470, 1435, -4604
11474, 1435, -4609
11477, 1434, -4614
11480, 1435, -4619
11484, 1434, -4622
11487, 1434, -4625
11490, 1434, -4628
11494, 1434, -4631
11497, 1434, -4633
11501, 1434, -4635
11504, 1434, -4636
11507, 1434, -4638
11510, 1435, -4642
11515, 1435, -4647
11518, 1434, -4652
11522, 1434, -4657
11525, 1434, -4664
11529, 1433, -4674
11533, 1433, -4681
11537, 1432, -4688
11540, 1432, -4698
11544, 1431, -4706
11548, 1430, -4714
11551, 1430, -4723
11555, 1430, -4730
11559, 1429, -4739
11562, 1429, -4746
11566, 1429, -4754
11569, 1428, -4761
11573, 1428, -4768
11576, 1428, -4776
11580, 1428, -4783
11583, 1428, -4789
11587, 1427, -4794
11590, 1428, -4796
11593, 1428, -4798
11596, 1427, -4801
11600, 1427, -4802
11603, 1427, -4802
11606, 1427, -4803
11609, 1427, -4805
11613, 1427, -4806
11616, 1427, -4806
11619, 1427, -4807
11623, 1427, -4808
11626, 1427, -4808
11630, 1427, -4808
11633, 1428, -4809
11637, 1427, -4809
11640, 1427, -4809
11643, 1427, -4809
11647, 1427, -4809
11651, 1427, -4809
11655, 1427, -4809
11659, 1427, -4810
11662, 1427, -4810
11667, 1427, -4810
11671, 1427, -4810
11674, 1427, -4810
11678, 1427, -4811
11681, 1427, -4811
11685, 1428, -4812
11689, 1427, -4812
11692, 1427, -4812
11695, 1427, -4812
11699, 1427, -4812
11702, 1427, -4812
11705, 1427, -4812
11708, 1427, -4812
11711, 1427, -4812
11714, 1427, -4812
11718, 1427, -4812
11721, 1427, -4812
11725, 1427, -4812
11728, 1427, -4812
11731, 1427, -4813
11735, 1427, -4813
11739, 1427, -4813
11742, 1427, -4813
11745, 1427, -4813
11749, 1427, -4813
11753, 1427, -4813
11757, 1427, -4813
11760, 1427, -4813
11764, 1426, -4814
11768, 1426, -4815
11772, 1426, -4815
11775, 1426, -4815
11779, 1427, -4815
11784, 1427, -4815
11787, 1427, -4816
11790, 1427, -4816
11794, 1427, -4816
11797, 1428, -4816
11801, 1427, -4817
11805, 1427, -4818
11808, 1427, -4818
11811, 1427, -4819
11814, 1427, -4819
11817, 1428, -4819
11821, 1428, -4820
11824, 1427, -4820
11827, 1427, -4822
11831, 1426, -4822
11834, 1426, -4823
11837, 1426, -4823
11840, 1426, -4823
11844, 1426, -4824
11848, 1427, -4825
11852, 1427, -4825
11856, 1427, -4826
11859, 1426, -4827
11862, 1426, -4828
11866, 1426, -4829
11870, 1426, -4830
11873, 1426, -4831
11877, 1426, -4832
11880, 1426, -4833
11883, 1426, -4834
11886, 1426, -4835
11889, 1426, -4837
11893, 1426, -4837
11896, 1426, -4838
11899, 1426, -4838
11902, 1426, -4838
11905, 1426, -4839
11908, 1426, -4841
11911, 1426, -4842
11914, 1426, -4843
11918, 1426, -4844
11921, 1426, -4844
11924, 1426, -4846
11927, 1426, -4847
11930, 1426, -4848
11933, 1426, -4849
11936, 1426, -4849
11939, 1426, -4850
11942, 1426, -4851
11946, 1426, -4852
11949, 1425, -4853
11952, 1426, -2
11955, 1426, -2
11958, 1426, -3
11962, 1426, -3
11965, 1426, -3
11968, 1426, -4
11971, 1426, -4
11974, 1425, -5
11977, 1425, -5
11980, 1425, -5
11983, 1425, -5
11987, 1426, -5
11990, 1426, -5
11993, 1426, -5
11996, 1426, -5
11999, 1425, -5
12002, 1426, -6
12005, 1426, -6
12008, 1426, -6
12012, 1426, -6
12015, 1426, -6
12018, 1426, -6
12022, 1426, -6
12025, 1426, -7
12029, 1426, -8
12032, 1425, -9
12035, 1425, -9
12038, 1425, -10
12042, 1425, -11
12045, 1425, -12
12048, 1425, -13
12051, 1425, -14
12054, 1425, -16
12058, 1424, -19
12062, 1424, -21
12065, 1424, -25
12069, 1424, -27
12073, 1425, -29
12076, 1425, -31
12080, 1425, -34
12084, 1425, -37
12088, 1425, -39
12092, 1425, -40
12095, 1425, -42
12098, 1425, -44
12102, 1425, -45
12106, 1424, -46
12110, 1424, -47
12113, 1424, -49
12116, 1424, -50
12120, 1424, -51
14134, 1424, -76
14138, 1424, -76
14141, 1423, -83
14144, 1422, -104
14148, 1420, -147
14151, 1417, -202
14154, 1413, -273
14158, 1409, -353
14162, 1404, -478
14166, 1400, -582
14170, 1394, -684
14173, 1390, -798
14177, 1386, -919
14180, 1381, -1030
14184, 1377, -1144
14187, 1373, -1268
14191, 1368, -1390
14194, 1364, -1514
14198, 1360, -1635
14201, 1356, -1756
14205, 1353, -1871
14208, 1348, -1988
14212, 1344, -2091
14215, 1341, -2197
14219, 1337, -2300
14223, 1334, -2403
14226, 1331, -2509
14230, 1328, -2601
14234, 1325, -2679
14237, 1322, -2764
14240, 1319, -2844
14243, 1316, -2916
14247, 1313, -2991
14250, 1310, -3062
14253, 1308, -3130
14257, 1305, -3198
14260, 1303, -3261
14263, 1301, -3320
14266, 1299, -3383
14270, 1297, -3441
14273, 1295, -3494
14276, 1293, -3549
14279, 1290, -3607
14283, 1289, -3661
14286, 1287, -3708
14289, 1285, -3758
14293, 1283, -3821
14297, 1281, -3872
14301, 1280, -3922
14305, 1277, -3971
14308, 1276, -4014
14312, 1274, -4052
14315, 1272, -4107
14320, 1270, -4153
14324, 1268, -4188
14327, 1267, -4216
14330, 1266, -4249
14333, 1264, -4282
14337, 1263, -4318
14340, 1262, -4348
14343, 1260, -4374
14346, 1259, -4397
14349, 1258, -4422
14353, 1257, -4451
14356, 1256, -4482
14359, 1254, -4508
14362, 1253, -4531
14365, 1252, -4550
14368, 1252, -4570
14371, 1252, -4591
14374, 1251, -4614
14378, 1249, -4641
14381, 1248, -4664
14384, 1247, -4683
14387, 1246, -4700
14390, 1245, -4716
14393, 1245, -4731
14396, 1245, -4747
14399, 1244, -4765
14402, 1243, -4786
14406, 1241, -4808
14409, 1240, -4827
14412, 1239, -4843
14415, 1238, -4856
14418, 1238, -4868
14421, 1238, -4879
14424, 1238, -4889
14427, 1238, -4900
14430, 1238, -4913
14433, 1237, -4928
14436, 1236, -4946
14439, 1235, -4966
14443, 1234, -4982
14446, 1233, -4995
14449, 1232, -5006
14452, 1231, -5016
14455, 1231, -5024
14458, 1231, -5032
14461, 1231, -5039
14464, 1231, -5048
14468, 1231, -5056
14471, 1230, -5067
14474, 1230, -5078
14477, 1229, -5091
14480, 1228, -5106
14483, 1227, -5121
14487, 1226, -5133
14490, 1226, -5142
14493, 1225, -5150
14496, 1225, -5157
14499, 1225, -5162
14502, 1225, -5167
14505, 1225, -5171
14508, 1225, -5175
14512, 1225, -5179
14515, 1225, -5183
14518, 1225, -5187
14521, 1224, -5191
14524, 1224, -5197
14527, 1224, -5203
14530, 1223, -5210
14533, 1223, -5219
14536, 1223, -5228
14539, 1222, -5238
14542, 1221, -5250
14546, 1221, -5261
14549, 1220, -5272
14552, 1220, -5282
14555, 1220, -5290
14558, 1219, -5296
14561, 1219, -5302
14564, 1219, -5306
14567, 1219, -5310
14570, 1218, -5313
14573, 1218, -5316
14576, 1218, -5318
14579, 1218, -5320
14582, 1218, -5322
14586, 1218, -5324
14589, 1218, -5326
14592, 1218, -5327
14595, 1219, -5328
14598, 1219, -5330
14601, 1219, -5331
14604, 1219, -5333
14607, 1218, -5336
14610, 1218, -5338
14613, 1218, -5341
14616, 1217, -5344
14620, 1217, -5348
14623, 1217, -5352
14626, 1217, -5356
14629, 1216, -5361
14632, 1216, -5366
14635, 1216, -5371
14638, 1215, -5376
14641, 1215, -5381
14644, 1215, -5387
14647, 1214, -5392
14650, 1214, -5396
14653, 1214, -5402
14657, 1213, -5406
14660, 1213, -5412
14663, 1213, -5417
14666, 1213, -5422
14669, 1213, -5426
14672, 1213, -5431
14675, 1213, -5435
14679, 1212, -5437
14682, 1212, -5440
14685, 1212, -5442
14688, 1212, -5443
14691, 1212, -5445
14694, 1211, -5446
14697, 1211, -5446
14700, 1211, -5447
14704, 1211, -5447
14707, 1211, -5448
14710, 1211, -5449
14713, 1211, -5449
14716, 1212, -5450
14719, 1212, -5450
14722, 1212, -5450
14726, 1212, -5450
14729, 1212, -5450
14732, 1212, -5451
14736, 1212, -5451
14739, 1211, -5452
14743, 1212, -5452
14746, 1212, -5452
14751, 1212, -5452
14754, 1212, -5452
14757, 1211, -5452
14760, 1211, -5452
14764, 1211, -5452
14768, 1211, -5454
14772, 1212, -5454
14775, 1212, -5454
14778, 1211, -5454
14781, 1211, -5454
14784, 1212, -5454
14788, 1211, -5454
14791, 1211, -5454
14794, 1211, -5454
14798, 1212, -5454
14802, 1212, -5454
14805, 1212, -5454
14808, 1211, -5454
14812, 1211, -5455
14816, 1211, -5455
14819, 1211, -5455
14822, 1211, -5455
14826, 1212, -5455
14830, 1212, -5455
14833, 1212, -5455
14836, 1212, -5455
14840, 1212, -5456
14843, 1211, -5456
14848, 1211, -5456
14851, 1211, -5456
14854, 1211, -5457
14858, 1211, -5458
14862, 1211, -5458
14866, 1212, -5459
14870, 1211, -5459
14873, 1211, -5459
14877, 1211, -5460
14881, 1211, -5461
14884, 1211, -5461
14888, 1211, -5461
14891, 1211, -5461
14894, 1212, -5462
14897, 1212, -5463
14900, 1212, -5464
14903, 1212, -5465
14906, 1212, -5466
14909, 1211, -5467
14912, 1211, -5468
14915, 1211, -5469
14918, 1211, -5470
14922, 1211, -5471
14925, 1211, -5472
14928, 1211, -5473
14931, 1211, -5475
14934, 1211, -5477
14937, 1210, -5478
14940, 1211, -5479
14944, 1210, -5480
14947, 1211, -5481
14950, 1211, -5482
14953, 1211, -5483
14956, 1210, -5484
14959, 1210, -5485
14962, 1210, -5486
14965, 1210, -5488
14968, 1210, -5489
14972, 1209, -5490
14975, 1209, -1
14978, 1210, -2
14981, 1210, -4
14984, 1210, -6
14987, 1210, -8
14991, 1209, -11
14994, 1209, -15
14997, 1208, -18
15000, 1208, -22
15003, 1208, -26
15006, 1208, -30
15009, 1208, -35
15013, 1207, -39
15016, 1207, -44
15019, 1207, -48
15022, 1207, -52
15025, 1207, -55
15029, 1207, -58
15032, 1207, -61
15035, 1207, -63
15038, 1206, -65
15041, 1207, -67
15044, 1206, -69
15048, 1206, -71
15051, 1206, -73
15054, 1206, -74
15057, 1206, -76
15060, 1206, -78
15064, 1206, -79
15067, 1206, -81
15071, 1206, -83
15074, 1205, -84
15078, 1205, -86
15082, 1205, -88
15085, 1205, -90
15089, 1205, -93
15093, 1205, -95
15097, 1205, -98
15100, 1205, -100
15104, 1205, -102
15107, 1205, -103
15110, 1205, -104
15114, 1205, -105
15117, 1205, -106
15120, 1205, -107
15124, 1205, -108
15127, 1205, -108
15130, 1205, -108
15133, 1205, -109
15137, 1205, -109
15140, 1204, -110
15143, 1204, -110
15147, 1204, -110
15150, 1204, -110
15154, 1204, -111
15158, 1204, -111
15162, 1205, -111
15165, 1205, -111
15170, 1205, -110
15173, 1205, -110
15176, 1205, -110
15179, 1205, -109
15182, 1205, -109
15186, 1205, -109
15190, 1204, -108
15193, 1205, -108
15197, 1205, -108
15200, 1205, -107
15204, 1205, -107
15207, 1205, -106
15211, 1205, -106
15214, 1205, -106
15218, 1204, -105
15221, 1204, -105
15224, 1205, -104
15227, 1205, -103
15230, 1205, -103
15234, 1205, -102
15237, 1205, -102
15241, 1205, -101
15245, 1205, -100
15248, 1205, -100
15252, 1205, -99
15255, 1205, -98
15259, 1205, -98
15262, 1205, -97
15267, 1205, -97
15270, 1205, -95
15274, 1205, -95
15277, 1205, -94
15281, 1205, -93
15285, 1205, -92
15289, 1206, -91
15293, 1205, -90
15297, 1206, -89
15302, 1205, -88
15306, 1205, -86
15310, 1205, -85
15313, 1205, -85
15316, 1205, -84
15319, 1205, -83
15323, 1205, -82
15326, 1205, -81
15329, 1205, -80
15333, 1205, -78
15336, 1205, -78
15339, 1206, -76
15342, 1206, -75
15346, 1206, -74
15349, 1206, -73
15352, 1206, -72
15356, 1206, -72
15359, 1206, -70
15363, 1206, -69
15367, 1205, -68
15370, 1206, -67
15374, 1206, -66
15378, 1206, -65
15381, 1206, -64
17395, 1207, -57
17399, 1207, -58
17403, 1207, -65
17406, 1205, -83
17410, 1204, -114
17414, 1201, -150
17417, 1197, -196
17420, 1193, -244
17424, 1189, -293
17427, 1185, -350
17430, 1181, -407
17433, 1177, -463
17437, 1174, -521
17440, 1170, -587
17443, 1166, -649
17447, 1162, -712
17450, 1159, -773
17453, 1155, -832
17456, 1151, -889
17460, 1148, -954
17463, 1144, -1010
17466, 1141, -1073
17470, 1138, -1133
17473, 1134, -1193
17476, 1131, -1249
17480, 1127, -1316
17483, 1125, -1373
17487, 1121, -1435
17491, 1118, -1486
17494, 1115, -1551
17498, 1112, -1601
17501, 1109, -1653
17505, 1106, -1705
17509, 1103, -1751
17512, 1100, -1806
17516, 1098, -1854
17519, 1095, -1901
17523, 1092, -1944
17526, 1090, -1983
17530, 1087, -2024
17533, 1085, -2064
17536, 1083, -2100
17540, 1081, -2140
17543, 1078, -2180
17546, 1077, -2214
17550, 1075, -2250
17553, 1072, -2300
17558, 1070, -2333
17561, 1069, -2361
17564, 1067, -2392
17567, 1065, -2426
17570, 1063, -2455
17573, 1062, -2480
17577, 1059, -2507
17580, 1057, -2538
17583, 1056, -2566
17586, 1054, -2591
17589, 1053, -2613
17592, 1052, -2636
17596, 1051, -2664
17599, 1050, -2689
17602, 1049, -2711
17605, 1047, -2730
17608, 1046, -2749
17611, 1045, -2772
17615, 1043, -2797
17618, 1042, -2822
17621, 1041, -2840
17625, 1040, -2858
17628, 1040, -2876
17631, 1039, -2904
17636, 1037, -2929
17640, 1036, -2948
17643, 1035, -2963
17646, 1034, -2977
17649, 1033, -2991
17653, 1033, -3006
17656, 1031, -3027
17659, 1031, -3047
17662, 1029, -3064
17665, 1028, -3078
17669, 1027, -3090
17672, 1027, -3101
17675, 1026, -3113
17678, 1025, -3126
17681, 1024, -3139
17684, 1023, -3155
17687, 1022, -3171
17691, 1021, -3184
17694, 1021, -3196
17697, 1021, -3205
17700, 1020, -3213
17703, 1020, -3222
17707, 1020, -3229
17710, 1019, -3238
17713, 1018, -3247
17716, 1018, -3259
17719, 1017, -3273
17722, 1016, -3288
17726, 1015, -3300
17729, 1014, -3311
17732, 1014, -3320
17735, 1014, -3328
17738, 1013, -3334
17741, 1013, -3340
17745, 1013, -3345
17748, 1013, -3351
17751, 1012, -3358
17754, 1012, -3365
17757, 1012, -3373
17760, 1011, -3383
17764, 1011, -3393
17767, 1010, -3404
17770, 1010, -3416
17773, 1009, -3425
17776, 1008, -3433
17779, 1008, -3439
17782, 1008, -3444
17785, 1008, -3449
17788, 1008, -3453
17791, 1007, -3456
17794, 1007, -3459
17797, 1007, -3462
17801, 1007, -3465
17804, 1007, -3468
17807, 1007, -3472
17810, 1006, -3476
17813, 1005, -3481
17816, 1005, -3486
17819, 1004, -3491
17823, 1004, -3497
17826, 1003, -3503
17829, 1003, -3510
17832, 1003, -3518
17835, 1002, -3526
17838, 1001, -3536
17841, 1001, -3544
17844, 1000, -3550
17848, 1000, -3554
17851, 1000, -3559
17854, 1001, -3563
17857, 1001, -3566
17860, 1001, -3569
17863, 1001, -3570
17867, 1001, -3572
17870, 1001, -3574
17873, 1001, -3575
17876, 1001, -3576
17879, 1001, -3577
17883, 1001, -3578
17886, 1001, -3579
17889, 1001, -3580
17892, 1001, -3581
17895, 1000, -3582
17898, 1000, -3583
17901, 1000, -3585
17904, 1000, -3587
17908, 1000, -3589
17911, 1000, -3591
17914, 1000, -3595
17917, 999, -3598
17920, 999, -3601
17923, 998, -3605
17927, 998, -3608
17930, 998, -3612
17933, 998, -3615
17936, 998, -3620
17939, 998, -3623
17942, 997, -3627
17945, 997, -3632
17949, 996, -3637
17953, 996, -3646
17959, 996, -3650
17962, 996, -3655
17965, 995, -3658
17968, 995, -3662
17971, 995, -3667
17974, 995, -3670
17978, 995, -3674
17981, 995, -3677
17984, 994, -3680
17987, 994, -3684
17990, 994, -3687
17993, 994, -3689
17996, 994, -3690
18000, 994, -3692
18003, 994, -3693
18006, 994, -3693
18009, 994, -3694
18012, 993, -3695
18015, 993, -3695
18018, 994, -3696
18022, 994, -3696
18025, 993, -3696
18029, 994, -3696
18032, 994, -3696
18035, 994, -3696
18038, 994, -3696
18041, 994, -3695
18044, 994, -3695
18047, 994, -3695
18051, 994, -3696
18054, 994, -3696
18058, 994, -3696
18061, 994, -3696
18065, 994, -3696
18069, 994, -3696
18072, 994, -3696
18076, 994, -3696
18079, 994, -3696
18084, 994, -3696
18087, 994, -3696
18090, 994, -3696
18094, 994, -3696
18097, 994, -3696
18100, 995, -3696
18104, 994, -3697
18107, 994, -3697
18110, 995, -3697
18113, 994, -3697
18116, 994, -3697
18120, 994, -3698
18124, 994, -3698
18127, 993, -3698
18131, 993, -3698
18134, 993, -3698
18137, 994, -3698
18141, 994, -3698
18144, 994, -3698
18148, 994, -3698
18151, 994, -3698
18156, 994, -3698
18159, 994, -3698
18162, 994, -3698
18166, 994, -3698
18169, 994, -3698
18172, 994, -3698
18176, 994, -3698
18179, 994, -3698
18183, 993, -3698
18186, 993, -3698
18189, 994, -3699
18192, 994, -3699
18196, 994, -3700
18199, 994, -3700
18202, 994, -3700
18205, 994, -3700
18209, 994, -3700
18212, 993, -3700
18215, 993, -3700
18218, 993, -3700
18222, 993, -3700
18225, 993, -3700
18228, 994, -3700
18232, 994, -3700
18235, 994, -3700
18238, 994, -3701
18241, 994, -3701
18244, 993, -3701
18247, 993, -3701
18250, 993, -3701
18254, 993, -3701
18257, 993, -3701
18260, 993, -3701
18263, 993, -3701
18267, 993, -3702
18271, 993, -3702
18274, 993, -3703
18278, 994, -3703
18281, 994, -3704
18286, 994, -3704
18289, 994, -3704
18293, 994, -3704
18296, 993, -3705
18299, 993, -3705
18302, 993, -3706
18305, 993, -3706
18309, 993, -3707
18312, 993, -3707
18315, 993, -3708
18318, 993, -3709
18322, 993, -3709
18326, 993, -3710
18329, 993, -3710
18332, 993, -3711
18337, 993, -3711
18340, 993, -3711
18343, 993, -3712
18348, 993, -3712
18351, 993, -3712
18356, 993, -3713
18359, 993, -3713
18362, 993, -3714
18367, 993, -3715
18370, 993, -3715
18374, 992, -3716
18378, 992, -1
18382, 992, -2
18387, 992, -2
18390, 992, -2
18393, 992, -2
18398, 993, -3
18401, 993, -2
18405, 993, -2
18409, 993, -2
18412, 993, -2
18415, 993, -2
18418, 992, -3
18421, 993, -3
18424, 993, -3
18427, 993, -4
18431, 992, -4
18434, 993, -4
18437, 992, -4
18441, 992, -4
18444, 992, -4
18447, 992, -4
18452, 992, -5
18455, 992, -5
18459, 993, -5
18462, 993, -6
18465, 993, -6
18469, 993, -7
18472, 992, -8
18475, 992, -8
18479, 992, -9
18482, 992, -10
18485, 991, -11
18488, 992, -12
18491, 992, -13
18494, 992, -14
18498, 992, -16
18501, 992, -17
18505, 991, -19
18508, 991, -20
18511, 991, -21
18514, 991, -23
18517, 991, -25
18520, 991, -25
18523, 991, -25
18527, 991, -25
18530, 991, -26
18533, 991, -27
18536, 991, -28
18540, 991, -29
18543, 991, -30
18546, 990, -31
18549, 990, -33
18552, 990, -34
18555, 990, -35
18558, 990, -37
18562, 990, -38
18565, 990, -39
18568, 990, -40
18571, 990, -41
18574, 990, -43
18577, 990, -43
18580, 989, -45
18583, 989, -46
18587, 990, -47
18590, 990, -47
18593, 990, -48
18596, 990, -50
18599, 989, -51
20612, 989, -57
20616, 989, -57
20620, 988, -65
20624, 987, -84
20627, 985, -110
20631, 983, -139
20634, 980, -179
20637, 976, -222
20641, 972, -268
20644, 968, -315
20647, 964, -366
20651, 960, -423
20654, 956, -486
20657, 952, -542
20661, 948, -600
20664, 944, -657
20667, 940, -720
20670, 937, -777
20673, 934, -834
20676, 931, -894
20680, 927, -953
20683, 924, -1011
20686, 921, -1071
20689, 918, -1127
20692, 914, -1186
20696, 912, -1239
20699, 909, -1297
20702, 906, -1351
20705, 903, -1407
20708, 900, -1459
20711, 897, -1511
20715, 894, -1565
20718, 892, -1615
20721, 890, -1668
20724, 887, -1717
20727, 885, -1773
20731, 882, -1826
20734, 880, -1871
20738, 878, -1915
20741, 875, -1963
20744, 873, -2007
20747, 871, -2050
20751, 868, -2101
20754, 866, -2147
20757, 865, -2188
20761, 862, -2233
20764, 860, -2280
20767, 859, -2316
20771, 857, -2353
20774, 855, -2398
20777, 853, -2438
20781, 851, -2474
20784, 849, -2515
20788, 847, -2559
20791, 845, -2604
20796, 844, -2635
20799, 842, -2673
20803, 840, -2713
20806, 839, -2753
20810, 838, -2782
20814, 836, -2811
20817, 834, -2845
20820, 833, -2876
20823, 831, -2903
20826, 830, -2926
20830, 829, -2952
20833, 827, -2982
20836, 826, -3013
20839, 825, -3040
20842, 824, -3063
20845, 823, -3083
20849, 823, -3105
20852, 822, -3128
20855, 821, -3154
20858, 819, -3179
20861, 818, -3200
20864, 817, -3219
20867, 817, -3235
20870, 817, -3253
20873, 816, -3272
20876, 815, -3296
20880, 814, -3325
20883, 813, -3349
20887, 811, -3369
20890, 810, -3385
20893, 810, -3400
20896, 810, -3416
20900, 809, -3432
20903, 809, -3450
20906, 808, -3472
20910, 807, -3495
20913, 806, -3516
20916, 805, -3530
20920, 804, -3544
20923, 804, -3555
20926, 804, -3568
20930, 803, -3580
20933, 803, -3594
20936, 802, -3610
20940, 802, -3629
20943, 800, -3649
20946, 799, -3669
20949, 798, -3684
20953, 797, -3698
20957, 797, -3709
20961, 797, -3720
20965, 797, -3728
20968, 797, -3735
20972, 797, -3744
20976, 797, -3753
20979, 797, -3764
20983, 796, -3781
20987, 795, -3798
20990, 794, -3824
20995, 793, -3840
20998, 792, -3855
21002, 791, -3869
21007, 790, -3877
21010, 790, -3883
21014, 790, -3890
21017, 791, -3895
21022, 791, -3903
21026, 791, -3908
21029, 790, -3915
21033, 790, -3922
21037, 789, -3930
21040, 789, -3939
21044, 789, -3947
21047, 788, -3956
21050, 788, -3966
21053, 787, -3976
21057, 786, -3987
21060, 786, -3999
21063, 786, -4010
21066, 785, -4018
21070, 785, -4026
21074, 785, -4032
21077, 785, -4037
21080, 785, -4040
21084, 784, -4044
21087, 784, -4046
21091, 784, -4049
21095, 784, -4050
21098, 784, -4051
21102, 785, -4054
21106, 785, -4056
21109, 785, -4057
21113, 785, -4058
21117, 784, -4060
21120, 784, -4062
21125, 785, -4064
21128, 784, -4067
21132, 784, -4072
21137, 784, -4077
21140, 784, -4085
21145, 783, -4090
21148, 783, -4098
21152, 783, -4105
21155, 782, -4111
21159, 782, -4119
21162, 782, -4127
21165, 781, -4134
21169, 781, -4142
21172, 781, -4149
21175, 781, -4157
21178, 781, -4166
21182, 780, -4173
21185, 780, -4180
21188, 780, -4190
21193, 779, -4198
21197, 779, -4204
21200, 779, -4210
21203, 779, -4214
21207, 778, -4218
21210, 778, -4220
21213, 778, -4222
21216, 778, -4224
21220, 778, -4225
21223, 778, -4226
21226, 778, -4226
21230, 778, -4227
21233, 778, -4228
21236, 778, -4228
21240, 779, -4228
21243, 779, -4228
21246, 778, -4228
21249, 778, -4229
21253, 778, -4229
21256, 778, -4230
21259, 778, -4230
21262, 778, -4231
21265, 778, -4231
21268, 777, -4232
21272, 777, -4232
21275, 778, -4232
21278, 778, -4232
21282, 778, -4232
21285, 779, -4232
21288, 779, -4232
21292, 778, -4232
21296, 778, -4232
21299, 778, -4232
21303, 778, -4232
21306, 778, -4232
21310, 778, -4232
21314, 778, -4232
21317, 778, -4232
21320, 778, -4233
21325, 778, -4233
21328, 778, -4234
21332, 778, -4234
21335, 778, -4234
21340, 778, -4234
21343, 778, -4234
21346, 778, -4234
21349, 778, -4234
21353, 778, -4234
21356, 778, -4234
21359, 778, -4234
21363, 777, -4234
21366, 778, -4234
21370, 777, -4234
21373, 778, -4234
21376, 778, -4234
21379, 778, -4235
21383, 778, -4235
21386, 778, -4236
21389, 778, -4236
21392, 778, -4236
21396, 778, -4236
21399, 778, -4236
21403, 778, -4236
21406, 778, -4236
21410, 778, -4237
21415, 778, -4238
21418, 778, -4238
21423, 778, -4237
21426, 778, -4237
21430, 778, -4238
21433, 778, -4239
21436, 778, -4239
21440, 778, -4239
21443, 778, -4240
21446, 778, -4240
21450, 778, -4242
21454, 778, -4242
21457, 778, -4242
21461, 778, -4242
21465, 778, -4243
21468, 778, -4244
21471, 778, -4244
21476, 778, -4245
21480, 778, -4245
21483, 778, -4246
21487, 777, -4247
21490, 778, -4248
21493, 778, -4249
21496, 778, -4249
21499, 778, -4250
21502, 777, -4251
21505, 777, -4252
21509, 777, -4253
21512, 777, -4254
21516, 777, -4255
21519, 777, -4256
21522, 777, -4257
21525, 777, -4258
21530, 776, -4259
21533, 776, -1
21536, 776, -1
21540, 776, -3
21545, 776, -4
21548, 777, -5
21551, 777, -6
21555, 777, -8
21558, 777, -10
21562, 777, -11
21566, 777, -13
21570, 776, -14
21573, 776, -16
21577, 776, -18
21581, 776, -20
21585, 776, -21
21589, 776, -23
21593, 776, -24
21596, 776, -26
21600, 776, -27
21603, 776, -29
21607, 776, -30
23620, 775, -35
23623, 775, -35
23627, 775, -42
23630, 774, -69
23634, 772, -109
23638, 769, -163
23641, 766, -229
23645, 762, -304
23648, 757, -386
23652, 753, -470
23655, 748, -575
23659, 744, -670
23662, 740, -770
23665, 736, -866
23669, 732, -975
23672, 728, -1086
23675, 725, -1186
23679, 721, -1293
23682, 718, -1393
23685, 714, -1506
23688, 711, -1613
23691, 708, -1733
23695, 704, -1838
23698, 701, -1957
23701, 698, -2060
23704, 694, -2177
23708, 692, -2285
23711, 688, -2398
23714, 685, -2514
23718, 682, -2633
23721, 680, -2750
23725, 677, -2851
23728, 674, -2967
23731, 672, -3075
23735, 670, -3179
23738, 667, -3291
23741, 665, -3395
23745, 662, -3512
23748, 660, -3614
23752, 657, -3703
23755, 655, -3816
23758, 652, -3918
23761, 651, -4004
23765, 648, -4098
23768, 646, -4198
23771, 645, -4286
23774, 643, -4375
23777, 640, -4477
23781, 639, -4572
23784, 637, -4651
23787, 635, -4730
23790, 633, -4822
23794, 632, -4910
23797, 631, -4981
23800, 629, -5051
23803, 627, -5134
23807, 626, -5207
23810, 624, -5273
23813, 623, -5332
23816, 621, -5395
23819, 620, -5466
23822, 619, -5529
23826, 618, -5582
23829, 617, -5631
23832, 616, -5684
23835, 614, -5746
23838, 613, -5805
23841, 611, -5854
23844, 610, -5897
23848, 609, -5942
23851, 609, -5997
23855, 608, -6064
23858, 607, -6129
23863, 606, -6170
23866, 605, -6204
23869, 604, -6249
23873, 603, -6291
23876, 602, -6345
23880, 601, -6393
23883, 600, -6427
23886, 599, -6458
23890, 598, -6487
23893, 598, -6518
23896, 597, -6552
23899, 595, -6592
23902, 594, -6635
23906, 593, -6672
23909, 592, -6710
23913, 591, -6738
23917, 591, -6766
23921, 591, -6789
23925, 590, -6826
23929, 589, -6863
23933, 588, -6902
23936, 587, -6944
23941, 586, -6968
23944, 585, -6989
23947, 585, -7006
23950, 585, -7021
23954, 585, -7037
23957, 585, -7054
23960, 584, -7074
23963, 583, -7098
23967, 582, -7126
23970, 580, -7155
23973, 580, -7181
23976, 579, -7201
23979, 578, -7219
23982, 578, -7234
23985, 578, -7247
23988, 578, -7258
23992, 578, -7269
23995, 578, -7277
23998, 578, -7287
24001, 578, -7296
24004, 578, -7307
24007, 577, -7319
24010, 577, -7334
24013, 576, -7350
24016, 576, -7371
24020, 575, -7395
24023, 574, -7419
24026, 574, -7440
24030, 573, -7456
24033, 573, -7469
24036, 572, -7480
24039, 572, -7489
24043, 572, -7497
24046, 572, -7503
24049, 572, -7509
24052, 572, -7515
24056, 573, -7519
24059, 573, -7525
24062, 572, -7529
24065, 572, -7535
24069, 572, -7543
24072, 572, -7551
24075, 571, -7559
24079, 571, -7570
24083, 571, -7585
24087, 570, -7598
24090, 569, -7613
24093, 569, -7628
24096, 568, -7647
24100, 568, -7665
24103, 567, -7680
24107, 567, -7692
24110, 566, -7702
24113, 566, -7709
24116, 566, -7717
24120, 566, -7723
24123, 566, -7727
24126, 566, -7732
24130, 566, -7736
24133, 566, -7739
24137, 566, -7742
24141, 566, -7744
24144, 566, -7745
24148, 566, -7747
24152, 566, -7749
24155, 566, -7750
24159, 566, -7752
24163, 566, -7753
24167, 566, -7754
24170, 566, -7755
24173, 566, -7757
24176, 566, -7760
24180, 565, -7763
24184, 565, -7767
24187, 566, -7772
24192, 565, -7777
24195, 565, -7782
24199, 565, -7787
24202, 565, -7792
24205, 564, -7798
24209, 564, -7804
24214, 564, -7809
24217, 564, -7815
24220, 563, -7820
24223, 563, -7826
24227, 563, -7832
24230, 563, -7838
24233, 563, -7844
24236, 563, -7851
24240, 562, -7857
24243, 562, -7863
24247, 562, -7870
24250, 562, -7875
24254, 562, -7881
24258, 562, -7890
24262, 562, -7895
24265, 561, -7902
24269, 561, -7910
24272, 561, -7918
24277, 561, -7924
24280, 560, -7931
24284, 561, -7938
24287, 560, -7944
24291, 560, -7949
24294, 561, -7955
24299, 560, -7960
24302, 560, -7963
24306, 560, -7964
24310, 560, -7964
24313, 560, -7965
24316, 560, -7965
24321, 560, -7965
24324, 560, -7965
24327, 560, -7965
24331, 560, -7965
24334, 560, -7965
24337, 560, -7965
24340, 559, -7965
24343, 560, 0
24346, 560, 0
24350, 560, 1
24353, 560, 2
24357, 561, 2
24360, 560, 2
24364, 560, 2
24367, 560, 2
24370, 559, 2
24374, 559, 2
24377, 560, 2
24380, 560, 2
24384, 560, 3
24387, 560, 3
24390, 560, 3
24393, 560, 2
24397, 560, 3
24402, 560, 3
24405, 560, 3
24409, 560, 3
24413, 560, 3
24417, 560, 2
24420, 560, 2
24423, 560, 2
24426, 560, 2
24430, 560, 2
24433, 560, 2
24436, 559, 2
24439, 560, 3
24442, 560, 3
24446, 560, 3
24449, 560, 2
24452, 560, 2
24455, 560, 1
24458, 560, 1
24461, 560, 0
24465, 560, 0
24468, 560, 0
24472, 561, 0
24475, 560, -1
24479, 561, -2
24483, 560, -2
24487, 560, -2
24490, 560, -2
24494, 560, -2
24497, 560, -2
24501, 560, -2
24504, 560, -3
24509, 560, -4
24513, 560, -4
24517, 560, -5
24520, 560, -5
24523, 560, -6
24527, 559, -6
24531, 559, -6
24534, 559, -6
24537, 559, -7
24542, 559, -8
24545, 560, -9
24549, 560, -9
24552, 560, -10
24555, 560, -10
24558, 560, -11
24561, 560, -11
24564, 560, -12
24567, 560, -12
24571, 560, -13
24575, 560, -13
24579, 560, -14
24582, 560, -14
24585, 560, -15
24589, 560, -16
24593, 560, -16
24597, 560, -17
24601, 560, -18
24604, 560, -19
24608, 559, -20
24612, 559, -21
24615, 559, -21
24619, 559, -22
24624, 560, -23
24628, 560, -24
24631, 560, -25
26645, 559, -50
26649, 559, -50
26652, 558, -66
26656, 558, -74
26660, 558, -62
26664, 559, -34
26667, 560, 36
26671, 563, 119
26675, 567, 224
26678, 571, 323
26682, 576, 441
26685, 580, 573
26688, 585, 710
26692, 590, 890
26696, 595, 1042
26700, 599, 1185
26703, 603, 1345
26706, 608, 1526
26710, 612, 1677
26714, 616, 1866
26718, 620, 2033
26721, 624, 2228
26725, 628, 2395
26729, 631, 2569
26732, 635, 2728
26736, 639, 2874
26739, 643, 3040
26742, 646, 3183
26746, 649, 3330
26749, 653, 3463
26752, 656, 3595
26755, 658, 3735
26758, 662, 3858
26761, 664, 3983
26765, 666, 4107
26768, 669, 4213
26771, 671, 4324
26774, 673, 4437
26777, 676, 4542
26781, 678, 4645
26784, 680, 4746
26787, 682, 4834
26790, 684, 4921
26793, 687, 5012
26796, 689, 5102
26800, 690, 5179
26803, 693, 5272
26806, 695, 5350
26809, 696, 5417
26813, 698, 5492
26816, 701, 5566
26819, 702, 5640
26823, 704, 5709
26826, 706, 5770
26829, 708, 5838
26832, 709, 5918
26837, 711, 5972
26840, 712, 6026
26843, 714, 6091
26847, 715, 6147
26850, 717, 6197
26853, 718, 6238
26856, 720, 6282
26860, 721, 6332
26863, 722, 6397
26867, 724, 6449
26871, 725, 6487
26874, 726, 6525
26878, 727, 6567
26881, 728, 6612
26884, 730, 6661
26889, 732, 6693
26892, 733, 6722
26895, 734, 6751
26898, 735, 6782
26901, 736, 6818
26904, 736, 6852
26907, 738, 6881
26910, 738, 6907
26913, 739, 6930
26917, 740, 6952
26920, 740, 6977
26923, 741, 7005
26927, 742, 7034
26930, 744, 7066
26933, 745, 7094
26936, 746, 7117
26939, 746, 7136
26943, 746, 7151
26946, 746, 7166
26949, 746, 7182
26952, 747, 7198
26955, 748, 7217
26958, 748, 7238
26961, 749, 7262
26964, 751, 7287
26967, 752, 7309
26970, 753, 7327
26973, 753, 7344
26976, 753, 7358
26979, 753, 7370
26982, 754, 7381
26985, 754, 7392
26988, 754, 7402
26991, 754, 7413
26994, 755, 7425
26997, 755, 7437
27000, 756, 7453
27004, 757, 7469
27007, 758, 7487
27010, 759, 7507
27013, 760, 7523
27016, 760, 7537
27019, 760, 7550
27023, 760, 7561
27027, 760, 7572
27031, 760, 7579
27034, 760, 7586
27037, 760, 7593
27041, 760, 7601
27044, 761, 7609
27047, 761, 7618
27050, 762, 7626
27053, 762, 7636
27057, 763, 7646
27060, 763, 7655
27063, 763, 7665
27066, 764, 7675
27069, 764, 7686
27072, 765, 7696
27075, 766, 7708
27078, 766, 7719
27081, 767, 7728
27084, 767, 7735
27087, 767, 7741
27090, 767, 7746
27093, 767, 7751
27096, 767, 7755
27099, 767, 7759
27102, 767, 7761
27106, 767, 7764
27109, 767, 7765
27112, 767, 7768
27115, 767, 7770
27118, 767, 7771
27121, 767, 7773
27124, 767, 7774
27127, 767, 7777
27130, 768, 7779
27133, 768, 7783
27136, 768, 7787
27139, 768, 7790
27142, 768, 7794
27146, 768, 7799
27149, 768, 7805
27152, 769, 7811
27156, 769, 7818
27160, 769, 7824
27163, 769, 7831
27166, 770, 7838
27169, 770, 7845
27172, 770, 7852
27175, 771, 7859
27178, 771, 7866
27181, 771, 7873
27184, 771, 7880
27187, 772, 7887
27190, 772, 7893
27193, 772, 7899
27197, 772, 7905
27200, 773, 7911
27203, 773, 7916
27206, 773, 7923
27209, 773, 7928
27213, 774, 7932
27216, 774, 7936
27219, 774, 7940
27222, 774, 7944
27225, 774, 7948
27228, 774, 7950
27231, 774, 7953
27234, 774, 7954
27237, 774, 7955
27240, 774, 7957
27243, 774, 7957
27246, 774, 7958
27250, 775, 7959
27253, 775, 7960
27256, 775, 7960
27259, 775, 7961
27262, 775, 7961
27266, 775, 7961
27270, 775, 7962
27273, 775, 7962
27276, 775, 7962
27280, 774, 7962
27283, 774, 7962
27286, 774, 7962
27289, 774, 7962
27292, 774, 7962
27295, 774, 7962
27298, 774, 7962
27302, 774, 7962
27305, 775, 7962
27308, 775, 7962
27311, 775, 7962
27314, 774, 7962
27318, 774, 7962
27321, 774, 7962
27324, 774, 7962
27327, 774, 7962
27330, 774, 7962
27333, 774, 7962
27336, 774, 7961
27339, 774, 7961
27342, 774, 7961
27345, 774, 7962
27349, 774, 7963
27352, 774, 7963
27355, 774, 7963
27358, 775, 7963
27361, 775, 7964
27365, 774, 7964
27368, 774, 7964
27371, 774, 7963
27375, 774, 7963
27379, 774, 7963
27383, 774, 7963
27386, 774, 7964
27389, 774, 7964
27392, 774, 7964
27395, 774, 7964
27398, 774, 7964
27401, 774, 7964
27405, 774, 7964
27408, 774, 7964
27411, 774, 7965
27414, 774, 7965
27417, 774, 7965
27420, 774, 7965
27424, 774, 7965
27427, 774, 7964
27430, 774, 7964
27433, 774, 7964
27436, 774, 7964
27439, 774, 7964
27442, 774, 7965
27445, 774, 7965
27448, 774, 7965
27451, 774, 7966
27454, 774, 7966
27457, 774, 7967
27460, 774, 7967
27463, 774, 7968
27466, 774, 7968
27469, 774, 7969
27472, 774, 7969
27475, 774, 7970
27478, 774, 7970
27481, 775, 7971
27484, 775, 7971
27487, 775, 7971
27490, 775, 7972
27493, 775, 7973
27496, 775, 7974
27499, 774, 7974
27503, 775, 7974
27506, 775, 7974
27509, 775, 7974
27512, 775, 7975
27515, 775, 7975
27518, 775, 7976
27521, 774, 7976
27524, 774, 7977
27527, 775, 7977
27530, 775, 7978
27533, 775, 7979
27536, 775, 7979
27539, 775, 7980
27542, 774, 7980
27545, 774, 7980
27548, 775, 7981
27551, 775, 7982
27554, 775, 7982
27557, 775, 7983
27561, 776, 7984
27564, 776, 0
27567, 776, 1
27570, 776, 2
27573, 775, 2
27576, 775, 3
27579, 775, 4
27582, 775, 4
27585, 776, 5
27588, 776, 6
27591, 776, 8
27594, 776, 10
27598, 776, 13
27601, 776, 15
27604, 776, 17
27607, 776, 20
27610, 776, 23
27613, 776, 25
27616, 777, 29
27619, 777, 32
27623, 777, 37
27626, 777, 43
27630, 778, 49
27633, 778, 56
27636, 778, 63
27640, 779, 72
27643, 779, 85
27647, 779, 96
27650, 780, 107
27654, 780, 116
27657, 781, 123
27660, 781, 131
27663, 781, 136
27666, 781, 140
27669, 782, 144
27673, 782, 146
27676, 782, 148
27679, 781, 149
27682, 781, 150
27685, 781, 150
27688, 781, 151
27691, 781, 151
27694, 781, 150
27697, 781, 148
27700, 781, 145
27703, 781, 141
27706, 781, 137
27709, 781, 134
27712, 781, 130
27715, 781, 128
27718, 781, 126
27721, 781, 124
27724, 781, 123
27727, 781, 122
27730, 781, 120
27734, 781, 118
27737, 781, 116
27740, 781, 114
27743, 781, 111
27746, 781, 108
27749, 780, 104
27752, 780, 100
27755, 780, 95
27758, 780, 88
27761, 780, 80
27765, 780, 72
27768, 779, 64
27771, 779, 55
27774, 778, 47
27777, 777, 38
27780, 777, 30
27783, 777, 22
27786, 776, 15
27789, 776, 9
27792, 776, 4
27795, 775, 0
27798, 775, -4
27801, 775, -6
27804, 775, -8
27808, 776, -10
27811, 776, -11
27814, 776, -12
27817, 776, -13
27820, 776, -14
27823, 776, -15
27826, 776, -16
27829, 775, -17
27833, 776, -17
27836, 775, -18
27839, 775, -19
27842, 775, -19
27845, 775, -19
27848, 775, -19
27851, 775, -20
27855, 775, -20
27858, 775, -20
27861, 775, -20
27864, 775, -20
27867, 776, -20
27870, 776, -20
27874, 775, -20
27877, 776, -20
27880, 776, -20
27883, 776, -20
27887, 776, -20
27890, 776, -20
27893, 776, -20
27896, 776, -20
27900, 776, -20
27903, 776, -20
27906, 776, -20
27909, 775, -20
27913, 775, -19
27916, 775, -19
27919, 775, -20
27922, 775, -20
27925, 775, -20
27928, 775, -20
27931, 776, -20
27934, 776, -20
27937, 776, -20
27941, 776, -20
27944, 776, -20
27947, 776, -20
27950, 775, -20
27953, 775, -20
27956, 775, -20
27959, 775, -20
27962, 775, -20
27966, 775, -21
27969, 775, -21
27972, 775, -21
27975, 775, -21
27978, 775, -21
27982, 776, -21
27985, 776, -21
27988, 776, -21
27991, 775, -21
27994, 775, -21
27998, 775, -21
28001, 775, -21
28004, 776, -21
28007, 775, -21
28010, 775, -21
28013, 775, -21
28016, 775, -21
28020, 775, -21
28023, 775, -22
28026, 775, -22
28029, 775, -22
28032, 775, -22
28035, 775, -22
28038, 775, -22
28041, 775, -22
28045, 776, -23
28048, 776, -23
28051, 775, -23
28054, 775, -23
28057, 775, -23
28060, 775, -23
28063, 775, -23
28066, 775, -23
28069, 775, -23
28073, 775, -23
28076, 775, -23
28079, 775, -23
28082, 775, -23
28085, 775, -23
28088, 775, -23
28091, 775, -23
28094, 775, -23
28097, 775, -23
28100, 775, -24
28104, 775, -24
28107, 775, -24
28110, 775, -24
28113, 776, -24
28116, 776, -24
28119, 776, -24
28122, 776, -24
28126, 775, -24
28129, 775, -24
28132, 775, -25
28135, 775, -25
28138, 775, -26
28141, 775, -26
28144, 775, -27
28147, 775, -27
28150, 775, -27
28153, 775, -28
28156, 775, -28
28159, 775, -28
28163, 775, -28
28166, 775, -27
28169, 775, -27
28172, 775, -27
28175, 775, -27
28178, 775, -27
28181, 775, -27
28184, 775, -27
28187, 775, -27
28190, 775, -27
28194, 775, -27
28197, 775, -27
28200, 775, -27
28203, 775, -27
28206, 775, -28
28209, 775, -28
28212, 775, -29
28215, 775, -29
28218, 776, -30
30232, 775, -41
30235, 775, -42
30238, 774, -50
30241, 774, -58
30244, 773, -62
30247, 774, -54
30250, 775, -35
30253, 777, 2
30256, 780, 49
30259, 784, 109
30263, 787, 175
30266, 792, 247
30269, 796, 322
30272, 800, 402
30275, 804, 483
30278, 808, 567
30281, 812, 649
30284, 816, 733
30287, 821, 819
30290, 824, 901
30293, 829, 985
30296, 832, 1068
30300, 836, 1149
30303, 840, 1225
30306, 844, 1303
30309, 847, 1377
30312, 850, 1451
30315, 853, 1521
30318, 857, 1593
30321, 859, 1662
30324, 862, 1727
30327, 865, 1793
30330, 868, 1857
30334, 871, 1919
30337, 874, 1979
30340, 877, 2040
30343, 879, 2096
30346, 882, 2153
30349, 885, 2208
30353, 887, 2262
30356, 890, 2317
30359, 892, 2364
30362, 894, 2413
30365, 897, 2463
30368, 899, 2508
30372, 901, 2554
30375, 904, 2598
30378, 905, 2637
30381, 907, 2675
30384, 910, 2719
30387, 912, 2760
30390, 913, 2797
30394, 916, 2832
30397, 918, 2870
30400, 919, 2905
30403, 921, 2935
30406, 923, 2967
30409, 924, 3002
30412, 926, 3037
30416, 927, 3067
30419, 928, 3094
30422, 930, 3122
30425, 932, 3154
30428, 933, 3186
30432, 935, 3219
30436, 936, 3242
30439, 938, 3267
30443, 939, 3297
30446, 941, 3326
30449, 942, 3351
30453, 943, 3371
30456, 944, 3392
30459, 945, 3412
30462, 946, 3435
30465, 948, 3457
30468, 949, 3477
30471, 950, 3493
30474, 951, 3507
30477, 951, 3522
30480, 952, 3538
30483, 953, 3556
30486, 954, 3577
30489, 955, 3596
30492, 956, 3613
30495, 957, 3628
30498, 958, 3640
30501, 958, 3652
30504, 959, 3664
30507, 959, 3678
30510, 959, 3691
30513, 960, 3706
30516, 962, 3723
30519, 962, 3737
30523, 963, 3749
30526, 964, 3759
30529, 965, 3768
30532, 965, 3777
30535, 966, 3785
30538, 966, 3794
30541, 966, 3804
30544, 967, 3815
30547, 967, 3828
30550, 968, 3842
30553, 969, 3856
30556, 970, 3868
30560, 970, 3879
30563, 971, 3887
30566, 972, 3895
30569, 972, 3901
30572, 972, 3907
30575, 972, 3914
30578, 972, 3920
30581, 972, 3926
30585, 972, 3934
30588, 973, 3941
30591, 973, 3950
30594, 974, 3960
30597, 975, 3969
30600, 976, 3979
30603, 976, 3990
30606, 977, 3998
30609, 978, 4006
30613, 978, 4012
30616, 978, 4017
30619, 979, 4021
30622, 979, 4025
30625, 979, 4028
30629, 979, 4031
30632, 979, 4034
30635, 979, 4037
30639, 979, 4041
30642, 980, 4046
30646, 980, 4051
30650, 980, 4055
30654, 981, 4061
30657, 981, 4066
30660, 981, 4072
30663, 982, 4077
30666, 982, 4083
30669, 982, 4089
30672, 982, 4096
30676, 983, 4104
30679, 983, 4111
30682, 984, 4119
30685, 984, 4129
30689, 985, 4136
30692, 986, 4142
30696, 986, 4147
30700, 986, 4151
30704, 986, 4153
30707, 986, 4155
30711, 986, 4157
30714, 986, 4159
30718, 986, 4161
30722, 986, 4162
30726, 986, 4163
30730, 986, 4164
30733, 986, 4166
30738, 986, 4168
30741, 986, 4169
30746, 986, 4169
30749, 986, 4171
30753, 986, 4172
30757, 986, 4173
30760, 986, 4174
30764, 986, 4176
30769, 986, 4177
30772, 987, 4178
30775, 987, 4179
30778, 987, 4182
30781, 987, 4185
30784, 987, 4186
30787, 987, 4188
30791, 987, 4191
30794, 987, 4194
30798, 987, 4196
30801, 987, 4199
30805, 987, 4202
30808, 988, 4205
30813, 988, 4209
30816, 988, 4212
30820, 989, 4215
30823, 989, 4217
30828, 989, 4220
30832, 989, 4223
30836, 989, 4225
30839, 989, 4228
30843, 989, 4231
30847, 990, 4232
30850, 991, 4234
30854, 990, 4237
30858, 991, 4238
30862, 991, 4240
30865, 991, 4242
30868, 991, 4244
30872, 991, 4246
30876, 991, 4248
30880, 991, 4249
30883, 991, 4250
30886, 991, 4251
30890, 991, 4252
30893, 991, 4254
30897, 991, 4254
30900, 991, 4255
30903, 992, 4256
30906, 992, 1
30909, 992, 1
30912, 992, 2
30915, 992, 2
30918, 992, 3
30922, 992, 4
30925, 991, 5
30928, 992, 5
30933, 991, 6
30937, 991, 7
30940, 992, 7
30943, 992, 8
30947, 992, 8
30951, 992, 8
30955, 992, 8
30958, 992, 8
30962, 992, 8
30966, 992, 7
30970, 992, 7
30973, 992, 7
30976, 992, 7
30980, 992, 7
30984, 992, 7
30988, 992, 7
30992, 992, 6
30995, 992, 6
30998, 991, 5
31002, 992, 5
31005, 992, 5
31008, 992, 4
31011, 992, 3
31014, 992, 3
31017, 992, 2
31020, 992, 2
31024, 992, 1
31027, 992, 1
31030, 991, 1
31034, 991, 0
31037, 991, -1
31040, 992, -1
31045, 991, -1
31048, 992, -1
31052, 992, -3
31055, 992, -3
31060, 992, -4
31063, 992, -5
31068, 992, -7
31072, 992, -7
31075, 992, -8
31078, 992, -9
31082, 991, -11
31085, 991, -12
31088, 991, -14
31091, 991, -15
31094, 991, -17
31098, 991, -18
31101, 991, -18
31104, 991, -19
31107, 991, -19
31110, 991, -19
31114, 991, -19
31117, 991, -20
31120, 992, -20
31123, 991, -20
31126, 991, -20
31129, 991, -20
31132, 991, -20
31135, 991, -20
31138, 991, -20
31142, 991, -20
31145, 991, -20
31148, 991, -20
31151, 991, -20
31154, 991, -20
31157, 991, -20
31160, 991, -20
31163, 991, -20
31167, 991, -20
31170, 991, -20
31173, 991, -20
31177, 991, -21
31180, 991, -20
31184, 991, -20
31188, 991, -20
31192, 991, -21
31196, 991, -21
31199, 991, -22
31203, 991, -22
31206, 991, -22
31210, 991, -22
31213, 991, -22
31216, 991, -22
31220, 991, -22
31223, 991, -22
31226, 990, -23
31229, 991, -23
31233, 990, -23
31236, 991, -23
31239, 991, -23
31243, 991, -23
31247, 991, -24
31250, 991, -24
31254, 991, -25
31257, 991, -25
31260, 991, -25
31264, 991, -25
31268, 991, -26
31272, 991, -26
31275, 991, -27
31278, 991, -27
31282, 991, -28
31285, 992, -28
31289, 991, -28
31292, 991, -29
31296, 991, -29
31299, 991, -29
31304, 991, -31
31308, 991, -31
31311, 991, -31
31315, 991, -32
31318, 991, -33
31322, 990, -33
31326, 990, -33
31329, 990, -33
31332, 990, -33
31335, 990, -34
31338, 990, -34
31341, 991, -34
31345, 991, -34
31348, 991, -35
31351, 991, -36
31355, 991, -37
31358, 990, -39
31361, 990, -40
31364, 990, -40
31367, 990, -41
31371, 990, -41
31374, 990, -41
31377, 990, -41
31381, 990, -41
31384, 990, -41
31388, 990, -41
31391, 990, -41
31394, 990, -41
31397, 990, -41
31400, 990, -42
31403, 989, -42
31406, 989, -43
31410, 989, -43
31413, 989, -44
31417, 989, -44
31420, 989, -45
31423, 990, -46
31427, 990, -46
31430, 990, -46
31433, 990, -46
31437, 990, -47
31440, 990, -47
31443, 990, -47
31446, 989, -47
31449, 989, -48
31453, 989, -48
31456, 989, -49
31459, 989, -49
31462, 989, -51
33475, 989, -53
33478, 989, -52
33483, 989, -60
33486, 989, -64
33489, 989, -61
33492, 989, -48
33496, 991, -24
33499, 993, 8
33502, 997, 48
33505, 1001, 95
33508, 1006, 144
33511, 1011, 199
33514, 1015, 258
33517, 1020, 316
33520, 1024, 377
33523, 1028, 441
33526, 1032, 504
33529, 1036, 566
33532, 1040, 631
33535, 1044, 694
33538, 1048, 759
33541, 1052, 822
33544, 1056, 886
33548, 1060, 947
33551, 1064, 1012
33554, 1067, 1072
33557, 1071, 1133
33560, 1074, 1189
33563, 1077, 1247
33566, 1080, 1304
33569, 1083, 1356
33572, 1086, 1411
33575, 1089, 1462
33578, 1092, 1514
33581, 1095, 1565
33585, 1097, 1613
33588, 1100, 1663
33591, 1103, 1709
33594, 1105, 1752
33597, 1108, 1798
33600, 1110, 1842
33603, 1112, 1883
33606, 1114, 1928
33609, 1117, 1970
33613, 1119, 2007
33616, 1121, 2047
33619, 1124, 2088
33622, 1126, 2127
33625, 1128, 2161
33628, 1130, 2196
33631, 1132, 2233
33634, 1134, 2266
33637, 1135, 2298
33640, 1137, 2331
33644, 1139, 2367
33647, 1140, 2400
33650, 1142, 2428
33653, 1143, 2458
33656, 1145, 2488
33660, 1147, 2520
33663, 1148, 2547
33666, 1150, 2571
33669, 1151, 2596
33672, 1153, 2623
33675, 1154, 2662
33679, 1156, 2693
33683, 1157, 2714
33686, 1158, 2738
33690, 1159, 2762
33693, 1160, 2791
33697, 1162, 2823
33701, 1163, 2841
33704, 1164, 2860
33708, 1165, 2881
33711, 1167, 2902
33714, 1168, 2927
33717, 1170, 2949
33720, 1171, 2969
33724, 1172, 2986
33727, 1173, 3000
33730, 1173, 3014
33733, 1173, 3030
33736, 1174, 3045
33740, 1175, 3064
33743, 1177, 3084
33746, 1178, 3102
33749, 1179, 3116
33752, 1180, 3128
33755, 1180, 3140
33758, 1180, 3150
33762, 1180, 3162
33765, 1181, 3174
33768, 1182, 3187
33771, 1183, 3203
33774, 1184, 3218
33777, 1185, 3237
33781, 1186, 3253
33784, 1187, 3266
33788, 1187, 3276
33791, 1187, 3286
33794, 1187, 3293
33798, 1187, 3299
33801, 1187, 3307
33805, 1188, 3315
33808, 1189, 3324
33811, 1190, 3334
33815, 1190, 3346
33818, 1191, 3357
33821, 1192, 3373
33824, 1193, 3388
33828, 1193, 3399
33831, 1194, 3410
33835, 1194, 3418
33838, 1194, 3425
33842, 1195, 3431
33845, 1195, 3437
33848, 1195, 3442
33852, 1195, 3446
33856, 1195, 3450
33859, 1195, 3454
33862, 1195, 3459
33865, 1195, 3464
33868, 1196, 3469
33872, 1196, 3475
33875, 1197, 3482
33878, 1197, 3489
33881, 1198, 3496
33884, 1198, 3503
33887, 1199, 3511
33890, 1200, 3519
33893, 1200, 3529
33897, 1201, 3538
33900, 1201, 3547
33903, 1201, 3553
33906, 1201, 3558
33910, 1201, 3563
33913, 1201, 3567
33917, 1201, 3570
33920, 1201, 3573
33923, 1202, 3575
33926, 1202, 3577
33930, 1202, 3579
33933, 1202, 3580
33937, 1202, 3581
33940, 1202, 3583
33943, 1202, 3584
33946, 1202, 3585
33950, 1202, 3585
33953, 1203, 3586
33956, 1203, 3587
33959, 1203, 3589
33963, 1203, 3590
33966, 1203, 3592
33969, 1203, 3593
33972, 1203, 3595
33975, 1203, 3597
33978, 1203, 3599
33981, 1203, 3601
33985, 1202, 3603
33988, 1202, 3606
33991, 1203, 3609
33994, 1203, 3612
33997, 1204, 3616
34001, 1204, 3620
34004, 1204, 3623
34007, 1204, 3627
34010, 1204, 3631
34014, 1204, 3634
34017, 1205, 3638
34020, 1205, 3643
34023, 1206, 3646
34026, 1206, 3650
34030, 1206, 3654
34033, 1207, 3659
34036, 1207, 3662
34040, 1207, 3667
34043, 1206, 3670
34046, 1206, 3674
34050, 1206, 3676
34053, 1206, 3678
34056, 1206, 3681
34059, 1207, 3684
34063, 1207, 3687
34066, 1207, 3691
34069, 1207, 3694
34072, 1208, 3697
34076, 1208, 3700
34079, 1208, 3703
34083, 1209, 3705
34086, 1209, 1
34089, 1209, 3
34093, 1209, 7
34096, 1209, 9
34099, 1208, 12
34102, 1209, 15
34105, 1208, 18
34109, 1209, 20
34112, 1209, 23
34115, 1209, 25
34119, 1209, 27
34122, 1209, 28
34125, 1209, 29
34129, 1209, 30
34132, 1209, 30
34136, 1209, 31
34139, 1209, 31
34143, 1210, 31
34146, 1209, 31
34149, 1209, 31
34152, 1209, 30
34156, 1209, 29
34159, 1209, 29
34163, 1209, 28
34166, 1209, 28
34170, 1209, 27
34173, 1209, 26
34176, 1209, 25
34179, 1209, 25
34182, 1210, 23
34186, 1210, 21
34189, 1210, 20
34192, 1210, 19
34195, 1210, 18
34198, 1209, 16
34201, 1209, 14
34205, 1209, 12
34208, 1209, 10
34211, 1208, 7
34214, 1209, 5
34218, 1209, 4
34221, 1209, 3
34224, 1209, 2
34228, 1209, 1
34231, 1209, 0
34234, 1209, 0
34237, 1209, 0
34241, 1209, -1
34244, 1209, -1
34247, 1209, -1
34251, 1209, -1
34254, 1209, -2
34258, 1209, -2
34261, 1209, -2
34265, 1209, -2
34268, 1209, -3
34272, 1209, -4
34275, 1209, -4
34279, 1210, -4
34283, 1210, -5
34286, 1209, -5
34289, 1209, -5
34293, 1209, -6
34296, 1208, -7
34300, 1208, -8
34303, 1208, -9
34306, 1208, -11
34310, 1208, -13
34313, 1208, -14
34316, 1208, -15
34319, 1207, -16
34322, 1207, -18
34326, 1207, -21
34329, 1207, -23
34332, 1207, -26
34335, 1207, -29
34338, 1207, -31
34342, 1207, -34
34345, 1207, -36
34348, 1207, -38
34352, 1207, -40
34356, 1206, -43
34359, 1206, -46
34363, 1206, -49
34366, 1206, -51
34369, 1206, -53
34373, 1206, -55
34376, 1206, -57
34379, 1207, -58
34382, 1207, -60
34385, 1207, -61
34389, 1207, -62
34392, 1206, -64
36405, 1206, -68
36409, 1206, -68
36413, 1206, -74
36416, 1205, -78
36419, 1205, -77
36422, 1206, -59
36426, 1208, -29
36429, 1210, 15
36432, 1215, 79
36436, 1220, 141
36439, 1225, 206
36442, 1230, 275
36445, 1235, 352
36448, 1239, 429
36452, 1243, 509
36455, 1248, 595
36458, 1252, 689
36461, 1257, 776
36465, 1262, 860
36468, 1266, 947
36471, 1270, 1042
36474, 1274, 1133
36477, 1278, 1217
36481, 1282, 1306
36484, 1285, 1398
36487, 1289, 1482
36490, 1292, 1565
36493, 1295, 1646
36497, 1299, 1727
36500, 1302, 1803
36503, 1305, 1888
36506, 1308, 1966
36509, 1311, 2048
36513, 1314, 2133
36516, 1316, 2207
36519, 1319, 2285
36523, 1322, 2360
36526, 1324, 2426
36529, 1327, 2496
36532, 1330, 2567
36535, 1332, 2633
36538, 1334, 2698
36541, 1337, 2772
36544, 1339, 2835
36548, 1341, 2894
36551, 1344, 2958
36554, 1346, 3024
36557, 1347, 3081
36560, 1349, 3135
36563, 1351, 3196
36566, 1353, 3260
36569, 1355, 3313
36572, 1357, 3367
36576, 1359, 3427
36579, 1361, 3496
36583, 1362, 3553
36586, 1364, 3603
36590, 1365, 3651
36593, 1367, 3705
36596, 1368, 3758
36599, 1369, 3804
36602, 1371, 3843
36606, 1372, 3884
36609, 1373, 3927
36612, 1375, 3975
36615, 1376, 4026
36619, 1378, 4064
36622, 1379, 4099
36625, 1380, 4136
36628, 1381, 4174
36632, 1382, 4216
36635, 1383, 4261
36639, 1384, 4300
36642, 1385, 4330
36645, 1386, 4359
36649, 1387, 4392
36652, 1388, 4420
36656, 1389, 4455
36659, 1390, 4492
36662, 1392, 4528
36666, 1393, 4554
36669, 1394, 4578
36672, 1395, 4598
36676, 1395, 4621
36679, 1396, 4643
36683, 1396, 4667
36686, 1397, 4690
36689, 1398, 4714
36692, 1399, 4742
36695, 1400, 4768
36699, 1401, 4791
36702, 1401, 4810
36705, 1402, 4824
36708, 1402, 4838
36711, 1402, 4852
36714, 1403, 4865
36718, 1403, 4881
36721, 1403, 4896
36724, 1404, 4913
36727, 1405, 4932
36730, 1405, 4954
36734, 1407, 4974
36737, 1408, 4997
36740, 1408, 5017
36744, 1409, 5033
36747, 1410, 5045
36751, 1410, 5055
36754, 1410, 5065
36757, 1410, 5073
36761, 1410, 5080
36764, 1410, 5085
36767, 1410, 5094
36771, 1410, 5100
36774, 1410, 5109
36778, 1411, 5117
36781, 1411, 5126
36784, 1411, 5136
36787, 1412, 5148
36790, 1412, 5160
36793, 1413, 5172
36797, 1414, 5187
36800, 1414, 5201
36803, 1415, 5216
36806, 1415, 5232
36809, 1416, 5245
36812, 1416, 5256
36815, 1417, 5267
36818, 1417, 5274
36821, 1417, 5282
36824, 1417, 5287
36827, 1417, 5292
36831, 1417, 5295
36834, 1417, 5297
36837, 1417, 5297
36840, 1417, 5299
36843, 1417, 5302
36846, 1417, 5304
36849, 1417, 5306
36852, 1417, 5306
36855, 1417, 5308
36858, 1417, 5309
36861, 1417, 5312
36864, 1417, 5315
36867, 1417, 5317
36871, 1417, 5319
36874, 1417, 5323
36877, 1417, 5326
36880, 1417, 5329
36883, 1418, 5335
36886, 1418, 5339
36889, 1418, 5344
36892, 1418, 5350
36895, 1419, 5354
36898, 1419, 5359
36901, 1419, 5365
36904, 1419, 5373
36907, 1420, 5378
36910, 1420, 5384
36913, 1420, 5388
36916, 1421, 5394
36919, 1421, 5399
36922, 1421, 5406
36925, 1422, 5412
36928, 1422, 5419
36931, 1422, 5422
36935, 1422, 5427
36938, 1423, 5434
36941, 1423, 5440
36944, 1423, 5444
36947, 1423, 5447
36950, 1423, 5452
36953, 1423, 5457
36956, 1423, 5461
36960, 1424, 5466
36963, 1424, 5470
36966, 1424, 5475
36969, 1424, 5478
36972, 1424, 5481
36975, 1424, 5485
36978, 1424, 5488
36981, 1424, 5492
36984, 1424, 5497
36987, 1424, 5500
36991, 1424, 5503
36994, 1424, 5505
36997, 1424, 5507
37000, 1424, 5509
37003, 1424, 5511
37006, 1424, 5513
37009, 1424, 5514
37012, 1425, 5515
37015, 1425, 1
37018, 1424, 2
37021, 1425, 4
37024, 1425, 4
37027, 1424, 4
37030, 1424, 6
37033, 1424, 7
37037, 1425, 8
37040, 1425, 8
37043, 1424, 8
37046, 1425, 9
37049, 1425, 9
37052, 1425, 10
37055, 1424, 11
37058, 1425, 11
37061, 1425, 10
37064, 1424, 10
37068, 1424, 10
37071, 1424, 9
37074, 1424, 8
37077, 1424, 8
37080, 1424, 8
37083, 1425, 8
37086, 1424, 8
37089, 1424, 7
37092, 1424, 5
37095, 1425, 5
37098, 1424, 6
37102, 1425, 5
37105, 1425, 5
37108, 1425, 4
37111, 1425, 2
37114, 1425, 1
37117, 1425, 2
37121, 1425, 2
37123, 1425, 2
37127, 1425, 1
37130, 1425, 0
37133, 1425, -1
37136, 1425, -3
37139, 1425, -3
37142, 1425, -5
37145, 1425, -7
37149, 1425, -8
37152, 1425, -10
37155, 1425, -11
37158, 1424, -13
37161, 1424, -15
37165, 1424, -15
37168, 1424, -16
37171, 1424, -18
37175, 1424, -18
37178, 1425, -18
37181, 1425, -17
37184, 1425, -18
37188, 1425, -20
37191, 1425, -24
37194, 1425, -26
37198, 1425, -26
37201, 1424, -30
37204, 1424, -32
37207, 1424, -35
37210, 1424, -36
37213, 1424, -37
37217, 1424, -39
37220, 1424, -41
37223, 1424, -43
37226, 1424, -43
37229, 1424, -44
37232, 1424, -47
37235, 1424, -50
37239, 1424, -51
39252, 1424, -58
39255, 1424, -58
39258, 1424, -67
39261, 1423, -72
39265, 1423, -73
39268, 1424, -56
39271, 1425, -25
39274, 1427, 22
39277, 1430, 83
39280, 1435, 154
39283, 1439, 235
39286, 1444, 320
39289, 1449, 414
39292, 1454, 511
39295, 1459, 608
39299, 1463, 705
39302, 1468, 804
39305, 1472, 899
39308, 1476, 997
39311, 1480, 1094
39314, 1484, 1190
39317, 1488, 1282
39320, 1492, 1375
39323, 1496, 1467
39326, 1500, 1556
39329, 1503, 1645
39333, 1506, 1727
39336, 1510, 1811
39339, 1513, 1890
39342, 1516, 1968
39345, 1519, 2040
39348, 1522, 2110
39351, 1525, 2183
39354, 1528, 2249
39357, 1531, 2314
39360, 1534, 2382
39363, 1536, 2442
39366, 1539, 2502
39369, 1541, 2564
39372, 1544, 2620
39375, 1546, 2674
39378, 1548, 2734
39381, 1551, 2789
39384, 1553, 2840
39387, 1555, 2892
39390, 1558, 2944
39393, 1560, 2990
39396, 1562, 3034
39400, 1564, 3084
39403, 1567, 3131
39406, 1568, 3172
39409, 1569, 3213
39412, 1572, 3255
39415, 1573, 3299
39418, 1574, 3337
39421, 1576, 3372
39424, 1577, 3407
39427, 1579, 3447
39430, 1581, 3487
39433, 1583, 3520
39437, 1584, 3548
39440, 1586, 3576
39443, 1587, 3608
39446, 1588, 3643
39449, 1590, 3676
39452, 1591, 3705
39455, 1592, 3729
39458, 1593, 3755
39461, 1593, 3782
39464, 1594, 3813
39467, 1596, 3842
39470, 1598, 3865
39473, 1599, 3887
39476, 1600, 3908
39479, 1601, 3927
39483, 1601, 3950
39486, 1602, 3975
39489, 1603, 4004
39492, 1604, 4029
39495, 1606, 4049
39498, 1606, 4067
39501, 1607, 4084
39504, 1608, 4098
39507, 1608, 4114
39510, 1609, 4132
39513, 1610, 4151
39516, 1611, 4174
39519, 1612, 4196
39522, 1614, 4214
39525, 1614, 4229
39528, 1615, 4241
39531, 1615, 4252
39534, 1615, 4263
39537, 1615, 4275
39540, 1616, 4287
39543, 1617, 4302
39547, 1617, 4319
39550, 1618, 4336
39553, 1619, 4354
39556, 1621, 4371
39560, 1621, 4384
39563, 1622, 4397
39566, 1622, 4406
39569, 1622, 4415
39572, 1622, 4423
39575, 1622, 4432
39579, 1622, 4439
39582, 1623, 4446
39586, 1623, 4453
39589, 1624, 4463
39592, 1624, 4475
39596, 1625, 4487
39599, 1626, 4503
39602, 1627, 4519
39606, 1628, 4535
39609, 1629, 4548
39612, 1630, 4561
39616, 1630, 4569
39619, 1630, 4577
39622, 1630, 4585
39625, 1630, 4590
39629, 1630, 4596
39632, 1630, 4600
39636, 1630, 4604
39639, 1630, 4607
39642, 1630, 4611
39646, 1630, 4615
39649, 1630, 4618
39652, 1630, 4624
39656, 1631, 4628
39659, 1631, 4634
39663, 1631, 4639
39666, 1632, 4646
39669, 1632, 4651
39672, 1632, 4658
39675, 1632, 4666
39679, 1633, 4674
39682, 1634, 4682
39685, 1634, 4690
39689, 1635, 4697
39692, 1636, 4704
39695, 1636, 4712
39699, 1637, 4721
39702, 1637, 4727
39706, 1637, 4732
39709, 1638, 4737
39712, 1638, 4741
39716, 1637, 4745
39719, 1637, 4745
39723, 1637, 4746
39726, 1637, 4747
39729, 1637, 4748
39732, 1637, 4749
39736, 1637, 4751
39739, 1637, 4751
39743, 1637, 4751
39746, 1637, 4751
39750, 1637, 4751
39753, 1637, 4752
39756, 1637, 4752
39760, 1637, 4753
39763, 1637, 4754
39766, 1637, 4756
39770, 1637, 4758
39773, 1638, 4758
39777, 1638, 4758
39780, 1638, 4758
39783, 1637, 4757
39786, 1637, 4758
39789, 1637, 4759
39792, 1637, 4760
39795, 1638, 4760
39799, 1638, 4760
39802, 1638, 4762
39806, 1638, 4765
39809, 1638, 4766
39812, 1638, 4766
39815, 1638, 4768
39819, 1639, 4770
39822, 1639, 4774
39826, 1639, 4780
39829, 1639, 4782
39832, 1639, 4785
39836, 1639, 4787
39839, 1639, 4789
39842, 1639, 4793
39845, 1639, 4795
39848, 1639, 4797
39852, 1639, 4800
39855, 1639, 4803
39859, 1639, 4805
39862, 1639, 4806
39865, 1640, 4806
39869, 1640, 4810
39872, 1640, 4813
39876, 1640, 4816
39879, 1640, 4819
39882, 1640, 4820
39886, 1640, 4822
39889, 1640, 4824
39892, 1640, 4826
39896, 1640, 4828
39899, 1641, 4830
39902, 1641, 4832
39905, 1641, 4834
39908, 1640, 4836
39911, 1641, 4839
39914, 1641, 4842
39917, 1641, 4844
39921, 1641, 4845
39924, 1641, 4846
39927, 1641, 4848
39930, 1642, 4849
39934, 1642, 3
39937, 1642, 5
39940, 1642, 7
39944, 1642, 9
39947, 1642, 11
39951, 1642, 13
39954, 1642, 15
39958, 1642, 18
39961, 1643, 22
39964, 1643, 26
39967, 1643, 30
39971, 1644, 37
39974, 1644, 43
39978, 1644, 49
39981, 1645, 53
39985, 1645, 59
39988, 1645, 62
39992, 1645, 64
39995, 1645, 68
39998, 1645, 70
40002, 1645, 72
40005, 1645, 73
40008, 1645, 73
40011, 1645, 76
40014, 1645, 76
40017, 1644, 75
40020, 1644, 75
40024, 1644, 73
40027, 1645, 73
40030, 1645, 73
40033, 1645, 73
40036, 1645, 73
40039, 1645, 71
40042, 1645, 69
40045, 1645, 68
40048, 1645, 66
40051, 1645, 65
40055, 1645, 65
40058, 1645, 64
40061, 1645, 61
40065, 1645, 60
40068, 1645, 59
40072, 1645, 58
40075, 1645, 55
40078, 1645, 52
40082, 1645, 52
40085, 1645, 50
40089, 1645, 49
40092, 1645, 47
40095, 1645, 48
40099, 1645, 48
40102, 1645, 49
40106, 1645, 48
40109, 1645, 48
40112, 1644, 46
40115, 1644, 46
40119, 1644, 46
40122, 1644, 46
40125, 1644, 45
40128, 1644, 45
40131, 1644, 44
40135, 1644, 44
40138, 1644, 43
40142, 1645, 42
40145, 1645, 42
40149, 1645, 42
40152, 1645, 41
40155, 1645, 39
40159, 1645, 37
40162, 1645, 36
40166, 1644, 33
40169, 1644, 31
40172, 1644, 31
40175, 1644, 28
40179, 1644, 26
40182, 1644, 23
40186, 1643, 20
40189, 1643, 19
40192, 1643, 14
40196, 1643, 11
40199, 1643, 6
40202, 1644, 4
40205, 1643, 0
40208, 1643, -1
40211, 1643, -4
40215, 1643, -8
40218, 1643, -12
40221, 1643, -14
40224, 1643, -17
40227, 1642, -21
40230, 1642, -22
40233, 1642, -26
40237, 1642, -29
40240, 1642, -29
40243, 1642, -29
40246, 1642, -30
42259, 1642, -36
42262, 1642, -35
42265, 1642, -41
42269, 1641, -46
42272, 1641, -46
42275, 1641, -34
42278, 1642, -14
42281, 1644, 17
42284, 1647, 60
42287, 1651, 109
42290, 1655, 166
42293, 1660, 232
42297, 1664, 300
42300, 1669, 374
42303, 1673, 450
42306, 1678, 528
42309, 1682, 610
42312, 1686, 691
42315, 1690, 773
42318, 1694, 853
42321, 1698, 935
42324, 1702, 1013
42327, 1706, 1095
42330, 1709, 1175
42334, 1713, 1255
42337, 1717, 1329
42340, 1721, 1405
42343, 1724, 1483
42346, 1728, 1555
42349, 1731, 1628
42352, 1734, 1696
42355, 1737, 1765
42358, 1740, 1833
42361, 1742, 1899
42365, 1746, 1971
42368, 1749, 2035
42371, 1751, 2094
42374, 1754, 2156
42377, 1756, 2215
42380, 1758, 2270
42383, 1760, 2325
42386, 1763, 2383
42389, 1765, 2434
42392, 1768, 2485
42395, 1770, 2542
42398, 1772, 2594
42401, 1774, 2642
42404, 1776, 2693
42407, 1778, 2746
42410, 1780, 2792
42413, 1782, 2835
42417, 1784, 2882
42420, 1785, 2932
42423, 1787, 2974
42426, 1789, 3014
42429, 1791, 3053
42432, 1792, 3100
42435, 1794, 3144
42438, 1795, 3182
42441, 1797, 3216
42444, 1799, 3251
42447, 1800, 3291
42450, 1802, 3331
42453, 1803, 3364
42456, 1804, 3396
42460, 1805, 3426
42463, 1806, 3460
42466, 1808, 3497
42469, 1809, 3532
42472, 1811, 3562
42475, 1812, 3589
42478, 1813, 3614
42481, 1813, 3641
42485, 1814, 3673
42488, 1816, 3721
42492, 1817, 3753
42496, 1818, 3780
42499, 1819, 3807
42503, 1820, 3838
42507, 1821, 3862
42511, 1822, 3898
42515, 1824, 3939
42519, 1825, 3966
42523, 1826, 3993
42527, 1827, 4010
42530, 1827, 4027
42533, 1827, 4045
42536, 1828, 4066
42540, 1829, 4089
42543, 1830, 4115
42546, 1832, 4139
42550, 1833, 4158
42553, 1834, 4175
42556, 1834, 4191
42559, 1834, 4206
42563, 1834, 4218
42566, 1835, 4228
42569, 1835, 4248
42574, 1835, 4264
42577, 1836, 4280
42581, 1837, 4298
42584, 1838, 4327
42588, 1839, 4347
42591, 1840, 4367
42595, 1841, 4381
42598, 1842, 4398
42602, 1842, 4410
42607, 1842, 4419
42611, 1842, 4427
42615, 1842, 4437
42619, 1842, 4444
42623, 1842, 4453
42626, 1842, 4461
42630, 1843, 4474
42634, 1843, 4491
42639, 1844, 4504
42642, 1845, 4518
42645, 1846, 4534
42648, 1846, 4551
42652, 1847, 4567
42655, 1848, 4580
42658, 1848, 4590
42661, 1849, 4598
42664, 1849, 4605
42667, 1849, 4611
42671, 1849, 4616
42674, 1849, 4621
42678, 1849, 4625
42681, 1849, 4630
42684, 1849, 4633
42687, 1849, 4636
42691, 1849, 4639
42695, 1850, 4642
42698, 1850, 4643
42702, 1850, 4647
42706, 1850, 4650
42710, 1850, 4654
42713, 1850, 4659
42717, 1849, 4664
42720, 1849, 4669
42724, 1850, 4677
42728, 1850, 4684
42732, 1850, 4690
42736, 1851, 4697
42739, 1852, 4704
42742, 1852, 4712
42746, 1853, 4719
42749, 1853, 4726
42753, 1853, 4733
42756, 1854, 4739
42759, 1854, 4747
42762, 1854, 4754
42766, 1854, 4760
42769, 1854, 4768
42772, 1854, 4774
42775, 1854, 4783
42779, 1855, 4789
42782, 1855, 4795
42785, 1855, 4801
42788, 1855, 4809
42792, 1856, 4815
42796, 1856, 4820
42799, 1856, 4822
42803, 1856, 4827
42807, 1857, 4829
42810, 1857, 4831
42814, 1857, 4833
42819, 1857, 4834
42822, 1857, 4834
42827, 1856, 4834
42830, 1856, 4834
42833, 1856, 4834
42837, 1856, 4834
42840, 1856, 4834
42845, 1856, 4834
42848, 1856, 4834
42852, 1856, 4834
42856, 1856, 4834
42859, 1856, 4834
42863, 1856, 4834
42866, 1856, 4834
42869, 1856, 4834
42873, 1856, 4834
42876, 1856, 4834
42879, 1856, 4835
42882, 1856, 4835
42885, 1856, 4834
42889, 1856, 4834
42892, 1856, 4834
42896, 1856, 4834
42899, 1856, 4834
42902, 1856, 4834
42907, 1856, 4834
42910, 1856, 4834
42913, 1856, 4834
42918, 1856, 4834
42921, 1856, 4836
42925, 1856, 4836
42929, 1857, 4836
42932, 1857, 4837
42937, 1857, 4836
42940, 1857, 4836
42944, 1857, 4836
42947, 1857, 4836
42950, 1856, 4835
42955, 1856, 4836
42959, 1857, 4836
42963, 1856, 4836
42967, 1856, 4837
42970, 1856, 4837
42974, 1856, 4836
42978, 1856, 4836
42981, 1856, 4836
42984, 1856, 4836
42987, 1856, 4836
42990, 1856, 4837
42993, 1856, 4837
42997, 1856, 4837
43000, 1856, 4838
43003, 1856, 4838
43006, 1856, 4839
43010, 1856, 4840
43013, 1856, 4841
43016, 1857, 4841
43020, 1856, 4842
43023, 1857, 4842
43027, 1856, 4843
43030, 1857, 4842
43033, 1857, 4842
43037, 1857, 4842
43040, 1857, 4842
43043, 1857, 4844
43048, 1857, 4845
43051, 1857, 4845
43055, 1857, 4845
43058, 1857, 4845
43061, 1857, 4845
43064, 1857, 4846
43069, 1857, 4847
43072, 1857, 4847
43076, 1857, 4847
43079, 1857, 4848
43082, 1857, 4849
43087, 1857, 4849
43090, 1857, 4849
43093, 1857, 4851
43096, 1857, 4852
43099, 1857, 4852
43103, 1857, 4853
43106, 1857, 4853
43109, 1857, 4853
43112, 1857, 4854
43115, 1857, 4854
43119, 1857, 4854
43122, 1857, 4855
43125, 1857, 4856
43128, 1857, 4856
43131, 1857, 4857
43134, 1857, 4859
43137, 1857, 4859
43141, 1857, 4860
43144, 1856, 4862
43147, 1856, 4862
43150, 1857, 4863
43153, 1857, 4863
43156, 1857, 4864
43159, 1857, 4864
43162, 1857, 4865
43165, 1857, 4866
43168, 1857, 4867
43171, 1858, 4868
43174, 1857, 0
