32287, -22180.05
32289, -22176.97
32291, -22174.00
32293, -22170.78
32295, -22167.47
32297, -22164.46
32300, -22160.89
32302, -22157.62
32304, -22154.36
32306, -22151.38
32308, -22148.29
32310, -22145.14
32312, -22141.83
32314, -22138.57
32316, -22135.52
32318, -22132.10
32321, -22128.56
32323, -22125.53
32325, -22122.49
32327, -22119.31
32328, -22116.18
32330, -22113.16
32332, -22110.08
32334, -22106.81
32336, -22103.78
32338, -22100.69
32340, -22097.60
32342, -22094.80
32344, -22091.90
32346, -22088.86
32348, -22085.95
32350, -22082.80
32352, -22079.81
32354, -22076.81
32356, -22073.61
32357, -22070.63
32359, -22067.66
32361, -22064.75
32363, -22061.85
32365, -22058.81
32367, -22055.86
32369, -22052.90
32371, -22049.77
32372, -22046.71
32374, -22043.50
32376, -22040.43
32378, -22037.42
32380, -22034.50
32382, -22031.61
32384, -22028.60
32386, -22025.51
32388, -22022.51
32390, -22019.20
32391, -22015.97
32393, -22012.98
32395, -22009.71
32397, -22006.66
32399, -22003.48
32401, -22000.22
32403, -21997.22
32405, -21994.18
32407, -21991.10
32409, -21988.10
32411, -21985.09
32413, -21982.12
32415, -21978.99
32417, -21975.77
32418, -21972.69
32420, -21969.57
32423, -21966.19
32425, -21962.76
32427, -21959.53
32428, -21956.40
32430, -21953.19
32432, -21950.11
32434, -21946.91
32436, -21943.62
32438, -21940.61
32440, -21937.48
32442, -21934.37
32444, -21931.40
32446, -21928.26
32448, -21925.13
32449, -21922.05
32451, -21918.93
32453, -21915.85
32455, -21912.57
32457, -21909.50
32459, -21906.48
32461, -21903.38
32463, -21900.29
32465, -21897.11
32467, -21893.71
32468, -21890.54
32470, -21887.39
32472, -21884.22
32474, -21881.03
32476, -21877.67
32478, -21874.62
32480, -21871.35
32482, -21867.95
32484, -21864.77
32486, -21861.51
32488, -21858.33
32490, -21855.14
32492, -21852.00
32493, -21848.99
32495, -21845.69
32497, -21842.49
32499, -21839.34
32501, -21836.18
32503, -21833.22
32505, -21830.12
32507, -21826.96
32509, -21823.84
32510, -21820.76
32512, -21817.80
32514, -21814.73
32516, -21811.60
32518, -21808.47
32520, -21805.17
32522, -21801.75
32524, -21798.64
32526, -21795.40
32528, -21792.26
32530, -21789.16
32532, -21786.01
32534, -21782.78
32535, -21779.54
32537, -21776.43
32539, -21772.90
32541, -21769.69
32543, -21766.48
32545, -21763.00
32547, -21759.84
32549, -21756.73
32551, -21753.65
32554, -21749.55
32555, -21746.34
32557, -21743.14
32559, -21739.99
32561, -21736.78
32563, -21733.48
32565, -21730.36
32567, -21727.17
32569, -21723.92
32571, -21720.71
32573, -21717.58
32575, -21714.41
32577, -21711.12
32579, -21708.00
32581, -21704.83
32583, -21701.72
32585, -21698.66
32587, -21695.54
32589, -21692.44
32590, -21689.25
32592, -21685.98
32594, -21682.92
32596, -21679.57
32598, -21676.55
32600, -21673.42
32602, -21670.21
32604, -21667.10
32607, -21662.59
32609, -21659.43
32611, -21656.34
32613, -21653.21
32614, -21650.05
32616, -21647.06
32618, -21644.02
32620, -21640.86
32622, -21637.40
32624, -21634.35
32626, -21630.98
32628, -21627.92
32630, -21624.41
32632, -21621.19
32635, -21617.58
32636, -21614.55
32638, -21611.46
32640, -21608.28
32642, -21605.11
32644, -21601.67
32646, -21598.34
32648, -21595.37
32650, -21591.83
32653, -21588.17
32655, -21584.74
32657, -21581.60
32659, -21578.58
32661, -21575.33
32662, -21572.21
32664, -21569.17
32666, -21566.02
32668, -21562.54
32671, -21559.34
32672, -21556.28
32674, -21553.08
32676, -21550.02
32679, -21546.36
32681, -21543.20
32683, -21539.73
32685, -21536.11
32687, -21532.67
32689, -21529.08
32691, -21525.93
32693, -21522.79
32695, -21519.74
32697, -21516.66
32699, -21513.73
32701, -21510.25
32704, -21506.42
32706, -21502.97
32708, -21499.52
32710, -21496.25
32712, -21493.05
32714, -21489.69
32716, -21486.42
32718, -21483.44
32720, -21480.18
32722, -21476.71
32725, -21473.19
32727, -21469.82
32729, -21466.19
32731, -21463.00
32733, -21459.77
32735, -21456.82
32737, -21453.70
32739, -21449.94
32742, -21445.77
32745, -21441.94
32747, -21438.71
32749, -21435.61
32751, -21432.41
32753, -21429.32
32755, -21426.25
32757, -21423.12
32759, -21419.85
32761, -21416.55
32763, -21413.14
32765, -21409.96
32767, -21406.89
32769, -21403.83
32771, -21399.99
32774, -21396.14
32776, -21392.36
32779, -21387.79
32781, -21384.65
32783, -21381.45
32785, -21377.94
32787, -21374.77
32789, -21371.62
32791, -21368.52
32793, -21365.39
32795, -21362.49
32797, -21359.53
32799, -21356.61
32801, -21353.38
32803, -21350.03
32805, -21346.95
32807, -21343.64
32810, -21339.14
32812, -21335.52
32814, -21332.29
32817, -21328.93
32819, -21325.55
32821, -21322.62
32823, -21319.56
32825, -21316.50
32826, -21313.38
32828, -21310.21
32830, -21307.03
32833, -21303.11
32835, -21299.78
32837, -21296.33
32839, -21293.19
32841, -21290.10
32843, -21287.04
32845, -21284.04
32847, -21281.00
32849, -21277.92
32851, -21274.55
32853, -21271.47
32855, -21268.33
32857, -21265.15
32858, -21262.16
32860, -21259.16
32862, -21256.10
32864, -21253.12
32866, -21249.98
32868, -21246.88
32870, -21243.83
32872, -21240.69
32874, -21237.70
32876, -21234.38
32878, -21231.22
32879, -21228.21
32882, -21224.71
32884, -21221.09
32887, -21216.46
32889, -21212.40
32891, -21209.29
32894, -21205.34
32896, -21201.73
32898, -21198.14
32901, -21193.59
32904, -21188.96
32906, -21185.49
32908, -21181.96
32911, -21177.48
32913, -21173.96
32915, -21170.07
32919, -21164.88
32921, -21160.55
32923, -21157.31
32926, -21152.61
32928, -21148.99
32930, -21145.67
32932, -21141.71
32935, -21138.25
32937, -21134.97
32939, -21131.88
32940, -21128.74
32943, -21125.20
32945, -21122.15
32946, -21118.96
32948, -21115.68
32951, -21112.16
32953, -21108.88
32954, -21105.92
32956, -21102.69
32958, -21099.41
32960, -21096.20
32962, -21092.94
32964, -21089.70
32966, -21086.57
32968, -21083.38
32970, -21080.19
32972, -21077.05
32973, -21073.90
32975, -21070.70
32977, -21067.61
32979, -21064.43
32981, -21061.12
32983, -21057.71
32985, -21054.29
32987, -21050.92
32989, -21047.66
32991, -21044.35
32993, -21040.90
32995, -21037.83
32997, -21034.21
32999, -21030.79
33001, -21027.34
33003, -21023.88
33005, -21020.55
33007, -21017.42
33009, -21014.15
33011, -21010.96
33012, -21007.79
33014, -21004.51
33017, -21000.67
33019, -20997.32
33020, -20994.09
33022, -20990.74
33024, -20987.55
33026, -20984.16
33028, -20980.68
33030, -20977.24
33032, -20973.36
33034, -20970.10
33036, -20966.71
33038, -20963.34
33040, -20960.19
33042, -20956.90
33044, -20953.56
33046, -20950.33
33048, -20946.92
33050, -20943.60
33052, -20940.14
33054, -20936.66
33056, -20933.46
33058, -20930.05
33060, -20926.75
33062, -20923.28
33064, -20919.79
33066, -20916.49
33068, -20913.16
33069, -20909.88
33071, -20906.60
33073, -20903.31
33075, -20900.12
33077, -20896.78
33079, -20893.34
33081, -20889.98
33083, -20886.59
33085, -20883.22
33087, -20879.79
33089, -20876.43
33091, -20873.06
33093, -20869.75
33095, -20866.43
33097, -20862.84
33099, -20859.38
33101, -20856.03
33103, -20852.63
33105, -20848.47
33107, -20844.16
33110, -20840.47
33112, -20836.78
33114, -20833.33
33116, -20829.93
33118, -20826.61
33120, -20823.08
33122, -20819.03
33124, -20814.97
33128, -20809.74
33129, -20806.49
33132, -20802.94
33134, -20798.34
33136, -20794.76
33138, -20791.43
33140, -20788.14
33142, -20784.88
33144, -20781.35
33146, -20778.19
33149, -20773.01
33153, -20767.21
33155, -20762.98
33158, -20757.42
33161, -20753.51
33163, -20749.65
33165, -20746.13
33167, -20742.43
33169, -20738.61
33172, -20733.44
33175, -20729.14
33177, -20725.79
33179, -20722.25
33181, -20719.04
33183, -20715.75
33185, -20712.39
33187, -20709.08
33189, -20705.80
33191, -20702.30
33193, -20698.79
33195, -20694.77
33197, -20691.18
33200, -20686.86
33202, -20683.32
33204, -20679.04
33208, -20673.79
33210, -20669.65
33212, -20666.24
33214, -20662.54
33217, -20658.74
33220, -20653.31
33222, -20649.30
33224, -20645.46
33226, -20642.06
33229, -20638.32
33231, -20634.69
33233, -20631.21
33236, -20626.14
33240, -20620.17
33242, -20616.84
33243, -20613.71
33245, -20610.56
33247, -20607.20
33250, -20603.50
33252, -20600.05
33255, -20594.96
33257, -20591.84
33259, -20588.75
33261, -20585.42
33263, -20582.36
33265, -20578.82
33267, -20575.34
33270, -20571.12
33272, -20567.79
33274, -20564.61
33275, -20561.54
33277, -20558.38
33279, -20555.23
33281, -20552.29
33283, -20549.31
33285, -20546.25
33287, -20543.22
33289, -20540.25
33291, -20537.35
33293, -20534.21
33295, -20530.85
33296, -20527.84
33298, -20524.91
33300, -20521.99
33302, -20518.90
33304, -20515.92
33306, -20513.01
33308, -20509.94
33310, -20506.88
33312, -20503.96
33314, -20500.98
33316, -20497.99
33317, -20494.91
33319, -20491.79
33321, -20488.77
33323, -20485.71
33325, -20482.61
33327, -20479.58
33329, -20476.44
33331, -20473.50
33333, -20470.51
33335, -20467.48
33337, -20464.33
33339, -20461.27
33341, -20458.44
33343, -20455.52
33345, -20452.49
33347, -20449.55
33348, -20446.59
33350, -20443.85
33352, -20440.78
33354, -20437.55
33356, -20434.55
33358, -20431.60
33360, -20428.67
33362, -20425.67
33364, -20422.70
33366, -20419.87
33368, -20416.95
33370, -20414.04
33371, -20411.17
33373, -20408.28
33375, -20405.10
33377, -20402.19
33379, -20399.21
33381, -20396.12
33383, -20393.21
33385, -20390.25
33387, -20387.30
33389, -20384.47
33391, -20381.77
33393, -20378.87
33395, -20375.90
33397, -20373.04
33399, -20370.18
33401, -20367.11
33403, -20364.30
33404, -20361.41
33406, -20358.61
33408, -20355.72
33410, -20352.77
33412, -20349.87
33414, -20346.90
33416, -20344.02
33418, -20340.95
33420, -20338.02
33422, -20335.38
33424, -20332.56
33425, -20329.61
33427, -20326.79
33429, -20323.85
33431, -20321.03
33433, -20318.21
33435, -20315.37
33437, -20312.51
33439, -20309.68
33441, -20306.87
33443, -20303.97
33444, -20301.08
33446, -20298.19
33448, -20295.28
33450, -20292.29
33452, -20289.41
33454, -20286.40
33456, -20283.45
33458, -20280.59
33460, -20277.57
33462, -20274.65
33464, -20271.38
33466, -20268.21
33468, -20265.08
33470, -20261.93
33472, -20258.78
33474, -20255.71
33476, -20252.71
33478, -20249.70
33480, -20246.53
33483, -20243.47
33485, -20240.49
33487, -20237.40
33488, -20234.34
33490, -20231.42
33492, -20228.57
33494, -20225.67
33496, -20222.88
33498, -20219.90
33500, -20216.43
33503, -20213.03
33504, -20210.10
33506, -20207.17
33508, -20204.12
33510, -20201.16
33512, -20198.29
33514, -20195.18
33516, -20192.20
33518, -20188.91
33520, -20185.60
33522, -20182.53
33524, -20179.28
33526, -20176.36
33528, -20173.45
33530, -20170.41
33532, -20167.03
33534, -20163.99
33536, -20160.80
33538, -20157.69
33540, -20154.74
33542, -20151.85
33544, -20148.91
33546, -20146.12
33548, -20142.92
33550, -20139.59
33553, -20136.15
33555, -20132.90
33557, -20129.03
33559, -20125.59
33561, -20122.58
33564, -20119.21
33567, -20113.72
33569, -20110.27
33572, -20106.28
33574, -20102.30
33576, -20098.90
33578, -20095.89
33580, -20092.43
33582, -20089.01
33584, -20086.00
33586, -20083.06
33588, -20080.05
33590, -20076.92
33592, -20073.67
33594, -20070.08
33596, -20066.98
33599, -20063.47
33601, -20059.67
33603, -20055.72
33605, -20052.70
33607, -20049.70
33609, -20046.64
33611, -20043.60
33613, -20040.66
33615, -20037.19
33617, -20034.33
33620, -20029.78
33622, -20026.88
33624, -20023.29
33627, -20018.77
33629, -20015.61
33631, -20011.86
33633, -20008.63
33635, -20005.61
33637, -20002.57
33639, -19999.46
33641, -19996.40
33643, -19993.40
33645, -19990.26
33647, -19987.17
33649, -19984.04
33650, -19980.86
33652, -19977.80
33654, -19974.64
33656, -19971.64
33658, -19968.68
33660, -19965.74
33662, -19962.74
33664, -19959.74
33666, -19956.68
33668, -19953.70
33670, -19950.66
33672, -19947.53
33674, -19943.87
33676, -19940.87
33678, -19937.95
33680, -19934.89
33682, -19931.56
33684, -19928.21
33686, -19925.13
33688, -19921.97
33690, -19918.72
33692, -19915.70
33694, -19912.27
33696, -19908.98
33698, -19905.74
33700, -19902.12
33703, -19897.74
33705, -19894.71
33707, -19891.57
33709, -19888.45
33711, -19885.01
33713, -19881.70
33715, -19878.56
33717, -19875.37
33719, -19872.03
33721, -19868.90
33722, -19865.86
33724, -19862.64
33726, -19859.53
33728, -19856.35
33730, -19853.18
33732, -19850.27
33734, -19846.80
33737, -19841.54
33740, -19837.66
33742, -19833.37
33744, -19830.18
33747, -19826.23
33749, -19822.93
33751, -19819.39
33753, -19815.63
33756, -19811.82
33758, -19808.36
33760, -19805.37
33762, -19802.35
33764, -19799.20
33766, -19796.12
33767, -19793.03
33770, -19789.50
33773, -19784.44
33775, -19781.20
33777, -19777.22
33780, -19773.35
33782, -19770.12
33785, -19764.78
33788, -19759.99
33790, -19756.79
33792, -19753.14
33794, -19749.41
33796, -19746.17
33798, -19742.58
33801, -19738.73
33803, -19735.32
33805, -19731.93
33808, -19727.20
33810, -19723.16
33812, -19719.85
33814, -19716.40
33817, -19712.47
33820, -19707.75
33823, -19702.88
33826, -19698.11
33828, -19695.07
33830, -19691.97
33832, -19688.90
33834, -19685.82
33836, -19682.08
33838, -19678.66
33840, -19674.97
33842, -19671.71
33844, -19668.41
33846, -19665.14
33849, -19661.86
33850, -19658.73
33852, -19655.75
33854, -19652.70
33856, -19649.63
33858, -19646.49
33860, -19643.27
33862, -19640.04
33864, -19637.04
33866, -19633.93
33868, -19630.93
33870, -19627.75
33872, -19624.70
33873, -19621.76
33875, -19618.65
33877, -19615.49
33879, -19612.34
33881, -19609.15
33883, -19605.80
33885, -19602.15
33888, -19598.86
33890, -19594.50
33892, -19591.26
33894, -19588.03
33897, -19584.14
33899, -19580.35
33901, -19576.79
33903, -19573.57
33905, -19570.36
33907, -19567.22
33909, -19563.66
33911, -19560.55
33913, -19556.91
33916, -19553.16
33918, -19549.63
33920, -19546.22
33922, -19543.21
33924, -19540.15
33926, -19537.03
33928, -19534.04
33930, -19530.83
33932, -19527.72
33934, -19524.61
33936, -19521.42
33938, -19518.12
33940, -19514.70
33942, -19511.45
33944, -19508.41
33946, -19505.21
33948, -19502.12
33950, -19498.99
33952, -19495.61
33954, -19492.40
33956, -19489.17
33958, -19485.44
33960, -19482.15
33963, -19478.95
33965, -19475.59
33967, -19471.76
33969, -19468.27
33972, -19464.67
33974, -19461.69
33976, -19458.34
33978, -19455.29
33980, -19452.07
33982, -19448.58
33984, -19445.44
33986, -19442.18
33988, -19438.76
33990, -19434.96
33993, -19430.87
33995, -19427.76
33997, -19424.20
33999, -19420.49
34002, -19416.82
34004, -19414.00
34006, -19411.11
34008, -19407.54
34010, -19404.15
34012, -19400.64
34014, -19397.34
34016, -19394.19
34018, -19391.27
34020, -19388.30
34022, -19384.77
34024, -19381.68
34026, -19378.69
34028, -19375.80
34030, -19372.71
34032, -19369.55
34034, -19366.46
34036, -19363.13
34038, -19359.45
34040, -19355.98
34043, -19352.51
34044, -19349.50
34046, -19346.49
34048, -19343.58
34050, -19340.54
34052, -19337.47
34054, -19334.17
34056, -19330.92
34058, -19327.98
34060, -19324.94
34062, -19321.80
34064, -19318.86
34066, -19315.85
34068, -19312.91
34070, -19309.73
34072, -19306.61
34074, -19303.54
34076, -19300.41
34078, -19297.24
34080, -19294.08
34082, -19290.88
34084, -19287.70
34086, -19284.55
34088, -19280.69
34091, -19276.79
34093, -19272.62
34095, -19269.56
34097, -19266.07
34099, -19263.00
34101, -19259.94
34103, -19256.97
34105, -19253.91
34107, -19250.86
34109, -19247.94
34111, -19245.03
34113, -19241.63
34115, -19238.69
34117, -19235.68
34119, -19232.84
34121, -19229.80
34123, -19226.71
34125, -19223.71
34127, -19220.49
34129, -19217.06
34131, -19213.64
34133, -19209.91
34136, -19205.97
34138, -19202.36
34140, -19198.68
34143, -19194.61
34145, -19191.45
34147, -19188.26
34149, -19184.63
34151, -19180.98
34153, -19177.85
34155, -19174.69
34157, -19171.54
34159, -19168.63
34161, -19165.67
34163, -19162.25
34165, -19158.94
34168, -19155.35
34170, -19151.53
34172, -19148.00
34174, -19144.76
34176, -19141.50
34178, -19138.38
34180, -19134.96
34182, -19131.50
34184, -19128.54
34186, -19125.46
34188, -19122.34
34190, -19119.26
34192, -19116.02
34194, -19113.03
34196, -19110.00
34198, -19106.86
34200, -19103.78
34202, -19100.67
34204, -19097.58
34205, -19094.54
34207, -19091.26
34209, -19088.11
34212, -19084.60
34214, -19081.13
34216, -19077.27
34218, -19073.85
34221, -19070.29
34223, -19067.03
34225, -19063.26
34227, -19059.98
34229, -19056.70
34231, -19053.04
34233, -19049.70
34235, -19046.42
34237, -19043.20
34239, -19040.07
34241, -19036.98
34243, -19033.52
34245, -19030.34
34247, -19026.83
34249, -19023.01
34251, -19019.76
34253, -19016.45
34255, -19013.46
34257, -19010.13
34259, -19006.95
34261, -19003.65
34263, -19000.15
34266, -18996.04
34268, -18992.38
34270, -18989.43
34272, -18986.34
34274, -18983.37
34276, -18979.98
34278, -18976.32
34280, -18972.48
34282, -18969.28
34284, -18966.13
34286, -18962.84
34288, -18959.19
34290, -18955.58
34293, -18951.35
34295, -18947.99
34297, -18944.16
34299, -18940.92
34301, -18937.63
34303, -18934.03
34306, -18930.13
34308, -18925.90
34310, -18922.48
34313, -18918.64
34315, -18914.54
34317, -18911.14
34319, -18907.18
34322, -18902.97
34324, -18899.18
34327, -18895.35
34329, -18891.43
34331, -18887.74
34333, -18884.39
34335, -18881.08
34337, -18877.09
34340, -18873.23
34342, -18869.51
34344, -18865.92
34346, -18862.19
34349, -18858.51
34350, -18855.38
34352, -18851.97
34354, -18848.72
34356, -18845.49
34358, -18842.29
34360, -18839.03
34362, -18835.55
34364, -18832.07
34366, -18828.88
34368, -18825.73
34370, -18822.64
34372, -18818.77
34374, -18814.98
34376, -18811.68
34379, -18807.41
34381, -18804.20
34383, -18800.81
34385, -18797.34
34387, -18793.37
34390, -18789.49
34392, -18785.58
34394, -18782.13
34396, -18778.35
34398, -18775.00
34400, -18771.72
34402, -18768.22
34404, -18764.61
34406, -18761.09
34409, -18756.98
34411, -18753.73
34413, -18750.32
34415, -18747.14
34416, -18743.99
34418, -18740.81
34420, -18737.74
34422, -18734.54
34424, -18731.33
34426, -18728.08
34428, -18724.74
34430, -18720.86
34433, -18717.03
34435, -18712.55
34438, -18708.22
34440, -18703.88
34443, -18699.86
34445, -18696.60
34447, -18692.69
34450, -18688.28
34452, -18684.25
34455, -18680.12
34457, -18676.68
34459, -18673.30
34461, -18670.02
34463, -18666.65
34465, -18662.95
34467, -18659.02
34470, -18655.05
34472, -18650.88
34475, -18646.66
34477, -18643.34
34479, -18639.39
34481, -18635.48
34484, -18631.73
34486, -18627.88
34488, -18624.25
34490, -18620.36
34492, -18617.07
34494, -18613.68
34497, -18609.88
34499, -18606.49
34501, -18602.80
34503, -18599.30
34506, -18595.40
34508, -18592.17
34509, -18589.03
34512, -18584.72
34514, -18580.66
34517, -18576.85
34519, -18573.64
34521, -18570.61
34522, -18567.55
34524, -18564.45
34526, -18561.45
34529, -18557.53
34531, -18553.73
34533, -18550.33
34535, -18546.80
34537, -18543.77
34539, -18540.70
34541, -18537.57
34543, -18534.05
34546, -18529.80
34548, -18525.93
34551, -18521.94
34553, -18518.47
34555, -18515.10
34557, -18511.59
34559, -18508.11
34562, -18504.12
34564, -18500.19
34567, -18496.37
34569, -18492.63
34571, -18489.05
34574, -18485.06
34576, -18481.95
34578, -18478.05
34581, -18474.29
34583, -18470.98
34585, -18466.77
34588, -18463.13
34590, -18459.25
34592, -18456.15
34594, -18452.98
34596, -18449.83
34598, -18446.41
34601, -18442.59
34603, -18439.51
34605, -18436.39
34607, -18433.38
34609, -18430.10
34611, -18427.14
34613, -18424.04
34615, -18420.98
34616, -18418.04
34618, -18414.98
34620, -18412.02
34622, -18409.05
34624, -18406.05
34626, -18403.10
34628, -18400.13
34630, -18397.24
34632, -18394.38
34634, -18391.49
34635, -18388.57
34638, -18385.13
34640, -18381.75
34642, -18378.90
34644, -18375.04
34646, -18371.71
34649, -18368.06
34651, -18364.80
34653, -18361.83
34655, -18358.33
34657, -18355.33
34659, -18352.27
34661, -18349.30
34663, -18346.03
34665, -18342.50
34667, -18339.24
34669, -18336.21
34671, -18332.96
34674, -18329.61
34676, -18326.44
34678, -18323.06
34680, -18319.43
34682, -18316.39
34685, -18312.73
34687, -18309.13
34689, -18305.39
34692, -18301.49
34694, -18298.17
34696, -18294.78
34699, -18291.50
34701, -18287.13
34704, -18283.23
34707, -18279.31
34709, -18275.65
34711, -18272.67
34713, -18269.70
34715, -18266.59
34717, -18263.20
34720, -18259.45
34722, -18256.10
34724, -18252.38
34726, -18249.32
34729, -18245.55
34731, -18242.43
34733, -18239.54
34735, -18236.64
34736, -18233.82
34738, -18230.94
34740, -18228.13
34742, -18225.03
34744, -18221.75
34747, -18218.42
34749, -18214.88
34751, -18211.17
34754, -18207.31
34756, -18203.93
34758, -18200.47
34761, -18197.08
34763, -18193.89
34765, -18190.28
34768, -18185.82
34770, -18182.07
34772, -18178.98
34775, -18175.14
34777, -18172.10
34779, -18169.02
34781, -18166.27
34782, -18163.39
34785, -18159.91
34787, -18156.41
34789, -18152.66
34792, -18148.70
34794, -18145.47
34796, -18141.87
34799, -18138.38
34801, -18134.70
34804, -18130.74
34806, -18126.81
34809, -18123.15
34811, -18120.12
34813, -18117.02
34815, -18113.96
34816, -18111.10
34819, -18107.80
34821, -18103.62
34824, -18099.93
34825, -18097.00
34828, -18093.47
34830, -18090.04
34832, -18086.81
34834, -18083.24
34837, -18079.78
34839, -18076.02
34841, -18072.32
34843, -18069.24
34846, -18065.63
34848, -18061.87
34851, -18057.74
34854, -18053.17
34856, -18049.17
34858, -18045.39
34861, -18041.93
34863, -18038.43
34865, -18034.75
34868, -18030.43
34870, -18026.80
34873, -18022.59
34875, -18019.56
34877, -18016.31
34879, -18012.83
34881, -18009.48
34884, -18005.81
34886, -18001.86
34889, -17997.51
34891, -17994.25
34893, -17990.94
34896, -17986.98
34898, -17982.97
34901, -17978.26
34904, -17974.37
34906, -17970.22
34908, -17966.88
34910, -17963.76
34912, -17960.84
34914, -17957.64
34916, -17954.55
34918, -17951.41
34920, -17948.24
34922, -17945.06
34924, -17941.92
34926, -17938.58
34928, -17935.45
34930, -17932.31
34932, -17928.66
34935, -17924.81
34937, -17921.08
34939, -17917.85
34941, -17913.88
34944, -17910.14
34946, -17906.41
34948, -17902.72
34951, -17898.10
34954, -17894.17
34956, -17890.15
34958, -17886.65
34961, -17882.79
34963, -17879.06
34965, -17875.38
34968, -17871.38
34970, -17867.17
34973, -17863.05
34975, -17859.46
34977, -17855.69
34979, -17851.86
34982, -17848.45
34984, -17844.59
34986, -17840.90
34989, -17836.63
34991, -17832.48
34994, -17828.24
34996, -17824.40
34998, -17820.40
35001, -17816.01
35003, -17812.83
35006, -17808.49
35008, -17804.74
35010, -17801.02
35013, -17796.88
35015, -17792.98
35018, -17788.59
35020, -17784.66
35022, -17780.79
35025, -17777.09
35027, -17773.10
35029, -17769.35
35031, -17766.00
35034, -17761.86
35036, -17758.56
35038, -17755.45
35040, -17752.29
35042, -17749.15
35044, -17745.87
35046, -17742.03
35048, -17738.28
35050, -17735.11
35052, -17731.55
35055, -17727.36
35057, -17723.27
35060, -17719.22
35062, -17715.82
35064, -17711.93
35066, -17707.98
35069, -17704.21
35071, -17700.43
35074, -17696.09
35076, -17692.85
35078, -17688.83
35081, -17684.46
35083, -17681.14
35085, -17677.58
35087, -17673.90
35089, -17669.60
35091, -17666.29
35094, -17662.86
35096, -17659.14
35098, -17655.98
35100, -17652.10
35103, -17648.14
35105, -17644.74
35107, -17641.03
35109, -17637.41
35111, -17633.84
35113, -17630.39
35116, -17626.41
35118, -17622.62
35120, -17618.64
35123, -17614.89
35125, -17611.67
35127, -17607.63
35129, -17604.37
35131, -17601.09
35134, -17597.00
35136, -17592.66
35139, -17588.68
35141, -17584.18
35143, -17580.82
35145, -17577.48
35148, -17573.86
35150, -17570.22
35152, -17566.14
35155, -17562.24
35157, -17558.57
35159, -17555.15
35161, -17551.95
35163, -17548.07
35165, -17544.56
35168, -17540.41
35170, -17536.48
35173, -17531.59
35175, -17528.28
35177, -17525.21
35180, -17521.60
35182, -17518.31
35183, -17515.13
35186, -17511.30
35189, -17506.25
35191, -17502.77
35193, -17499.32
35196, -17494.98
35198, -17491.78
35201, -17487.24
35204, -17482.46
35206, -17478.91
35208, -17475.48
35210, -17471.72
35212, -17468.42
35214, -17464.76
35217, -17461.02
35219, -17456.76
35221, -17453.38
35223, -17449.95
35225, -17446.77
35227, -17443.69
35229, -17440.54
35231, -17437.38
35233, -17434.21
35235, -17431.04
35237, -17427.91
35239, -17424.72
35241, -17420.88
35243, -17417.70
35245, -17413.96
35248, -17410.15
35250, -17406.82
35252, -17403.73
35254, -17400.71
35255, -17397.59
35257, -17394.52
35259, -17391.53
35262, -17387.74
35264, -17383.95
35266, -17380.77
35268, -17377.61
35270, -17374.41
35272, -17370.82
35274, -17367.61
35276, -17364.49
35278, -17361.13
35280, -17357.82
35282, -17354.63
35284, -17351.48
35286, -17348.26
35288, -17345.11
35290, -17341.85
35292, -17338.70
35294, -17334.69
35297, -17331.47
35299, -17327.64
35301, -17324.52
35303, -17321.45
35305, -17318.28
35307, -17315.23
35309, -17312.26
35311, -17309.12
35312, -17306.00
35314, -17302.87
35316, -17299.71
35318, -17296.66
35320, -17293.38
35323, -17289.57
35324, -17286.43
35326, -17283.29
35329, -17279.53
35331, -17276.44
35333, -17273.33
35335, -17270.23
35337, -17266.57
35339, -17262.81
35341, -17259.81
35343, -17256.77
35345, -17253.33
35347, -17250.33
35349, -17247.41
35351, -17244.30
35353, -17241.20
35355, -17238.22
35357, -17234.93
35359, -17231.87
35361, -17228.83
35363, -17225.74
35365, -17222.48
35367, -17219.37
35369, -17216.33
35371, -17213.15
35373, -17210.01
35375, -17207.01
35377, -17203.40
35379, -17200.27
35381, -17196.78
35383, -17193.78
35385, -17190.74
35387, -17187.71
35389, -17184.19
35391, -17181.12
35393, -17177.46
35395, -17174.21
35398, -17170.31
35400, -17166.62
35402, -17163.00
35404, -17159.67
35406, -17156.12
35408, -17153.07
35410, -17150.04
35412, -17147.06
35414, -17144.00
35416, -17140.87
35418, -17137.76
35420, -17134.52
35422, -17131.25
35424, -17128.21
35426, -17124.90
35428, -17121.33
35430, -17118.11
35432, -17114.90
35434, -17110.91
35436, -17107.54
35438, -17103.87
35440, -17100.74
35442, -17097.57
35444, -17094.08
35446, -17090.82
35449, -17087.47
35451, -17084.13
35453, -17080.48
35455, -17076.95
35457, -17073.65
35459, -17070.46
35461, -17067.15
35463, -17064.00
35465, -17060.61
35467, -17057.21
35469, -17054.16
35471, -17051.04
35473, -17047.91
35475, -17044.54
35477, -17041.27
35479, -17038.11
35481, -17034.46
35483, -17031.10
35485, -17027.82
35487, -17024.63
35489, -17021.47
35491, -17018.19
35493, -17014.87
35494, -17011.73
35496, -17008.37
35499, -17004.96
35500, -17001.62
35502, -16998.26
35504, -16995.08
35506, -16991.75
35508, -16988.42
35510, -16984.77
35513, -16981.37
35514, -16978.29
35516, -16975.02
35518, -16971.80
35520, -16968.52
35522, -16965.10
35524, -16961.72
35526, -16958.51
35529, -16954.58
35531, -16951.07
35533, -16947.05
35535, -16943.88
35537, -16940.56
35539, -16937.44
35541, -16934.22
35543, -16930.91
35545, -16927.23
35547, -16923.23
35549, -16919.62
35552, -16915.39
35554, -16912.00
35556, -16908.60
35558, -16905.41
35560, -16902.20
35562, -16898.64
35564, -16894.79
35566, -16891.45
35568, -16888.25
35570, -16884.96
35572, -16881.68
35574, -16878.52
35575, -16875.20
35578, -16871.47
35580, -16868.20
35581, -16864.87
35583, -16861.53
35585, -16858.23
35587, -16854.88
35590, -16850.81
35592, -16846.92
35594, -16843.51
35596, -16840.09
35598, -16836.76
35600, -16833.54
35602, -16830.20
35604, -16826.90
35606, -16823.10
35608, -16819.66
35610, -16815.82
35612, -16811.86
35615, -16808.04
35617, -16804.03
35619, -16800.09
35622, -16796.17
35624, -16792.90
35626, -16788.54
35629, -16784.42
35631, -16780.56
35634, -16775.54
35637, -16770.86
35639, -16767.32
35641, -16763.91
35643, -16759.64
35645, -16755.73
35648, -16751.27
35650, -16747.65
35652, -16744.26
35654, -16740.77
35656, -16736.81
35659, -16733.37
35661, -16729.72
35663, -16725.68
35665, -16721.76
35667, -16718.21
35669, -16714.98
35672, -16711.10
35674, -16707.77
35676, -16704.01
35678, -16699.94
35680, -16696.19
35683, -16692.15
35685, -16688.96
35686, -16685.86
35688, -16682.76
35690, -16679.66
35692, -16676.15
35695, -16672.32
35697, -16668.30
35699, -16664.60
35701, -16661.06
35703, -16657.98
35705, -16654.34
35708, -16650.88
35710, -16647.42
35712, -16643.28
35714, -16639.65
35717, -16635.87
35719, -16631.80
35721, -16628.25
35723, -16624.94
35725, -16621.20
35728, -16617.26
35730, -16614.09
35732, -16609.85
35734, -16606.15
35737, -16602.43
35740, -16597.44
35742, -16593.84
35744, -16590.27
35746, -16586.89
35748, -16583.21
35751, -16579.24
35753, -16575.51
35755, -16571.60
35758, -16568.13
35760, -16564.69
35762, -16561.04
35764, -16557.24
35767, -16553.49
35769, -16549.88
35771, -16545.88
35773, -16542.53
35775, -16539.03
35778, -16535.60
35779, -16532.54
35782, -16528.77
35784, -16525.06
35787, -16520.91
35789, -16516.92
35791, -16513.35
35793, -16509.83
35795, -16506.76
35797, -16503.76
35799, -16500.73
35801, -16497.27
35803, -16493.75
35806, -16490.28
35808, -16486.60
35810, -16483.20
35812, -16479.68
35814, -16476.11
35817, -16471.80
35820, -16467.88
35822, -16464.60
35824, -16461.44
35826, -16458.30
35828, -16454.86
35830, -16451.32
35832, -16447.63
35834, -16444.24
35837, -16440.56
35839, -16437.00
35841, -16434.06
35843, -16430.79
35845, -16427.18
35848, -16423.09
35850, -16420.09
35852, -16416.74
35854, -16413.09
35856, -16410.02
35859, -16406.22
35861, -16402.50
35863, -16398.78
35866, -16395.13
35868, -16391.25
35870, -16387.88
35872, -16384.55
35874, -16381.42
35877, -16377.77
35879, -16374.28
35881, -16370.75
35884, -16366.65
35886, -16362.75
35889, -16358.91
35891, -16355.89
35893, -16352.54
35895, -16349.01
35897, -16345.83
35900, -16342.22
35902, -16338.37
35904, -16335.16
35906, -16332.18
35908, -16329.23
35910, -16326.30
35912, -16323.14
35914, -16319.98
35916, -16316.41
35919, -16313.08
35920, -16310.21
35923, -16306.93
35925, -16303.78
35927, -16300.69
35929, -16297.16
35932, -16293.51
35934, -16289.95
35936, -16287.04
35939, -16283.08
35941, -16279.64
35943, -16276.58
35945, -16273.14
35948, -16269.24
35950, -16266.14
35952, -16262.44
35954, -16258.64
35956, -16255.64
35959, -16252.11
35961, -16249.22
35963, -16246.29
35965, -16243.39
35967, -16240.33
35969, -16237.09
35971, -16233.39
35973, -16230.38
35975, -16226.75
35978, -16222.99
35981, -16219.22
35983, -16215.54
35985, -16212.52
35987, -16209.49
35989, -16206.61
35991, -16203.47
35993, -16200.52
35995, -16197.43
35997, -16193.74
36000, -16190.56
36002, -16187.12
36004, -16184.01
36006, -16181.07
36008, -16177.72
36010, -16174.42
36013, -16170.72
36015, -16167.30
36017, -16165.44
36019, -16164.26
36021, -16163.43
36023, -16163.15
36025, -16163.26
36027, -16163.69
36029, -16164.61
36031, -16165.94
36034, -16167.32
36036, -16169.19
36038, -16171.31
36040, -16173.15
36042, -16175.27
36044, -16177.75
36047, -16180.73
36049, -16183.06
36051, -16185.41
36054, -16188.50
36056, -16191.11
36058, -16193.83
36060, -16197.10
36063, -16200.19
36065, -16202.82
36067, -16205.85
36069, -16208.93
36071, -16212.06
36073, -16214.96
36075, -16217.76
36078, -16220.85
36080, -16223.81
36082, -16227.08
36084, -16230.52
36086, -16233.44
36089, -16236.60
36091, -16239.32
36093, -16242.63
36095, -16245.93
36097, -16249.30
36100, -16252.52
36102, -16255.65
36104, -16259.20
36106, -16262.07
36108, -16265.32
36110, -16268.27
36112, -16271.16
36114, -16274.01
36116, -16277.29
36119, -16280.75
36121, -16284.38
36123, -16287.55
36125, -16290.72
36127, -16293.66
36129, -16296.51
36131, -16299.39
36133, -16302.29
36135, -16305.15
36137, -16307.87
36139, -16310.75
36141, -16313.60
36143, -16316.54
36145, -16320.33
36147, -16323.40
36150, -16326.82
36152, -16330.77
36155, -16334.19
36156, -16337.03
36158, -16339.90
36161, -16343.16
36163, -16346.37
36165, -16349.83
36167, -16353.19
36169, -16356.14
36172, -16359.56
36174, -16362.42
36176, -16365.62
36178, -16369.02
36180, -16372.56
36182, -16376.10
36185, -16379.89
36187, -16383.77
36189, -16386.75
36191, -16389.65
36193, -16392.74
36195, -16396.13
36198, -16399.89
36200, -16403.62
36202, -16407.35
36205, -16411.37
36207, -16414.23
36209, -16417.54
36211, -16420.99
36214, -16424.36
36215, -16427.29
36217, -16430.31
36219, -16433.32
36221, -16436.17
36223, -16439.47
36225, -16442.62
36227, -16446.46
36230, -16450.18
36232, -16453.67
36234, -16457.33
36237, -16460.94
36239, -16464.05
36241, -16467.11
36243, -16470.44
36245, -16474.00
36247, -16477.17
36249, -16480.20
36251, -16483.18
36253, -16486.35
36255, -16489.44
36257, -16492.49
36259, -16495.62
36261, -16498.85
36263, -16502.11
36265, -16505.29
36267, -16508.14
36268, -16511.19
36270, -16514.35
36272, -16517.43
36274, -16520.62
36276, -16523.65
36279, -16527.56
36281, -16531.23
36283, -16535.30
36285, -16538.55
36288, -16542.81
36290, -16546.49
36293, -16550.26
36295, -16554.24
36297, -16558.22
36300, -16561.79
36302, -16564.92
36304, -16568.50
36306, -16571.98
36308, -16575.91
36311, -16579.98
36313, -16583.95
36315, -16587.66
36317, -16590.68
36320, -16594.47
36322, -16597.88
36324, -16601.31
36326, -16604.80
36328, -16608.55
36330, -16611.63
36333, -16615.76
36335, -16619.11
36337, -16623.05
36339, -16626.22
36341, -16629.95
36344, -16634.09
36346, -16637.65
36348, -16641.21
36350, -16644.41
36352, -16647.46
36354, -16650.93
36356, -16654.20
36358, -16658.13
36360, -16661.91
36363, -16665.84
36365, -16669.37
36367, -16672.38
36369, -16675.97
36371, -16679.15
36373, -16682.34
36374, -16685.55
36376, -16688.91
36378, -16692.33
36380, -16695.68
36382, -16698.91
36384, -16702.32
36386, -16705.48
36388, -16708.77
36390, -16712.21
36392, -16715.35
36394, -16718.55
36396, -16721.80
36398, -16724.95
36400, -16728.34
36402, -16731.40
36404, -16734.52
36405, -16737.68
36408, -16741.23
36410, -16744.51
36412, -16747.80
36414, -16751.14
36415, -16754.46
36417, -16757.79
36420, -16761.85
36422, -16764.99
36424, -16768.97
36427, -16772.97
36429, -16776.49
36431, -16779.91
36433, -16783.80
36435, -16787.67
36438, -16792.50
36440, -16796.36
36443, -16799.99
36445, -16803.61
36447, -16807.20
36449, -16811.19
36452, -16814.83
36454, -16818.40
36456, -16821.77
36458, -16825.07
36460, -16828.23
36462, -16832.07
36464, -16836.17
36466, -16840.11
36468, -16843.23
36470, -16846.49
36472, -16849.71
36474, -16853.08
36476, -16856.48
36478, -16859.63
36480, -16862.83
36482, -16866.09
36484, -16869.39
36486, -16872.85
36488, -16876.59
36490, -16879.66
36492, -16883.00
36494, -16887.16
36497, -16891.08
36499, -16894.58
36501, -16898.37
36503, -16901.55
36505, -16904.66
36507, -16908.15
36509, -16911.93
36511, -16915.33
36513, -16918.62
36515, -16921.88
36517, -16925.22
36519, -16928.46
36521, -16932.31
36523, -16935.56
36525, -16939.12
36527, -16943.33
36530, -16947.26
36532, -16951.55
36534, -16955.72
36537, -16959.51
36538, -16962.77
36541, -16966.36
36543, -16970.34
36545, -16974.18
36548, -16978.94
36550, -16982.98
36553, -16986.67
36555, -16990.08
36557, -16993.41
36559, -16996.78
36561, -17000.61
36563, -17004.59
36565, -17008.80
36568, -17012.29
36569, -17015.50
36571, -17018.74
36573, -17022.04
36575, -17025.26
36577, -17028.56
36580, -17032.66
36582, -17036.32
36584, -17040.34
36586, -17044.08
36588, -17047.26
36590, -17050.57
36593, -17054.37
36595, -17058.35
36597, -17062.37
36600, -17066.71
36602, -17070.15
36604, -17073.44
36606, -17077.21
36609, -17081.42
36611, -17085.31
36613, -17088.84
36616, -17092.95
36618, -17096.37
36620, -17099.91
36623, -17103.75
36625, -17107.72
36627, -17111.05
36630, -17115.07
36632, -17119.20
36634, -17122.55
36636, -17125.97
36638, -17129.15
36641, -17132.76
36643, -17136.40
36645, -17140.08
36648, -17144.01
36650, -17147.67
36653, -17151.39
36654, -17154.48
36656, -17157.72
36658, -17160.71
36661, -17164.26
36663, -17167.97
36665, -17171.37
36668, -17175.29
36670, -17179.04
36672, -17182.48
36674, -17185.68
36676, -17189.31
36678, -17192.40
36680, -17195.45
36682, -17198.50
36684, -17202.14
36687, -17205.66
36688, -17208.53
36691, -17212.43
36693, -17215.96
36696, -17219.56
36698, -17222.77
36700, -17226.49
36702, -17229.96
36704, -17233.09
36707, -17236.57
36709, -17240.17
36711, -17243.50
36713, -17246.51
36715, -17250.02
36718, -17253.50
36720, -17256.71
36722, -17259.90
36724, -17263.39
36726, -17266.59
36728, -17269.95
36730, -17273.19
36733, -17277.07
36735, -17280.21
36737, -17283.78
36739, -17287.44
36742, -17291.11
36744, -17294.41
36746, -17297.92
36748, -17301.15
36751, -17304.39
36753, -17308.12
36755, -17311.23
36757, -17314.12
36759, -17317.76
36762, -17321.56
36764, -17325.01
36766, -17328.55
36769, -17332.38
36771, -17335.49
36773, -17338.55
36775, -17341.88
36777, -17344.88
36779, -17347.95
36781, -17350.94
36783, -17354.29
36786, -17357.85
36788, -17360.75
36790, -17364.26
36792, -17367.84
36794, -17371.29
36797, -17375.25
36799, -17378.89
36802, -17382.26
36804, -17385.69
36806, -17389.04
36808, -17391.92
36810, -17395.24
36812, -17398.92
36815, -17402.75
36817, -17406.36
36819, -17409.95
36822, -17413.07
36824, -17416.38
36826, -17419.69
36828, -17423.78
36831, -17427.69
36834, -17431.70
36836, -17435.30
36838, -17438.41
36840, -17441.80
36842, -17445.75
36845, -17449.38
36847, -17453.47
36850, -17457.11
36852, -17460.73
36854, -17463.64
36856, -17467.17
36858, -17470.75
36861, -17474.41
36863, -17478.10
36865, -17481.66
36867, -17485.02
36870, -17489.00
36872, -17492.23
36874, -17495.86
36876, -17499.19
36878, -17502.56
36881, -17506.30
36883, -17509.96
36885, -17513.98
36887, -17517.08
36889, -17520.16
36891, -17523.25
36893, -17526.62
36895, -17529.70
36897, -17532.94
36900, -17536.39
36902, -17539.81
36904, -17542.81
36906, -17546.33
36908, -17549.59
36910, -17552.90
36912, -17556.74
36915, -17560.40
36917, -17563.53
36919, -17566.70
36921, -17569.78
36923, -17573.45
36925, -17577.04
36927, -17580.41
36929, -17584.01
36932, -17587.44
36934, -17591.00
36936, -17594.73
36938, -17597.84
36940, -17601.31
36943, -17605.01
36945, -17608.79
36947, -17612.24
36949, -17615.72
36951, -17619.21
36953, -17622.46
36956, -17625.99
36958, -17630.27
36960, -17633.94
36963, -17637.47
36966, -17642.12
36968, -17645.74
36970, -17649.15
36972, -17653.05
36975, -17656.69
36977, -17659.94
36979, -17663.25
36981, -17667.13
36983, -17670.89
36986, -17674.52
36988, -17678.48
36990, -17682.16
36992, -17685.36
36995, -17688.78
36997, -17692.75
36999, -17695.95
37001, -17699.24
37003, -17702.50
37005, -17705.56
37007, -17708.72
37009, -17712.44
37012, -17716.20
37014, -17719.25
37016, -17723.11
37018, -17726.79
37020, -17729.88
37023, -17733.49
37025, -17737.40
37027, -17740.85
37029, -17744.02
37032, -17747.87
37034, -17751.58
37036, -17755.52
37039, -17759.21
37041, -17763.38
37044, -17767.19
37046, -17770.43
37048, -17773.59
37050, -17777.14
37052, -17780.66
37054, -17783.90
37056, -17787.28
37059, -17790.97
37061, -17794.15
37063, -17797.28
37065, -17801.09
37067, -17804.63
37070, -17808.33
37072, -17812.05
37074, -17815.72
37076, -17818.89
37078, -17821.88
37081, -17825.39
37083, -17829.14
37085, -17832.68
37087, -17835.78
37089, -17838.78
37091, -17842.25
37093, -17845.63
37096, -17849.06
37098, -17852.62
37100, -17856.21
37103, -17860.27
37105, -17863.71
37108, -17867.22
37109, -17870.08
37111, -17873.04
37113, -17876.06
37115, -17878.94
37117, -17882.43
37120, -17885.91
37122, -17889.36
37124, -17892.69
37126, -17896.42
37129, -17900.47
37131, -17903.90
37134, -17907.82
37136, -17912.34
37138, -17915.41
37140, -17918.32
37142, -17921.29
37144, -17924.55
37146, -17927.65
37149, -17931.17
37151, -17934.90
37153, -17937.92
37155, -17941.47
37158, -17945.11
37160, -17948.90
37163, -17952.87
37165, -17956.43
37167, -17959.66
37169, -17962.86
37171, -17965.90
37173, -17969.08
37175, -17972.21
37177, -17975.17
37179, -17978.14
37181, -17981.16
37183, -17983.98
37185, -17987.39
37187, -17990.25
37190, -17993.71
37192, -17996.95
37194, -18000.82
37196, -18004.30
37199, -18007.68
37201, -18011.06
37203, -18014.29
37205, -18017.30
37207, -18020.24
37209, -18023.28
37211, -18026.52
37213, -18029.86
37215, -18032.84
37218, -18036.58
37220, -18039.48
37222, -18042.54
37224, -18045.67
37226, -18048.69
37228, -18051.64
37230, -18054.75
37232, -18058.18
37235, -18061.75
37237, -18064.74
37239, -18067.80
37241, -18071.26
37243, -18074.89
37245, -18077.66
37247, -18080.60
37249, -18083.86
37252, -18086.99
37254, -18089.98
37256, -18093.03
37258, -18096.37
37260, -18099.63
37263, -18103.05
37266, -18107.09
37268, -18110.33
37270, -18112.99
37272, -18116.36
37274, -18119.61
37276, -18122.51
37279, -18125.94
37281, -18129.33
37283, -18132.07
37285, -18135.50
37288, -18139.00
37290, -18142.14
37292, -18144.98
37294, -18148.39
37296, -18151.28
37298, -18154.27
37301, -18157.53
37303, -18160.59
37305, -18163.39
37307, -18166.78
37310, -18170.55
37312, -18173.89
37314, -18176.74
37316, -18179.45
37318, -18182.76
37321, -18186.09
37323, -18189.30
37325, -18192.82
37328, -18196.09
37330, -18198.93
37332, -18201.75
37334, -18204.50
37336, -18207.15
37338, -18210.04
37340, -18213.51
37342, -18216.86
37344, -18219.69
37346, -18222.48
37349, -18225.64
37351, -18228.59
37353, -18231.33
37355, -18234.56
37357, -18238.18
37359, -18241.16
37362, -18244.22
37364, -18248.13
37367, -18251.15
37369, -18254.49
37371, -18257.19
37373, -18260.22
37375, -18263.43
37378, -18266.58
37380, -18270.68
37383, -18273.74
37385, -18277.64
37387, -18280.56
37390, -18283.65
37392, -18287.04
37394, -18290.45
37396, -18293.10
37399, -18296.64
37401, -18299.90
37403, -18302.99
37405, -18306.22
37408, -18309.76
37410, -18312.43
37412, -18315.10
37414, -18317.75
37416, -18320.50
37418, -18323.43
37420, -18326.12
37422, -18328.89
37423, -18331.72
37425, -18334.49
37427, -18337.21
37429, -18340.44
37432, -18343.69
37434, -18346.98
37436, -18349.81
37438, -18352.65
37440, -18355.35
37442, -18358.30
37444, -18361.19
37446, -18364.15
37448, -18367.55
37450, -18370.82
37452, -18373.76
37455, -18377.37
37457, -18380.66
37459, -18383.79
37462, -18387.09
37464, -18390.66
37466, -18393.46
37468, -18396.72
37470, -18399.82
37472, -18402.98
37474, -18406.02
37477, -18409.67
37479, -18413.45
37481, -18416.37
37484, -18420.00
37486, -18422.83
37488, -18426.20
37490, -18429.49
37493, -18433.09
37495, -18436.26
37497, -18439.68
37499, -18443.15
37502, -18446.54
37504, -18449.91
37506, -18453.05
37508, -18456.45
37510, -18459.56
37512, -18462.71
37515, -18466.75
37518, -18470.65
37520, -18473.74
37522, -18476.82
37524, -18479.79
37525, -18482.82
37527, -18485.87
37529, -18489.03
37531, -18492.18
37533, -18495.12
37535, -18498.21
37537, -18501.33
37539, -18504.35
37542, -18508.02
37544, -18511.75
37546, -18515.25
37548, -18518.43
37551, -18521.84
37553, -18524.91
37555, -18527.96
37557, -18530.91
37559, -18533.86
37561, -18537.18
37563, -18540.32
37565, -18543.95
37567, -18547.72
37569, -18550.77
37571, -18553.64
37573, -18556.63
37575, -18560.61
37578, -18564.57
37580, -18568.45
37583, -18572.26
37585, -18575.30
37587, -18578.27
37589, -18581.25
37591, -18584.86
37593, -18588.71
37596, -18592.31
37598, -18596.21
37600, -18599.53
37602, -18602.53
37604, -18605.58
37606, -18609.16
37609, -18613.11
37611, -18616.61
37613, -18620.50
37615, -18623.72
37618, -18627.43
37620, -18631.07
37622, -18634.54
37624, -18637.93
37627, -18642.08
37629, -18646.04
37632, -18649.73
37634, -18653.13
37636, -18656.25
37638, -18660.08
37640, -18663.56
37643, -18667.88
37645, -18672.15
37648, -18675.89
37650, -18679.58
37652, -18682.61
37654, -18685.62
37656, -18688.57
37658, -18691.71
37660, -18695.23
37662, -18698.68
37664, -18702.07
37667, -18706.18
37669, -18709.26
37671, -18712.44
37673, -18716.30
37675, -18719.59
37677, -18723.40
37679, -18726.60
37682, -18730.11
37684, -18733.62
37686, -18736.67
37688, -18740.57
37691, -18744.79
37693, -18748.70
37695, -18752.24
37697, -18755.25
37699, -18758.40
37701, -18762.03
37704, -18765.64
37706, -18769.26
37708, -18772.98
37710, -18776.72
37712, -18780.08
37715, -18783.62
37717, -18786.87
37719, -18790.00
37721, -18794.12
37723, -18797.86
37725, -18801.22
37728, -18805.10
37730, -18809.21
37733, -18813.04
37735, -18816.77
37737, -18820.79
37739, -18824.26
37742, -18827.73
37744, -18831.36
37746, -18834.86
37748, -18838.71
37751, -18842.69
37753, -18846.03
37755, -18849.41
37757, -18853.33
37759, -18856.50
37761, -18859.72
37763, -18863.02
37765, -18866.26
37767, -18870.22
37769, -18873.55
37772, -18877.30
37774, -18880.63
37776, -18884.27
37778, -18887.33
37780, -18890.42
37782, -18893.47
37784, -18896.49
37785, -18899.43
37787, -18902.44
37789, -18905.83
37792, -18909.47
37794, -18913.23
37796, -18916.39
37798, -18919.53
37800, -18922.63
37802, -18925.67
37804, -18929.03
37806, -18932.84
37808, -18936.28
37810, -18939.48
37812, -18942.56
37814, -18945.85
37816, -18949.05
37818, -18952.23
37820, -18955.73
37822, -18958.99
37824, -18962.60
37827, -18966.71
37830, -18970.78
37832, -18974.45
37834, -18978.54
37836, -18981.81
37839, -18985.32
37841, -18988.99
37843, -18992.16
37845, -18995.29
37846, -18998.36
37848, -19001.52
37850, -19004.70
37852, -19007.81
37854, -19010.98
37857, -19014.81
37859, -19018.21
37861, -19021.57
37863, -19024.54
37865, -19027.55
37867, -19030.70
37868, -19033.76
37870, -19037.01
37873, -19040.78
37875, -19043.92
37877, -19047.32
37879, -19051.07
37881, -19054.82
37884, -19059.45
37886, -19062.46
37889, -19066.33
37891, -19070.33
37893, -19073.64
37895, -19076.94
37897, -19079.95
37899, -19083.21
37901, -19086.19
37903, -19089.82
37906, -19094.32
37908, -19097.31
37910, -19100.43
37912, -19103.43
37914, -19106.52
37916, -19109.68
37918, -19112.64
37920, -19115.66
37922, -19118.97
37924, -19122.34
37927, -19125.83
37930, -19130.52
37932, -19133.63
37934, -19137.88
37937, -19141.76
37939, -19145.34
37941, -19148.94
37943, -19152.20
37945, -19155.21
37947, -19158.21
37949, -19161.29
37951, -19164.51
37953, -19167.63
37956, -19170.96
37958, -19174.29
37960, -19177.58
37962, -19180.52
37964, -19183.50
37966, -19186.38
37968, -19189.25
37970, -19192.34
37972, -19196.11
37974, -19199.72
37976, -19202.89
37979, -19206.56
37981, -19209.56
37983, -19212.50
37985, -19215.50
37987, -19219.27
37989, -19222.85
37991, -19225.92
37993, -19228.86
37995, -19231.78
37997, -19234.58
37999, -19237.44
38001, -19240.38
38003, -19243.41
38005, -19246.97
38007, -19249.93
38009, -19252.91
38011, -19255.84
38013, -19258.93
38015, -19262.34
38018, -19265.90
38020, -19269.64
38022, -19272.58
38025, -19276.45
38027, -19279.46
38029, -19283.03
38031, -19286.40
38034, -19289.96
38036, -19293.10
38038, -19296.43
38040, -19300.03
38042, -19303.09
38044, -19306.00
38046, -19309.35
38049, -19312.77
38051, -19315.87
38053, -19319.13
38055, -19322.64
38058, -19326.01
38060, -19329.11
38062, -19332.49
38064, -19336.05
38067, -19339.49
38069, -19342.46
38071, -19345.90
38073, -19349.41
38075, -19352.28
38078, -19356.07
38080, -19359.69
38082, -19362.95
38084, -19365.81
38086, -19369.33
38089, -19372.81
38091, -19375.71
38093, -19378.70
38095, -19381.86
38097, -19385.01
38099, -19388.58
38101, -19391.60
38103, -19394.51
38105, -19397.45
38107, -19400.41
38109, -19403.76
38111, -19407.11
38114, -19410.59
38116, -19414.11
38118, -19416.91
38120, -19420.19
38123, -19423.88
38125, -19427.12
38127, -19430.64
38129, -19433.90
38131, -19437.46
38133, -19440.38
38135, -19443.28
38138, -19446.78
38140, -19450.40
38142, -19454.25
38144, -19457.32
38147, -19460.93
38149, -19464.49
38151, -19467.42
38153, -19470.45
38155, -19473.78
38157, -19476.72
38159, -19479.60
38161, -19482.46
38163, -19485.41
38165, -19488.35
38167, -19491.29
38169, -19494.21
38171, -19497.15
38173, -19500.29
38175, -19503.23
38177, -19506.37
38179, -19509.44
38180, -19512.41
38182, -19515.48
38184, -19518.52
38186, -19521.47
38188, -19524.52
38190, -19527.66
38192, -19530.71
38194, -19534.03
38196, -19537.24
38198, -19540.37
38201, -19543.64
38203, -19546.75
38204, -19549.78
38207, -19553.15
38209, -19556.43
38211, -19559.80
38213, -19563.47
38216, -19566.97
38217, -19570.03
38219, -19573.05
38222, -19576.84
38224, -19579.99
38226, -19583.72
38229, -19587.48
38231, -19591.36
38234, -19594.79
38236, -19597.92
38238, -19601.61
38240, -19605.37
38243, -19609.37
38246, -19613.51
38248, -19616.84
38250, -19620.52
38252, -19624.53
38255, -19627.97
38257, -19631.28
38259, -19635.12
38262, -19638.99
38264, -19642.66
38266, -19646.08
38269, -19649.62
38271, -19653.29
38273, -19656.74
38276, -19661.16
38278, -19665.17
38280, -19668.51
38283, -19672.36
38285, -19676.09
38287, -19679.31
38289, -19682.36
38292, -19686.19
38294, -19689.68
38296, -19692.86
38298, -19696.47
38300, -19700.23
38303, -19703.64
38305, -19707.34
38307, -19711.09
38310, -19714.71
38312, -19717.95
38314, -19721.40
38316, -19724.48
38318, -19727.54
38320, -19730.75
38322, -19734.49
38324, -19737.55
38326, -19741.13
38328, -19744.09
38330, -19747.63
38333, -19751.21
38335, -19754.28
38337, -19757.87
38339, -19761.49
38342, -19765.52
38344, -19768.61
38347, -19772.79
38349, -19776.62
38351, -19779.78
38353, -19783.47
38355, -19786.96
38357, -19790.09
38359, -19793.23
38362, -19796.93
38364, -19800.07
38366, -19803.39
38368, -19807.36
38371, -19810.92
38373, -19815.04
38375, -19818.03
38378, -19821.76
38380, -19824.73
38382, -19828.33
38384, -19831.53
38386, -19834.67
38388, -19838.53
38391, -19842.47
38393, -19845.70
38395, -19849.10
38398, -19852.69
38400, -19856.45
38402, -19859.74
38404, -19863.35
38406, -19866.72
38408, -19869.72
38410, -19872.88
38413, -19876.08
38415, -19879.83
38417, -19882.69
38419, -19885.74
38421, -19888.73
38423, -19891.89
38425, -19894.93
38427, -19897.98
38429, -19901.04
38431, -19904.17
38433, -19907.54
38435, -19910.42
38438, -19914.13
38439, -19916.92
38442, -19920.21
38444, -19923.52
38446, -19926.65
38447, -19929.67
38450, -19932.71
38452, -19936.06
38454, -19939.02
38456, -19941.96
38457, -19944.86
38460, -19948.17
38462, -19951.59
38464, -19955.07
38467, -19958.66
38469, -19961.71
38471, -19964.81
38473, -19968.10
38475, -19971.51
38477, -19974.71
38480, -19978.25
38482, -19981.78
38484, -19984.72
38486, -19987.97
38488, -19991.59
38491, -19995.04
38493, -19998.55
38495, -20001.87
38497, -20005.09
38499, -20007.93
38501, -20010.85
38503, -20013.85
38505, -20016.88
38507, -20020.02
38509, -20023.32
38512, -20026.74
38514, -20029.86
38516, -20033.30
38518, -20036.10
38520, -20039.44
38523, -20043.25
38525, -20046.51
38527, -20050.08
38530, -20053.75
38532, -20057.17
38534, -20059.96
38536, -20062.75
38538, -20065.88
38540, -20069.11
38542, -20072.32
38544, -20075.02
38546, -20077.84
38548, -20080.71
38550, -20083.62
38552, -20086.63
38554, -20089.78
38556, -20093.13
38559, -20096.53
38560, -20099.33
38562, -20102.14
38564, -20105.01
38566, -20107.96
38568, -20110.80
38570, -20113.56
38572, -20116.34
38574, -20119.09
38576, -20121.99
38578, -20125.32
38580, -20128.78
38583, -20131.94
38585, -20134.84
38587, -20137.70
38589, -20141.00
38591, -20144.23
38593, -20147.31
38596, -20150.80
38598, -20153.56
38600, -20156.45
38602, -20159.50
38604, -20162.95
38606, -20166.36
38609, -20170.04
38611, -20173.91
38613, -20176.93
38615, -20179.61
38617, -20182.38
38619, -20185.87
38622, -20189.31
38624, -20192.77
38627, -20196.24
38628, -20199.03
38631, -20202.29
38633, -20205.52
38635, -20208.41
38637, -20211.47
38639, -20214.31
38641, -20217.86
38644, -20221.03
38646, -20224.23
38648, -20227.39
38650, -20230.01
38652, -20233.17
38654, -20236.41
38657, -20239.82
38659, -20243.29
38661, -20246.61
38663, -20249.82
38666, -20253.40
38668, -20256.61
38671, -20260.10
38673, -20263.26
38675, -20266.88
38678, -20270.14
38680, -20273.42
38682, -20276.61
38684, -20279.48
38687, -20282.90
38689, -20286.55
38691, -20290.09
38693, -20293.03
38695, -20295.75
38698, -20299.08
38700, -20301.83
38702, -20305.31
38704, -20309.10
38707, -20312.66
38709, -20315.59
38711, -20319.10
38713, -20322.36
38716, -20325.66
38718, -20329.21
38721, -20332.94
38723, -20336.37
38726, -20339.87
38728, -20343.55
38731, -20347.33
38733, -20350.60
38735, -20354.26
38738, -20357.62
38740, -20360.41
38742, -20363.70
38744, -20366.65
38746, -20369.53
38748, -20373.23
38750, -20376.07
38752, -20379.33
38755, -20382.80
38757, -20386.50
38760, -20390.22
38762, -20393.39
38764, -20396.85
38766, -20399.67
38768, -20402.78
38770, -20406.09
38772, -20409.02
38775, -20412.58
38777, -20416.09
38779, -20419.69
38782, -20423.43
38784, -20426.38
38786, -20429.71
38788, -20432.63
38790, -20435.65
38792, -20438.98
38795, -20442.67
38797, -20446.27
38800, -20449.72
38802, -20453.35
38804, -20456.35
38806, -20459.40
38808, -20462.71
38811, -20466.11
38813, -20469.43
38815, -20472.64
38817, -20475.89
38820, -20479.61
38822, -20482.79
38824, -20486.40
38826, -20489.98
38829, -20494.01
38831, -20497.21
38833, -20500.50
38836, -20504.30
38838, -20507.62
38840, -20510.95
38843, -20514.55
38845, -20517.93
38847, -20521.32
38849, -20525.39
38852, -20529.42
38854, -20532.87
38857, -20536.25
38859, -20539.77
38861, -20543.24
38863, -20546.39
38866, -20549.99
38868, -20553.17
38870, -20556.79
38872, -20560.66
38874, -20563.83
38876, -20566.70
38878, -20569.71
38880, -20572.77
38882, -20576.11
38884, -20579.14
38886, -20582.14
38888, -20585.11
38890, -20587.97
38892, -20591.01
38894, -20594.00
38896, -20596.95
38898, -20599.95
38900, -20603.12
38902, -20605.95
38903, -20608.85
38905, -20611.73
38907, -20614.73
38909, -20617.71
38911, -20620.54
38913, -20623.56
38915, -20626.50
38917, -20629.45
38919, -20632.48
38921, -20635.51
38923, -20638.75
38925, -20642.00
38926, -20644.89
38928, -20648.01
38930, -20651.03
38932, -20654.06
38934, -20657.07
38936, -20660.16
38938, -20663.20
38940, -20666.24
38942, -20669.29
38944, -20672.35
38946, -20675.39
38948, -20678.59
38950, -20681.78
38952, -20684.92
38954, -20687.93
38956, -20690.98
38958, -20694.34
38960, -20697.45
38962, -20700.83
38964, -20703.92
38966, -20707.14
38968, -20710.28
38970, -20713.47
38972, -20717.30
38974, -20720.73
38976, -20723.82
38978, -20726.86
38980, -20729.92
38982, -20733.04
38984, -20736.13
38986, -20739.26
38988, -20742.39
38989, -20745.42
38991, -20748.32
38993, -20751.35
38995, -20754.47
38997, -20757.49
38999, -20760.51
39001, -20763.50
39003, -20766.91
39005, -20770.11
39007, -20773.19
39009, -20776.28
39011, -20779.28
39012, -20782.41
39014, -20785.46
39016, -20788.50
39018, -20791.67
39020, -20794.75
39022, -20797.76
39024, -20800.81
39026, -20803.77
39027, -20806.92
39029, -20810.10
39031, -20813.20
39033, -20816.43
39035, -20819.63
39037, -20822.71
39039, -20825.86
39041, -20828.96
39043, -20832.15
39045, -20835.32
39047, -20838.31
39049, -20841.34
39051, -20844.42
39053, -20847.84
39054, -20851.05
39057, -20854.71
39059, -20857.72
39061, -20860.98
39063, -20864.51
39065, -20867.81
39067, -20870.89
39069, -20874.04
39071, -20877.19
39073, -20880.26
39074, -20883.36
39076, -20886.55
39079, -20890.18
39081, -20893.55
39083, -20896.71
39085, -20899.73
39087, -20902.71
39089, -20905.93
39090, -20909.13
39093, -20912.78
39095, -20915.98
39097, -20918.95
39099, -20922.28
39101, -20925.70
39103, -20929.20
39105, -20932.26
39107, -20935.63
39110, -20940.60
39112, -20944.11
39114, -20947.38
39116, -20950.46
39118, -20953.89
39120, -20957.11
39123, -20960.63
39125, -20964.48
39127, -20968.49
39129, -20971.75
39132, -20975.08
39133, -20978.32
39135, -20981.39
39137, -20984.38
39139, -20987.40
39141, -20990.56
39143, -20993.73
39145, -20996.84
39147, -20999.74
39149, -21002.84
39151, -21006.08
39153, -21009.62
39156, -21014.18
39158, -21017.87
39160, -21021.02
39162, -21023.94
39164, -21027.05
39166, -21030.15
39167, -21033.23
39169, -21036.38
39171, -21039.55
39173, -21042.79
39175, -21045.96
39177, -21049.30
39179, -21052.37
39181, -21055.63
39183, -21058.62
39185, -21061.68
39187, -21064.73
39189, -21067.85
39191, -21071.01
39193, -21074.19
39195, -21077.35
39197, -21080.37
39199, -21083.52
39201, -21086.53
39203, -21089.54
39204, -21092.46
39206, -21095.43
39208, -21098.54
39210, -21101.71
39212, -21104.67
39214, -21107.68
39216, -21110.68
39218, -21114.15
39220, -21117.71
39222, -21120.84
39224, -21123.97
39226, -21127.08
39228, -21130.29
39230, -21133.44
39232, -21136.35
39234, -21139.42
39236, -21142.49
39238, -21145.74
39240, -21149.20
39242, -21152.48
39244, -21155.69
39246, -21158.82
39248, -21161.78
39250, -21164.90
39252, -21167.85
39254, -21170.92
39256, -21174.05
39258, -21177.12
39260, -21180.35
39262, -21183.36
39264, -21186.48
39266, -21189.65
39268, -21192.72
39270, -21195.93
39272, -21199.01
39274, -21202.20
39276, -21205.30
39278, -21208.34
39280, -21211.36
39282, -21214.39
39284, -21217.53
39286, -21221.15
39289, -21226.34
39293, -21231.27
39295, -21235.02
39297, -21238.67
39299, -21241.81
39301, -21244.93
39304, -21248.41
39305, -21251.43
39307, -21254.25
39309, -21257.15
39311, -21260.12
39313, -21263.02
39315, -21266.00
39317, -21268.97
39319, -21272.44
39321, -21276.07
39324, -21279.41
39327, -21284.37
39330, -21288.47
39332, -21292.34
39334, -21295.41
39336, -21299.03
39339, -21303.53
39341, -21306.53
39344, -21311.40
39347, -21315.68
39349, -21318.84
39351, -21322.16
39353, -21325.04
39355, -21327.96
39357, -21330.84
39359, -21334.40
39361, -21337.39
39364, -21341.16
39366, -21344.65
39368, -21348.30
39371, -21351.65
39373, -21354.75
39375, -21358.24
39378, -21363.11
39381, -21367.44
39383, -21370.79
39386, -21374.27
39388, -21378.12
39391, -21382.22
39393, -21386.20
39396, -21390.42
39398, -21393.61
39400, -21396.59
39402, -21399.47
39404, -21402.56
39406, -21405.55
39408, -21408.53
39410, -21411.38
39412, -21414.20
39414, -21417.48
39416, -21420.41
39418, -21423.31
39420, -21426.29
39422, -21429.60
39425, -21434.02
39428, -21437.92
39430, -21441.14
39432, -21444.26
39434, -21447.43
39436, -21450.86
39439, -21455.33
39442, -21460.63
39446, -21466.32
39448, -21469.36
39450, -21472.33
39452, -21475.68
39454, -21478.73
39457, -21482.87
39459, -21486.52
39461, -21489.38
39463, -21492.04
39465, -21495.04
39467, -21498.45
39470, -21501.73
39471, -21504.69
39473, -21507.67
39475, -21510.69
39477, -21513.72
39479, -21516.63
39481, -21519.41
39483, -21522.25
39485, -21525.39
39487, -21528.27
39489, -21531.76
39491, -21534.78
39495, -21539.72
39497, -21543.14
39499, -21546.28
39501, -21549.29
39504, -21553.82
39506, -21556.67
39508, -21559.51
39509, -21562.47
39512, -21565.68
39514, -21568.42
39516, -21571.50
39518, -21574.54
39519, -21577.58
39521, -21580.57
39523, -21583.60
39525, -21586.64
39527, -21589.64
39529, -21592.56
39531, -21595.50
39533, -21598.38
39535, -21601.48
39537, -21604.44
39539, -21607.37
39541, -21610.68
39543, -21613.60
39545, -21616.60
39547, -21619.60
39549, -21622.53
39551, -21625.48
39552, -21628.35
39554, -21631.45
39556, -21634.49
39558, -21637.36
39560, -21640.28
39562, -21643.35
39564, -21646.52
39567, -21650.12
39569, -21653.29
39571, -21657.52
39574, -21661.54
39576, -21664.55
39578, -21667.47
39580, -21671.22
39582, -21674.49
39585, -21678.50
39587, -21682.17
39590, -21686.19
39592, -21689.38
39594, -21692.32
39596, -21695.79
39598, -21698.81
39600, -21702.06
39602, -21705.10
39604, -21708.14
39606, -21711.32
39608, -21714.31
39610, -21717.32
39612, -21720.46
39614, -21723.39
39616, -21726.64
39618, -21729.77
39620, -21733.22
39622, -21736.96
39624, -21740.03
39626, -21743.03
39628, -21745.99
39630, -21749.17
39632, -21752.32
39634, -21755.58
39637, -21759.76
39639, -21763.39
39641, -21766.68
39643, -21769.53
39645, -21772.64
39647, -21775.82
39649, -21779.09
39651, -21782.55
39653, -21785.89
39655, -21788.95
39657, -21791.88
39659, -21795.00
39661, -21798.12
39663, -21801.09
39665, -21804.41
39667, -21807.53
39669, -21810.56
39671, -21813.66
39673, -21816.57
39675, -21819.62
39677, -21822.64
39679, -21825.49
39680, -21828.38
39682, -21831.26
39684, -21834.46
39687, -21838.69
39689, -21842.16
39691, -21845.25
39694, -21848.95
39696, -21852.94
39698, -21856.02
39700, -21859.70
39703, -21863.08
39705, -21866.24
39708, -21871.47
39710, -21875.30
39713, -21879.36
39715, -21882.49
39718, -21887.40
39720, -21890.65
39722, -21894.44
39725, -21899.18
39728, -21903.59
39731, -21907.64
39733, -21910.84
39735, -21913.85
39737, -21917.08
39739, -21920.36
39741, -21923.46
39743, -21926.59
39745, -21929.46
39747, -21932.42
39749, -21935.33
39750, -21938.42
39752, -21941.47
39754, -21944.42
39756, -21947.43
39758, -21950.34
39760, -21953.78
39762, -21956.86
39764, -21959.81
39766, -21962.85
39768, -21966.06
39770, -21969.37
39772, -21972.33
39774, -21975.29
39776, -21978.39
39778, -21981.36
39780, -21984.77
39782, -21987.81
39784, -21990.92
39787, -21995.90
39789, -21998.88
39791, -22001.85
39793, -22004.84
39795, -22007.86
39797, -22010.91
39799, -22014.18
39801, -22017.56
39804, -22021.48
39806, -22024.97
39808, -22028.41
39810, -22031.29
39812, -22034.90
39814, -22037.92
39817, -22041.06
39819, -22044.47
39821, -22047.78
39823, -22051.58
39826, -22055.91
39828, -22059.70
39830, -22062.72
39834, -22067.86
39836, -22071.00
39838, -22074.91
39841, -22079.64
39843, -22082.53
39845, -22085.43
39847, -22088.27
39849, -22091.30
39851, -22094.29
39853, -22097.19
39855, -22099.96
39857, -22102.77
39859, -22105.61
39860, -22108.46
39862, -22111.38
39864, -22114.18
39866, -22117.20
39868, -22120.11
39870, -22122.93
39872, -22125.70
39874, -22128.52
39876, -22131.46
39878, -22134.40
39880, -22137.68
39882, -22140.61
39884, -22143.49
39886, -22146.88
39888, -22149.88
39890, -22152.81
39892, -22155.64
39894, -22158.39
39896, -22161.29
39898, -22164.03
39900, -22166.73
39902, -22169.63
39904, -22172.46
39905, -22175.28
39907, -22178.09
39909, -22180.97
39913, -22185.76
39915, -22188.66
39917, -22191.99
39919, -22195.65
39922, -22200.08
39925, -22203.29
39928, -22208.00
39931, -22212.13
39933, -22215.06
39935, -22218.45
39938, -22222.95
39940, -22225.80
39942, -22228.86
39944, -22231.78
39946, -22234.48
39948, -22237.15
39950, -22240.01
39952, -22242.84
39954, -22245.60
39955, -22248.42
39957, -22251.23
39959, -22253.99
39961, -22256.94
39963, -22259.79
39965, -22262.52
39967, -22265.38
39969, -22268.60
39971, -22271.46
39974, -22274.78
39977, -22279.51
39979, -22282.73
39981, -22285.51
39983, -22288.51
39985, -22291.79
39987, -22294.61
39990, -22297.64
39993, -22302.08
39995, -22304.88
39997, -22307.58
39999, -22310.46
40001, -22313.70
40003, -22316.44
40006, -22320.72
40009, -22324.82
40011, -22327.79
40013, -22331.06
40016, -22333.73
40018, -22334.97
40020, -22335.78
40023, -22335.98
40025, -22335.46
40028, -22334.58
40030, -22333.30
40032, -22332.02
40034, -22330.47
40037, -22327.65
40040, -22324.86
40043, -22322.00
40045, -22318.82
40047, -22316.44
40050, -22313.07
40052, -22310.45
40054, -22307.69
40056, -22305.06
40058, -22302.38
40060, -22299.62
40062, -22296.88
40064, -22294.12
40066, -22290.72
40068, -22287.79
40070, -22284.83
40072, -22281.78
40074, -22279.05
40076, -22276.31
40078, -22273.53
40080, -22270.75
40082, -22267.80
40084, -22264.93
40086, -22262.14
40087, -22259.42
40089, -22256.49
40091, -22253.58
40093, -22250.69
40095, -22247.65
40097, -22244.57
40099, -22241.56
40101, -22238.57
40104, -22234.93
40107, -22229.84
40109, -22225.88
40112, -22222.01
40114, -22218.81
40116, -22215.84
40118, -22212.24
40121, -22208.80
40124, -22204.31
40127, -22199.54
40129, -22195.69
40131, -22192.74
40133, -22189.48
40135, -22186.59
40138, -22182.79
40140, -22179.82
40142, -22175.54
40145, -22171.17
40147, -22167.93
40151, -22163.08
40153, -22158.76
40157, -22153.86
40159, -22149.78
