4616, 2079, -2, 2079
4624, 2078, -2, 2077
4632, 2077, -5, 2077
4641, 2077, -19, 2077
4649, 2077, -33, 2077
4657, 2076, -65, 2075
4666, 2076, -105, 2075
4674, 2075, -150, 2073
4682, 2073, -226, 2069
4691, 2072, -283, 2069
4699, 2069, -370, 2063
4707, 2067, -450, 2062
4715, 2064, -529, 2060
4723, 2062, -631, 2057
4732, 2059, -711, 2056
4740, 2057, -819, 2050
4748, 2054, -907, 2050
4756, 2051, -1008, 2045
4765, 2049, -1114, 2045
4773, 2046, -1200, 2043
4781, 2044, -1318, 2038
4789, 2041, -1420, 2036
4798, 2038, -1540, 2031
4806, 2035, -1657, 2030
4814, 2032, -1764, 2027
4822, 2029, -1901, 2024
4831, 2026, -2004, 2022
4839, 2023, -2142, 2016
4847, 2021, -2259, 2016
4855, 2018, -2381, 2013
4863, 2015, -2521, 2008
4872, 2012, -2633, 2008
4880, 2009, -2785, 2002
4888, 2006, -2908, 2002
4896, 2003, -3041, 1997
4904, 2000, -3181, 1995
4913, 1997, -3292, 1993
4921, 1995, -3440, 1988
4929, 1992, -3552, 1988
4937, 1989, -3685, 1983
4945, 1986, -3810, 1981
4954, 1983, -3921, 1977
4962, 1980, -4056, 1974
4970, 1977, -4161, 1973
4978, 1974, -4289, 1968
4986, 1972, -4401, 1968
4995, 1969, -4509, 1963
5003, 1966, -4636, 1960
5011, 1963, -4735, 1958
5019, 1960, -4860, 1954
5028, 1957, -4963, 1952
5036, 1954, -5072, 1949
5045, 1951, -5187, 1946
5053, 1948, -5281, 1943
5061, 1945, -5398, 1938
5069, 1942, -5489, 1938
5078, 1939, -5597, 1934
5086, 1937, -5699, 1933
5094, 1934, -5791, 1928
5103, 1931, -5902, 1926
5111, 1929, -5988, 1924
5119, 1925, -6096, 1917
5128, 1922, -6181, 1917
5136, 1919, -6275, 1914
5144, 1916, -6374, 1911
5152, 1913, -6454, 1909
5161, 1911, -6560, 1904
5169, 1908, -6637, 1905
5177, 1905, -6732, 1897
5186, 1902, -6822, 1898
5194, 1899, -6900, 1894
5203, 1897, -7003, 1891
5211, 1893, -7079, 1888
5220, 1891, -7175, 1884
5228, 1888, -7252, 1885
5236, 1885, -7340, 1879
5245, 1882, -7424, 1877
5253, 1880, -7497, 1875
5261, 1877, -7590, 1870
5269, 1874, -7658, 1870
5278, 1871, -7745, 1863
5286, 1868, -7824, 1864
5294, 1865, -7894, 1859
5302, 1862, -7983, 1857
5310, 1855, -8051, 1856
5319, 1853, -8137, 1850
5327, 1846, -8207, 1850
5335, 1847, -8281, 1845
5344, 1844, -8367, 1842
5352, 1841, -8432, 1839
5360, 1838, -8517, 1834
5368, 1828, -8583, 1834
5377, 1831, -8661, 1830
5385, 1829, -8734, 1828
5393, 1826, -8801, 1825
5402, 1822, -8883, 1822
5410, 1819, -8949, 1819
5420, 1816, -9035, 1814
5428, 1813, -9101, 1813
5436, 1810, -9173, 1810
5445, 1807, -9247, 1807
5453, 1803, -9311, 1805
5462, 1801, -9393, 1800
5470, 1791, -9453, 1801
5479, 1795, -9532, 1793
5487, 1785, -9595, 1793
5495, 1789, -9660, 1790
5503, 1786, -9733, 1787
5512, 1782, -9788, 1785
5520, 1779, -9867, 1779
5529, 1770, -9930, 1779
5537, 1772, -10000, 1773
5546, 1763, -10068, 1773
5554, 1766, -10128, 1768
5562, 1763, -10203, 1766
5571, 1760, -10259, 1764
5579, 1756, -10333, 1758
5588, 1747, -10395, 1758
5596, 1750, -10462, 1752
5604, 1740, -10527, 1752
5613, 1743, -10582, 1749
5621, 1741, -10655, 1746
5629, 1738, -10710, 1744
5638, 1735, -10778, 1738
5646, 1726, -10838, 1738
5654, 1729, -10894, 1734
5663, 1725, -10961, 1730
5671, 1721, -11012, 1728
5679, 1718, -11086, 1723
5688, 1709, -11143, 1723
5696, 1712, -11208, 1717
5705, 1702, -11272, 1717
5713, 1705, -11325, 1712
5721, 1702, -11401, 1708
5730, 1693, -11457, 1708
5738, 1695, -11523, 1702
5746, 1686, -11581, 1702
5755, 1690, -11630, 1700
5763, 1687, -11696, 1695
5772, 1678, -11746, 1695
5780, 1682, -11787, 1693
5789, 1679, -11840, 1688
5797, 1670, -11889, 1688
5806, 1675, -11920, 1687
5814, 1667, -11948, 1687
5822, 1670, -11987, 1684
5831, 1669, -12030, 1680
5839, 1661, -12058, 1680
5847, 1660, -12076, 1681
5855, 1665, -12089, 1680
5864, 1658, -12102, 1680
5872, 1658, -12120, 1680
5880, 1663, -12140, 1677
5888, 1661, -12165, 1675
5897, 1660, -12196, 1673
5905, 1653, -12217, 1673
5913, 1652, -12229, 1675
5921, 1652, -12237, 1675
5929, 1656, -12242, 1673
5938, 1652, -12246, 1674
5946, 1657, -12249, 1673
5954, 1652, -12251, 1676
5963, 1656, -12255, 1673
5971, 1651, -12261, 1673
5979, 1651, -12270, 1673
5988, 1651, -12278, 1673
5996, 1651, -12285, 1673
6004, 1655, -12294, 1672
6013, 1650, -12302, 1672
6021, 1655, -12311, 1670
6029, 1654, -12322, 1669
6038, 1653, -12338, 1667
6046, 1646, -12359, 1667
6055, 1645, -12375, 1667
6063, 1650, -12387, 1665
6072, 1643, -12395, 1666
6081, 1643, -12400, 1666
6089, 1643, -12403, 1666
6097, 1642, -12405, 1666
6106, 1643, -12406, 1666
6114, 1643, -12407, 1668
6123, 1648, -12407, 1667
6131, 1648, -12406, 1666
6139, 1643, -12406, 1666
6148, 1643, -12406, 1667
6156, 1648, -12405, 1666
6164, 1643, -12405, 1667
6173, 1643, -12404, 1667
6181, 1648, -12404, 1666
6190, 1643, -12403, 1667
6199, 1648, -12401, 1666
6207, 1643, -12400, 1666
6216, 1643, -12400, 1666
6224, 1643, -12398, 1667
6233, 1643, -12396, 1667
6241, 1648, -12395, 1666
6250, 1643, -12394, 1667
6258, 1643, -12392, 1667
6266, 1644, -12391, 1668
6275, 1644, -12388, 1668
6283, 1650, -12386, 1667
6291, 1650, -12384, 1666
6300, 1644, -12380, 1666
6309, 1643, -12376, 1667
6317, 1643, -12371, 1668
6326, 1648, -12364, 1667
6335, 1644, -12357, 1668
6344, 1644, -12351, 1668
6353, 1645, -12349, 1669
6361, 1651, -12347, 1668
6369, 1645, -12347, 1671
6378, 1651, -12346, 1668
6386, 1645, -12346, 1668
6394, 1645, -12346, 1668
6404, 1645, -12345, 1668
6412, 1650, -12345, 1667
6420, 1644, -12345, 1668
6430, 1644, -12345, 1668
6438, 1644, -12344, 1668
6447, 1645, -12343, 1669
6455, 1651, -12342, 1668
6463, 1645, -12342, 1669
6472, 1651, -12340, 1668
6480, 1645, -12338, 1668
6488, 1645, -12337, 1669
6497, 1651, -12335, 1668
6505, 1645, -12332, 1669
6514, 1651, -12329, 1668
6523, 1645, -12325, 1670
6532, 1646, -12321, 1671
6540, 1646, -12315, 1671
6550, 1647, -12311, 1671
8568, 1647, -12295, 1671
8577, 1648, -12294, 1671
8586, 1648, -12298, 1673
8595, 1654, -12305, 1669
8603, 1647, -12316, 1670
8612, 1652, -12360, 1665
8620, 1651, -12401, 1664
8629, 1647, -12452, 1658
8637, 1644, -12516, 1656
8646, 1641, -12564, 1653
8654, 1637, -12631, 1649
8662, 1629, -12682, 1650
8670, 1631, -12749, 1644
8679, 1627, -12810, 1643
8688, 1624, -12869, 1638
8696, 1622, -12935, 1636
8705, 1618, -12987, 1633
8713, 1614, -13059, 1629
8721, 1611, -13121, 1627
8731, 1608, -13199, 1620
8740, 1598, -13258, 1620
8749, 1600, -13319, 1617
8757, 1597, -13384, 1613
8765, 1594, -13438, 1611
8774, 1591, -13511, 1606
8782, 1587, -13568, 1604
8791, 1584, -13635, 1601
8799, 1581, -13694, 1599
8808, 1577, -13763, 1595
8817, 1574, -13832, 1592
8826, 1571, -13895, 1589
8835, 1567, -13968, 1586
8844, 1564, -14029, 1583
8853, 1560, -14103, 1578
8862, 1551, -14165, 1578
8871, 1553, -14238, 1571
8880, 1545, -14300, 1572
8888, 1545, -14360, 1565
8896, 1543, -14430, 1564
8905, 1539, -14485, 1561
8914, 1535, -14563, 1557
8922, 1532, -14618, 1555
8931, 1529, -14690, 1550
8939, 1525, -14751, 1549
8948, 1522, -14813, 1545
8956, 1519, -14885, 1542
8964, 1516, -14945, 1541
8973, 1512, -15025, 1536
8983, 1509, -15086, 1533
8992, 1505, -15163, 1527
9000, 1501, -15222, 1526
9008, 1498, -15287, 1524
9017, 1495, -15361, 1520
9025, 1491, -15422, 1519
9034, 1488, -15501, 1513
9043, 1485, -15564, 1512
9051, 1480, -15640, 1505
9060, 1477, -15705, 1504
9069, 1473, -15777, 1500
9077, 1469, -15853, 1498
9086, 1466, -15922, 1497
9095, 1464, -16003, 1492
9104, 1461, -16065, 1490
9112, 1458, -16144, 1485
9121, 1454, -16207, 1483
9129, 1450, -16278, 1479
9137, 1448, -16356, 1478
9146, 1443, -16420, 1474
9154, 1441, -16505, 1471
9163, 1438, -16568, 1470
9171, 1434, -16649, 1462
9180, 1428, -16717, 1462
9188, 1427, -16787, 1458
9196, 1424, -16869, 1455
9204, 1420, -16932, 1454
9213, 1417, -17015, 1449
9221, 1413, -17080, 1449
9229, 1412, -17156, 1443
9237, 1409, -17236, 1440
9245, 1405, -17301, 1439
9254, 1401, -17396, 1433
9262, 1397, -17463, 1435
9271, 1395, -17546, 1428
9279, 1391, -17631, 1428
9288, 1389, -17710, 1423
9297, 1386, -17798, 1419
9305, 1382, -17873, 1418
9314, 1379, -17971, 1412
9323, 1375, -18042, 1411
9331, 1372, -18137, 1405
9340, 1366, -18217, 1406
9348, 1364, -18296, 1400
9356, 1360, -18396, 1400
9365, 1359, -18477, 1397
9374, 1356, -18584, 1392
9383, 1352, -18660, 1389
9391, 1349, -18773, 1385
9401, 1346, -18854, 1383
9409, 1342, -18947, 1378
9418, 1336, -19041, 1378
9426, 1335, -19124, 1374
9435, 1332, -19231, 1369
9443, 1327, -19310, 1369
9451, 1325, -19412, 1363
9460, 1322, -19508, 1362
9469, 1318, -19600, 1356
9477, 1313, -19694, 1356
9486, 1311, -19774, 1352
9495, 1309, -19888, 1349
9504, 1306, -19972, 1347
9513, 1303, -20079, 1341
9523, 1297, -20157, 1341
9531, 1295, -20256, 1335
9540, 1292, -20335, 1334
9549, 1288, -20418, 1328
9557, 1283, -20503, 1328
9566, 1282, -20573, 1325
9574, 1278, -20664, 1319
9582, 1273, -20733, 1319
9591, 1272, -20829, 1313
9600, 1268, -20904, 1312
9609, 1265, -20985, 1307
9618, 1262, -21067, 1306
9626, 1259, -21134, 1303
9635, 1256, -21218, 1298
9643, 1250, -21282, 1298
9652, 1250, -21347, 1295
9661, 1247, -21415, 1291
9670, 1244, -21460, 1290
9678, 1239, -21500, 1290
9686, 1240, -21551, 1285
9694, 1235, -21605, 1285
9703, 1235, -21640, 1283
9711, 1232, -21667, 1284
9721, 1231, -21693, 1284
9730, 1232, -21722, 1281
9739, 1231, -21768, 1278
9749, 1229, -21801, 1277
9757, 1225, -21821, 1278
9765, 1227, -21834, 1277
9774, 1223, -21843, 1277
9782, 1223, -21853, 1277
9790, 1223, -21865, 1277
9799, 1225, -21879, 1275
9807, 1225, -21896, 1274
9816, 1224, -21918, 1272
9824, 1222, -21948, 1270
9834, 1218, -21973, 1271
9843, 1217, -21988, 1271
9851, 1219, -21997, 1270
9861, 1216, -22002, 1270
9870, 1216, -22005, 1271
9878, 1219, -22007, 1270
9887, 1216, -22008, 1271
9895, 1219, -22010, 1269
9904, 1216, -22010, 1271
9913, 1219, -22011, 1270
9922, 1216, -22011, 1270
9930, 1216, -22012, 1271
9939, 1219, -22013, 1270
9947, 1216, -22013, 1270
9956, 1216, -22014, 1270
9964, 1219, -22015, 1269
9972, 1215, -22016, 1270
9981, 1215, -22018, 1270
9989, 1218, -22019, 1269
9998, 1218, -22021, 1268
10006, 1215, -22025, 1270
10015, 1215, -22026, 1270
10023, 1215, -22028, 1270
10032, 1218, -22029, 1269
10040, 1215, -22032, 1269
10049, 1218, -22036, 1267
10057, 1215, -22040, 1270
10066, 1216, -22045, 1269
10074, 1216, -22049, 1268
10082, 1214, -22054, 1268
12101, 1214, -22069, 1268
12109, 1216, -22069, 1267
12118, 1215, -22083, 1264
12127, 1213, -22137, 1261
12136, 1211, -22179, 1259
12144, 1209, -22244, 1254
12153, 1203, -22299, 1254
12162, 1203, -22366, 1248
12170, 1200, -22430, 1246
12179, 1196, -22486, 1241
12188, 1192, -22557, 1239
12196, 1186, -22610, 1239
12205, 1186, -22679, 1232
12213, 1180, -22733, 1233
12221, 1181, -22795, 1228
12230, 1178, -22859, 1225
12238, 1175, -22914, 1222
12247, 1172, -22989, 1220
12257, 1169, -23044, 1215
12266, 1164, -23111, 1212
12275, 1161, -23163, 1210
12283, 1158, -23222, 1203
12291, 1150, -23274, 1203
12300, 1151, -23335, 1199
12309, 1148, -23400, 1197
12318, 1145, -23453, 1193
12327, 1142, -23514, 1190
12335, 1138, -23561, 1189
12344, 1135, -23622, 1184
12352, 1132, -23673, 1183
12361, 1130, -23728, 1180
12369, 1127, -23785, 1176
12378, 1124, -23839, 1173
12388, 1121, -23900, 1170
12396, 1118, -23946, 1168
12404, 1114, -24002, 1162
12413, 1107, -24051, 1162
12422, 1107, -24103, 1157
12430, 1104, -24157, 1154
12438, 1101, -24206, 1151
12447, 1098, -24261, 1149
12456, 1095, -24302, 1146
12464, 1092, -24357, 1141
12472, 1084, -24403, 1142
12480, 1087, -24452, 1137
12488, 1084, -24505, 1135
12497, 1081, -24548, 1132
12505, 1078, -24602, 1128
12513, 1074, -24646, 1127
12522, 1071, -24702, 1121
12531, 1064, -24753, 1121
12540, 1065, -24802, 1115
12549, 1062, -24858, 1114
12558, 1059, -24905, 1111
12567, 1056, -24967, 1105
12576, 1048, -25013, 1105
12586, 1049, -25068, 1099
12594, 1046, -25111, 1098
12603, 1042, -25172, 1092
12612, 1035, -25216, 1092
12621, 1037, -25261, 1089
12629, 1033, -25309, 1086
12637, 1030, -25349, 1084
12646, 1028, -25408, 1079
12654, 1025, -25451, 1078
12663, 1021, -25504, 1072
12671, 1015, -25551, 1072
12680, 1015, -25599, 1068
12689, 1013, -25653, 1065
12698, 1010, -25699, 1063
12707, 1007, -25758, 1060
12716, 1003, -25799, 1057
12724, 1000, -25852, 1051
12732, 993, -25894, 1051
12741, 994, -25942, 1048
12749, 991, -26001, 1045
12758, 988, -26051, 1042
12768, 985, -26107, 1038
12777, 982, -26150, 1036
12786, 979, -26208, 1032
12795, 976, -26251, 1029
12803, 972, -26302, 1024
12811, 966, -26348, 1024
12820, 965, -26398, 1020
12829, 963, -26451, 1018
12838, 960, -26494, 1015
12846, 957, -26550, 1011
12855, 951, -26590, 1011
12863, 952, -26642, 1005
12871, 945, -26687, 1005
12880, 946, -26741, 1001
12889, 944, -26794, 999
12898, 941, -26836, 996
12906, 938, -26891, 992
12914, 935, -26930, 990
12923, 932, -26989, 983
12932, 925, -27034, 984
12940, 925, -27079, 980
12948, 922, -27130, 976
12957, 919, -27168, 975
12965, 917, -27227, 971
12975, 914, -27270, 970
12983, 911, -27320, 964
12991, 908, -27365, 963
13000, 905, -27412, 959
13009, 902, -27469, 958
13018, 899, -27515, 955
13026, 897, -27579, 950
13036, 889, -27622, 950
13044, 891, -27677, 944
13053, 888, -27723, 942
13061, 884, -27778, 938
13070, 877, -27830, 939
13079, 879, -27878, 936
13087, 877, -27935, 931
13096, 874, -27983, 929
13105, 871, -28048, 923
13115, 868, -28095, 922
13124, 863, -28154, 917
13132, 860, -28201, 916
13141, 857, -28258, 912
13150, 850, -28312, 912
13158, 852, -28357, 908
13166, 849, -28417, 904
13175, 846, -28461, 902
13183, 843, -28519, 898
13192, 840, -28571, 897
13200, 837, -28624, 891
13209, 834, -28685, 890
13218, 831, -28735, 888
13227, 829, -28801, 884
13236, 826, -28852, 882
13245, 823, -28912, 878
13253, 820, -28959, 877
13262, 818, -29000, 874
13270, 815, -29054, 870
13278, 808, -29095, 870
13287, 810, -29125, 868
13295, 805, -29164, 868
13304, 806, -29211, 862
13313, 800, -29245, 864
13322, 804, -29268, 863
13332, 802, -29287, 862
13341, 801, -29314, 859
13349, 799, -29361, 856
13360, 793, -29385, 857
13368, 792, -29401, 857
13377, 796, -29411, 856
13385, 790, -29420, 856
13393, 790, -29430, 856
13402, 795, -29441, 855
13410, 794, -29456, 854
13418, 793, -29478, 852
13426, 792, -29506, 850
13434, 786, -29529, 850
13443, 785, -29542, 850
13451, 784, -29550, 852
13460, 789, -29556, 850
13469, 785, -29559, 853
13478, 790, -29562, 851
13487, 790, -29564, 849
13495, 784, -29566, 851
13503, 785, -29568, 851
13512, 789, -29570, 849
13520, 784, -29574, 850
13529, 789, -29580, 849
13538, 783, -29586, 849
13548, 788, -29594, 848
13557, 787, -29603, 847
13566, 786, -29614, 845
13575, 780, -29627, 845
13584, 780, -29639, 845
13593, 779, -29650, 846
13601, 784, -29658, 844
13609, 779, -29666, 844
13618, 779, -29675, 845
13626, 783, -29685, 844
13635, 779, -29695, 844
13643, 783, -29698, 843
13651, 779, -29700, 844
13659, 783, -29702, 843
13668, 778, -29703, 843
13677, 778, -29703, 845
13685, 783, -29704, 844
13693, 778, -29704, 844
13701, 779, -29704, 844
13710, 783, -29704, 843
13718, 778, -29704, 844
13726, 783, -29704, 843
13735, 778, -29705, 844
13743, 778, -29706, 844
13752, 783, -29706, 843
13760, 778, -29706, 843
13770, 778, -29706, 844
13779, 783, -29706, 843
13788, 778, -29706, 844
13797, 778, -29706, 844
13806, 779, -29706, 845
13814, 783, -29708, 842
13823, 778, -29711, 843
13831, 778, -29714, 844
13840, 783, -29718, 842
13848, 777, -29723, 842
13857, 777, -29729, 842
13865, 782, -29737, 841
13874, 776, -29746, 841
13884, 776, -29754, 843
13893, 781, -29764, 840
15911, 776, -29786, 840
15921, 776, -29785, 841
15929, 780, -29793, 837
15938, 778, -29835, 833
15947, 771, -29872, 833
15956, 774, -29937, 828
15965, 771, -29987, 826
15973, 768, -30050, 821
15982, 760, -30108, 821
15991, 762, -30165, 817
15999, 760, -30235, 815
16007, 757, -30287, 813
16016, 754, -30360, 806
16025, 746, -30419, 808
16033, 749, -30497, 803
16043, 746, -30559, 802
16051, 743, -30632, 796
16061, 740, -30704, 795
16069, 737, -30765, 793
16078, 734, -30843, 788
16086, 731, -30904, 787
16095, 729, -30984, 782
16104, 726, -31047, 781
16112, 723, -31116, 777
16121, 720, -31193, 774
16129, 718, -31258, 771
16138, 715, -31339, 768
16146, 707, -31408, 768
16156, 709, -31494, 762
16164, 702, -31566, 762
16174, 704, -31647, 757
16182, 702, -31726, 756
16191, 698, -31808, 751
16200, 696, -31897, 749
16209, 693, -31968, 747
16217, 690, -32056, 742
16226, 687, -32126, 741
16234, 683, -32219, 735
16243, 676, -32298, 736
16252, 678, -32378, 732
16260, 675, -32472, 729
16268, 673, -32545, 727
16277, 671, -32644, 723
16285, 668, -32726, 722
16294, 665, -32817, 716
16302, 662, -32906, 715
16310, 659, -32989, 713
16319, 657, -33090, 709
16327, 649, -33168, 709
16335, 652, -33271, 704
16343, 649, -33357, 702
16351, 646, -33450, 699
16360, 644, -33559, 697
16369, 641, -33647, 695
16377, 638, -33763, 691
16385, 637, -33852, 689
16393, 634, -33962, 684
16402, 631, -34069, 683
16410, 628, -34167, 680
16419, 625, -34288, 677
16427, 623, -34381, 676
16435, 620, -34506, 670
16443, 617, -34610, 669
16451, 614, -34721, 666
16460, 611, -34850, 663
16468, 608, -34954, 661
16476, 606, -35091, 657
16484, 598, -35200, 657
16493, 602, -35325, 653
16501, 599, -35456, 651
16509, 597, -35564, 648
16517, 594, -35710, 644
16526, 587, -35822, 644
16534, 588, -35964, 637
16543, 581, -36087, 637
16551, 583, -36208, 633
16560, 580, -36342, 630
16568, 577, -36448, 628
16576, 574, -36588, 625
16585, 567, -36697, 625
16594, 569, -36827, 618
16602, 561, -36946, 618
16611, 565, -37055, 614
16620, 562, -37181, 611
16628, 559, -37280, 609
16637, 556, -37406, 606
16645, 554, -37503, 605
16654, 551, -37619, 600
16662, 548, -37725, 598
16670, 545, -37819, 595
16678, 542, -37936, 591
16687, 534, -38025, 591
16695, 538, -38139, 586
16703, 529, -38233, 586
16711, 533, -38329, 582
16720, 530, -38438, 578
16728, 527, -38522, 577
16736, 525, -38631, 574
16745, 522, -38717, 572
16753, 519, -38816, 567
16762, 517, -38912, 565
16770, 514, -38996, 562
16778, 511, -39100, 560
16786, 508, -39177, 556
16795, 505, -39276, 554
16803, 503, -39360, 552
16811, 501, -39441, 550
16819, 498, -39538, 547
16828, 496, -39611, 543
16836, 493, -39711, 540
16844, 485, -39790, 541
16852, 488, -39875, 535
16861, 485, -39963, 533
16869, 483, -40040, 531
16878, 480, -40135, 526
16886, 477, -40205, 525
16894, 475, -40293, 521
16902, 466, -40375, 521
16911, 470, -40448, 517
16919, 467, -40541, 514
16928, 465, -40609, 513
16936, 462, -40702, 506
16945, 453, -40786, 506
16954, 456, -40874, 502
16963, 453, -40950, 499
16972, 450, -41026, 496
16980, 448, -41111, 494
16989, 445, -41179, 492
16997, 442, -41267, 488
17006, 440, -41338, 486
17015, 438, -41420, 482
17023, 435, -41499, 481
17033, 432, -41583, 476
17042, 429, -41655, 474
17051, 427, -41732, 473
17060, 424, -41817, 470
17068, 421, -41881, 466
17077, 419, -41967, 463
17085, 417, -42029, 462
17094, 414, -42105, 456
17102, 403, -42179, 456
17111, 409, -42254, 453
17120, 406, -42335, 448
17129, 403, -42398, 447
17138, 400, -42483, 443
17147, 398, -42543, 442
17155, 395, -42622, 436
17164, 385, -42692, 437
17173, 390, -42756, 433
17182, 387, -42835, 430
17192, 378, -42885, 430
17200, 383, -42937, 426
17209, 380, -42997, 424
17217, 371, -43036, 424
17226, 377, -43067, 423
17235, 375, -43113, 421
17244, 374, -43174, 418
17253, 373, -43209, 417
17262, 364, -43235, 417
17270, 370, -43263, 415
17279, 369, -43295, 414
17287, 368, -43337, 412
17296, 366, -43365, 411
17304, 358, -43384, 411
17313, 357, -43399, 411
17321, 357, -43414, 411
17329, 363, -43429, 410
17337, 363, -43448, 409
17346, 362, -43474, 407
17354, 361, -43506, 405
17362, 353, -43527, 406
17371, 359, -43537, 405
17379, 351, -43543, 405
17387, 351, -43548, 406
17397, 358, -43550, 405
17405, 358, -43553, 404
17415, 357, -43555, 403
17423, 350, -43561, 404
17432, 350, -43567, 404
17440, 349, -43572, 404
17450, 350, -43576, 405
17458, 357, -43580, 403
17467, 350, -43584, 404
17476, 350, -43592, 404
17484, 356, -43599, 402
17493, 349, -43608, 403
17502, 355, -43621, 401
17511, 348, -43636, 402
19531, 355, -43679, 400
19540, 347, -43678, 401
19549, 354, -43691, 399
19558, 353, -43734, 395
19566, 350, -43769, 392
19574, 349, -43834, 388
19583, 346, -43897, 387
19593, 342, -43965, 381
19601, 332, -44027, 381
19609, 337, -44083, 379
19618, 334, -44157, 375
19626, 333, -44214, 374
19634, 330, -44289, 368
19643, 320, -44346, 369
19651, 325, -44413, 364
19660, 322, -44482, 363
19668, 319, -44539, 359
19677, 318, -44613, 357
19685, 315, -44668, 356
19693, 313, -44737, 350
19701, 302, -44796, 350
19710, 307, -44854, 346
19718, 305, -44930, 343
19727, 301, -44996, 340
19737, 299, -45070, 338
19745, 296, -45128, 336
19755, 293, -45209, 332
19763, 292, -45271, 330
19772, 289, -45343, 325
19781, 286, -45407, 324
19790, 283, -45476, 320
19799, 280, -45547, 318
19808, 277, -45609, 315
19817, 276, -45685, 313
19826, 273, -45740, 310
19834, 270, -45813, 305
19843, 259, -45870, 305
19851, 264, -45943, 300
19860, 254, -46012, 300
19869, 259, -46069, 295
19877, 256, -46142, 293
19885, 255, -46197, 292
19893, 252, -46267, 286
19901, 241, -46329, 286
19910, 247, -46388, 283
19918, 244, -46465, 279
19927, 234, -46523, 279
19935, 239, -46595, 272
19944, 229, -46657, 272
19953, 234, -46739, 269
19962, 231, -46804, 267
19971, 228, -46871, 263
19979, 226, -46943, 262
19988, 224, -47004, 259
19997, 221, -47083, 255
20005, 219, -47138, 254
20014, 216, -47214, 249
20022, 213, -47282, 247
20031, 210, -47354, 244
20040, 209, -47424, 241
20049, 206, -47486, 239
20057, 203, -47566, 236
20066, 200, -47624, 234
20074, 198, -47701, 230
20082, 195, -47767, 229
20091, 193, -47846, 225
20101, 191, -47915, 223
20109, 188, -47991, 220
20119, 185, -48072, 216
20127, 182, -48138, 214
20137, 180, -48230, 211
20146, 177, -48292, 208
20155, 174, -48371, 204
20163, 172, -48433, 203
20171, 169, -48504, 199
20180, 166, -48585, 197
20188, 163, -48650, 195
20197, 162, -48734, 192
20205, 159, -48799, 188
20214, 156, -48882, 184
20222, 145, -48954, 185
20232, 152, -49038, 181
20241, 149, -49120, 180
20250, 147, -49187, 176
20258, 145, -49273, 174
20266, 142, -49338, 171
20275, 140, -49423, 166
20283, 129, -49491, 167
20292, 134, -49584, 161
20301, 124, -49661, 161
20310, 130, -49733, 156
20318, 127, -49834, 154
20328, 124, -49905, 151
20337, 122, -49999, 149
20345, 119, -50074, 147
20354, 117, -50166, 142
20363, 115, -50238, 141
20371, 112, -50318, 138
20379, 109, -50407, 136
20388, 107, -50480, 132
20397, 105, -50580, 129
20405, 102, -50655, 128
20414, 99, -50750, 123
20422, 89, -50835, 123
20431, 94, -50921, 119
20440, 91, -51018, 116
20448, 89, -51109, 113
20458, 87, -51218, 110
20467, 84, -51295, 107
20476, 81, -51400, 105
20484, 79, -51478, 104
20492, 76, -51575, 100
20501, 75, -51665, 99
20509, 72, -51752, 95
20518, 69, -51864, 91
20527, 59, -51948, 91
20535, 65, -52061, 84
20544, 54, -52149, 87
20553, 59, -52261, 80
20562, 57, -52357, 79
20571, 54, -52446, 76
20579, 52, -52557, 75
20589, 50, -52641, 71
20598, 47, -52744, 66
20606, 36, -52818, 66
20614, 42, -52915, 62
20623, 40, -52992, 61
20631, 37, -53076, 57
20639, 35, -53172, 56
20648, 32, -53247, 53
20657, 30, -53344, 49
20665, 28, -53418, 48
20674, 25, -53504, 43
20682, 15, -53582, 43
20691, 20, -53667, 39
20700, 18, -53746, 35
20708, 15, -53812, 34
20717, 13, -53900, 30
20725, 11, -53965, 29
20733, 8, -54044, 24
20742, -2, -54123, 24
20751, 3, -54207, 20
20760, 1, -54280, 18
20769, -2, -54350, 16
20778, -4, -54437, 11
20787, -6, -54507, 10
20797, -9, -54586, 7
20805, -12, -54647, 5
20813, -17, -54720, 4095
20822, -16, -54782, 0
20830, -22, -54842, 4092
20838, -1, -54920, 4090
20847, -3, -54978, 4088
20856, -6, -55054, 4084
20865, -8, -55120, 4082
20875, -12, -55195, 4076
20883, -14, -55252, 4076
20892, -18, -55312, 4072
20900, -20, -55378, 4072
20908, -23, -55433, 4069
20917, -25, -55501, 4065
20925, -27, -55552, 4064
20933, -30, -55617, 4058
20942, -32, -55677, 4060
20950, -35, -55732, 4055
20959, -38, -55795, 4052
20968, -40, -55838, 4053
20976, -42, -55907, 4047
20985, -45, -55957, 4046
20994, -47, -56001, 4044
21002, -49, -56056, 4041
21012, -52, -56090, 4041
21020, -54, -56120, 4038
21029, -56, -56171, 4035
21037, -58, -56216, 4035
21046, -59, -56245, 4035
21054, -61, -56269, 4032
21063, -62, -56298, 4031
21071, -63, -56335, 4029
21080, -64, -56356, 4029
21089, -66, -56371, 4027
21098, -67, -56382, 4028
21108, -68, -56399, 4026
21117, -69, -56429, 4025
21126, -70, -56468, 4023
21134, -71, -56493, 4022
21143, -72, -56509, 4023
21152, -72, -56519, 4023
21160, -73, -56526, 4023
21169, -73, -56533, 4023
21178, -73, -56542, 4022
21187, -73, -56554, 4021
21196, -74, -56572, 4019
21205, -75, -56591, 4016
21214, -77, -56607, 4017
21223, -78, -56616, 4016
21231, -79, -56623, 4016
21241, -79, -56627, 4016
21249, -79, -56630, 4018
21258, -79, -56631, 4018
21266, -79, -56632, 4016
21274, -78, -56633, 4018
21283, -78, -56634, 4016
21291, -79, -56635, 4016
21301, -79, -56637, 4017
21310, -79, -56638, 4017
21318, -79, -56641, 4016
21327, -79, -56645, 4016
21336, -79, -56650, 4016
21344, -80, -56656, 4013
21353, -80, -56663, 4015
21361, -81, -56670, 4015
21369, -81, -56679, 4014
21378, -82, -56688, 4013
21387, -82, -56697, 4013
21395, -82, -56706, 4012
21404, -83, -56714, 4013
21412, -83, -56722, 4013
21421, -83, -56729, 4013
21430, -83, -56735, 4012
21439, -83, -56741, 4010
21449, -84, -56746, 4012
23469, -84, -56753, 4012
23478, -84, -56751, 4012
23487, -84, -56757, 4011
23495, -85, -56787, 4007
23504, -86, -56814, 4005
23513, -88, -56857, 4001
23522, -91, -56892, 4000
23531, -94, -56947, 3995
23540, -96, -56998, 3995
23548, -99, -57054, 3992
23558, -101, -57103, 3990
23566, -104, -57143, 3987
23575, -106, -57209, 3985
23584, -108, -57257, 3983
23593, -111, -57316, 3977
23602, -114, -57361, 3978
23611, -117, -57418, 3969
23620, -120, -57475, 3971
23629, -123, -57526, 3966
23638, -126, -57584, 3965
23647, -129, -57627, 3960
23656, -131, -57685, 3959
23664, -134, -57728, 3956
23672, -137, -57785, 3952
23681, -140, -57830, 3953
23689, -142, -57877, 3950
23698, -144, -57928, 3948
23706, -146, -57983, 3943
23716, -149, -58041, 3941
23725, -151, -58082, 3940
23733, -154, -58139, 3935
23743, -157, -58182, 3933
23752, -160, -58243, 3929
23761, -163, -58292, 3928
23769, -166, -58341, 3924
23777, -169, -58391, 3921
23786, -171, -58430, 3919
23794, -174, -58490, 3917
23802, -176, -58535, 3915
23811, -179, -58589, 3909
23819, -182, -58636, 3910
23827, -184, -58676, 3907
23836, -187, -58733, 3903
23844, -189, -58777, 3902
23852, -192, -58835, 3897
23861, -195, -58881, 3896
23870, -197, -58928, 3893
23878, -200, -58981, 3892
23887, -202, -59032, 3888
23896, -205, -59089, 3884
23905, -208, -59134, 3883
23914, -211, -59188, 3878
23922, -214, -59231, 3877
23931, -217, -59286, 3873
23939, -219, -59337, 3870
23947, -222, -59381, 3869
23956, -225, -59434, 3866
23965, -227, -59478, 3864
23974, -229, -59546, 3862
23984, -232, -59591, 3859
23992, -234, -59648, 3855
24001, -237, -59687, 3853
24009, -240, -59738, 3850
24018, -243, -59792, 3847
24027, -246, -59838, 3844
24035, -248, -59893, 3843
24044, -251, -59931, 3840
24052, -254, -59985, 3836
24061, -256, -60032, 3834
24069, -259, -60083, 3831
24078, -262, -60139, 3829
24088, -265, -60188, 3825
24097, -267, -60243, 3824
24106, -269, -60286, 3822
24114, -272, -60347, 3818
24122, -275, -60396, 3816
24131, -277, -60448, 3812
24140, -280, -60502, 3812
24150, -283, -60559, 3805
24159, -286, -60617, 3805
24168, -288, -60667, 3803
24177, -291, -60721, 3798
24186, -294, -60771, 3797
24195, -297, -60837, 3792
24205, -299, -60885, 3793
24213, -302, -60944, 3787
24222, -305, -60987, 3785
24230, -308, -61039, 3781
24238, -310, -61095, 3781
24247, -313, -61142, 3777
24255, -316, -61206, 3776
24265, -318, -61249, 3772
24274, -320, -61316, 3770
24283, -323, -61365, 3768
24292, -326, -61427, 3764
24301, -328, -61477, 3762
24309, -331, -61532, 3759
24318, -334, -61589, 3757
24327, -336, -61638, 3754
24335, -339, -61700, 3752
24343, -341, -61744, 3751
24352, -344, -61806, 3746
24360, -346, -61859, 3745
24369, -349, -61917, 3741
24378, -351, -61977, 3739
24387, -354, -62032, 3735
24396, -357, -62105, 3733
24406, -360, -62156, 3732
24414, -362, -62222, 3728
24423, -365, -62269, 3727
24432, -367, -62332, 3722
24440, -369, -62389, 3722
24448, -372, -62443, 3718
24457, -375, -62507, 3715
24466, -378, -62557, 3713
24474, -380, -62630, 3710
24483, -383, -62687, 3708
24492, -386, -62753, 3704
24501, -388, -62807, 3703
24509, -391, -62867, 3699
24518, -393, -62941, 3698
24528, -396, -62996, 3695
24536, -398, -63063, 3692
24545, -401, -63114, 3691
24553, -403, -63191, 3686
24562, -406, -63246, 3686
24570, -409, -63308, 3680
24579, -411, -63376, 3680
24588, -414, -63448, 3677
24597, -416, -63526, 3674
24607, -419, -63586, 3671
24616, -422, -63672, 3668
24625, -424, -63732, 3667
24634, -427, -63808, 3662
24642, -430, -63864, 3662
24651, -433, -63940, 3655
24659, -435, -64010, 3657
24668, -438, -64076, 3653
24677, -440, -64159, 3650
24686, -443, -64232, 3649
24695, -445, -64316, 3645
24704, -448, -64377, 3642
24712, -451, -64466, 3638
24721, -453, -64539, 3638
24730, -456, -64617, 3633
24738, -459, -64701, 3633
24747, -461, -64772, 3630
24756, -464, -64864, 3626
24764, -466, -64934, 3625
24773, -469, -65029, 3621
24781, -471, -65101, 3621
24790, -474, -65182, 3616
24798, -476, -65276, 3614
24807, -478, -65338, 3614
24816, -480, -65421, 3611
24825, -483, -65500, 3609
24833, -484, -65552, 3608
24841, -486, -65611, 3605
24850, -488, -65691, 3603
24858, -490, -65744, 3604
24867, -491, -65785, 3602
24875, -493, -65837, 3599
24884, -495, -65905, 3597
24892, -496, -65954, 3598
24901, -497, -65986, 3598
24910, -498, -66013, 3596
24919, -499, -66050, 3595
24927, -500, -66101, 3593
24936, -501, -66157, 3592
24945, -502, -66188, 3591
24954, -503, -66208, 3591
24963, -504, -66224, 3591
24972, -504, -66239, 3591
24980, -505, -66259, 3590
24988, -505, -66290, 3589
24997, -506, -66331, 3588
25006, -507, -66376, 3585
25014, -508, -66411, 3587
25023, -509, -66429, 3586
25032, -509, -66439, 3586
25041, -509, -66446, 3587
25050, -509, -66451, 3587
25059, -509, -66456, 3587
25068, -509, -66462, 3587
25077, -509, -66470, 3586
25086, -509, -66482, 3585
25095, -510, -66500, 3583
25104, -511, -66522, 3584
25112, -512, -66549, 3582
25121, -512, -66578, 3582
25130, -513, -66606, 3580
25138, -514, -66633, 3580
25147, -515, -66657, 3579
25156, -515, -66679, 3580
25165, -516, -66681, 3580
25175, -516, -66681, 3580
25184, -516, -66680, 3580
25192, -516, -66680, 3580
25201, -515, -66680, 3582
25209, -515, -66680, 3581
25218, -515, -66679, 3580
25227, -515, -66679, 3580
25235, -515, -66678, 3581
25244, -515, -66678, 3580
25253, -515, -66678, 3581
25263, -515, -66679, 3581
25271, -515, -66679, 3580
25280, -515, -66680, 3580
25288, -515, -66680, 3580
25297, -515, -66680, 3580
25306, -516, -66681, 3580
25314, -515, -66681, 3582
25323, -515, -66682, 3581
25332, -515, -66682, 3580
25342, -515, -66683, 3580
25351, -515, -66684, 3580
25359, -515, -66685, 3581
25368, -516, -66685, 3579
25377, -516, -66686, 3580
25386, -516, -66687, 3580
25395, -515, -66688, 3581
25403, -515, -66689, 3581
25412, -515, -66690, 3581
25420, -515, -66692, 3581
25429, -515, -66693, 3579
25437, -515, -66694, 3581
25446, -515, -66697, 3580
25454, -515, -66699, 3580
25463, -516, -66701, 3579
25471, -516, -66703, 3579
25479, -516, -66705, 3580
25488, -516, -66707, 3580
25496, -516, -66709, 3580
25505, -516, -66711, 3580
25513, -516, -66713, 3579
25522, -516, -66714, 3580
25530, -516, -66716, 3579
25539, -516, -66718, 3579
25547, -516, -66721, 3580
25556, -516, -66723, 3581
25566, -516, -66726, 3580
25575, -516, -66728, 3579
25584, -516, -66732, 3578
25593, -516, -66734, 3579
25602, -517, -66737, 3578
27620, -517, -66775, 3578
27629, -518, -66773, 3577
27638, -518, -66784, 3577
27648, -518, -66794, 3578
27656, -518, -66806, 3576
27665, -519, -66824, 3576
27674, -519, -66839, 3577
27683, -519, -66881, 3574
27692, -520, -66922, 3574
27701, -522, -66992, 3569
27710, -523, -67082, 3568
27718, -525, -67158, 3566
27726, -528, -67271, 3563
27735, -530, -67353, 3561
27743, -533, -67471, 3556
27752, -535, -67571, 3556
27760, -538, -67679, 3554
27769, -540, -67800, 3552
27778, -542, -67897, 3549
27786, -544, -68029, 3545
27795, -547, -68127, 3545
27804, -549, -68274, 3540
27813, -552, -68378, 3540
27822, -555, -68499, 3535
27830, -556, -68612, 3536
27839, -559, -68716, 3533
27847, -561, -68842, 3529
27856, -563, -68937, 3528
27864, -566, -69077, 3524
27874, -568, -69185, 3522
27884, -571, -69313, 3519
27893, -574, -69415, 3517
27902, -577, -69529, 3513
27910, -579, -69641, 3513
27919, -581, -69738, 3510
27928, -584, -69852, 3507
27937, -586, -69939, 3505
27945, -589, -70055, 3500
27953, -591, -70143, 3501
27962, -594, -70249, 3496
27970, -596, -70345, 3496
27979, -599, -70431, 3492
27987, -601, -70546, 3490
27996, -603, -70625, 3490
28004, -605, -70732, 3484
28012, -608, -70820, 3484
28021, -610, -70913, 3481
28030, -612, -71009, 3480
28038, -614, -71088, 3477
28046, -617, -71189, 3473
28055, -619, -71269, 3472
28064, -622, -71371, 3468
28072, -624, -71459, 3468
28081, -627, -71557, 3462
28090, -629, -71654, 3462
28100, -632, -71740, 3459
28109, -634, -71837, 3455
28118, -637, -71912, 3455
28126, -639, -72007, 3450
28135, -642, -72078, 3450
28143, -644, -72166, 3446
28151, -647, -72240, 3444
28160, -649, -72326, 3441
28169, -651, -72406, 3440
28178, -654, -72484, 3437
28187, -657, -72577, 3433
28195, -659, -72643, 3431
28204, -662, -72727, 3428
28212, -664, -72797, 3428
28220, -667, -72869, 3424
28229, -669, -72945, 3421
28237, -671, -73005, 3420
28245, -674, -73090, 3417
28254, -676, -73153, 3418
28262, -678, -73225, 3412
28270, -680, -73297, 3411
28278, -682, -73370, 3408
28288, -684, -73445, 3407
28296, -687, -73504, 3404
28305, -690, -73589, 3400
28314, -692, -73655, 3399
28323, -695, -73737, 3392
28332, -698, -73801, 3394
28341, -701, -73879, 3390
28350, -703, -73946, 3388
28358, -705, -74004, 3387
28367, -707, -74084, 3383
28376, -710, -74145, 3382
28385, -712, -74220, 3378
28394, -715, -74272, 3375
28402, -718, -74342, 3372
28411, -720, -74412, 3371
28420, -723, -74481, 3367
28430, -725, -74546, 3366
28438, -728, -74604, 3364
28447, -730, -74677, 3362
28455, -732, -74732, 3360
28464, -734, -74800, 3356
28472, -736, -74855, 3354
28480, -739, -74916, 3352
28489, -741, -74981, 3350
28498, -744, -75031, 3348
28506, -746, -75101, 3345
28515, -748, -75154, 3344
28524, -751, -75230, 3338
28533, -753, -75282, 3337
28542, -756, -75355, 3334
28552, -758, -75417, 3334
28561, -761, -75488, 3329
28571, -763, -75541, 3328
28580, -765, -75597, 3326
28588, -768, -75665, 3323
28597, -770, -75715, 3321
28606, -773, -75782, 3317
28614, -775, -75832, 3316
28623, -778, -75909, 3312
28633, -780, -75962, 3311
28641, -783, -76029, 3306
28651, -785, -76082, 3306
28660, -788, -76142, 3303
28669, -790, -76210, 3301
28678, -793, -76267, 3298
28688, -795, -76329, 3294
28696, -798, -76373, 3294
28704, -800, -76441, 3289
28713, -803, -76494, 3287
28723, -806, -76554, 3283
28732, -808, -76607, 3283
28741, -811, -76677, 3279
28751, -814, -76734, 3278
28760, -816, -76791, 3275
28769, -818, -76851, 3273
28778, -820, -76898, 3271
28786, -823, -76966, 3266
28795, -825, -77015, 3266
28804, -828, -77074, 3261
28812, -831, -77120, 3260
28821, -834, -77176, 3257
28830, -836, -77239, 3255
28839, -838, -77289, 3253
28847, -841, -77347, 3250
28856, -843, -77392, 3249
28864, -845, -77457, 3245
28873, -847, -77506, 3245
28881, -850, -77570, 3240
28891, -852, -77628, 3239
28901, -855, -77695, 3234
28911, -857, -77751, 3234
28920, -860, -77805, 3230
28928, -863, -77861, 3227
28937, -866, -77903, 3225
28945, -868, -77972, 3223
28954, -870, -78020, 3222
28963, -872, -78080, 3219
28972, -875, -78128, 3216
28980, -877, -78179, 3212
28989, -879, -78236, 3212
28997, -882, -78283, 3208
29006, -885, -78343, 3206
29014, -887, -78385, 3205
29023, -890, -78442, 3199
29031, -892, -78491, 3200
29039, -894, -78538, 3197
29048, -897, -78597, 3193
29056, -899, -78646, 3193
29066, -901, -78709, 3191
29075, -903, -78761, 3188
29084, -906, -78822, 3184
29093, -908, -78873, 3184
29102, -910, -78925, 3180
29112, -913, -78982, 3178
29121, -915, -79022, 3177
29131, -917, -79068, 3174
29139, -919, -79115, 3173
29147, -920, -79141, 3174
29156, -922, -79168, 3172
29164, -923, -79209, 3169
29173, -925, -79252, 3167
29182, -926, -79275, 3167
29191, -927, -79297, 3166
29200, -929, -79326, 3164
29209, -931, -79373, 3161
29219, -932, -79394, 3162
29228, -933, -79409, 3162
29237, -933, -79421, 3162
29246, -934, -79435, 3161
29255, -934, -79458, 3160
29263, -935, -79489, 3156
29272, -936, -79514, 3157
29280, -937, -79530, 3157
29289, -938, -79539, 3157
29298, -939, -79547, 3156
29307, -939, -79554, 3157
29317, -939, -79563, 3155
29325, -940, -79576, 3154
29334, -941, -79594, 3153
29343, -941, -79616, 3152
29351, -942, -79639, 3152
29360, -943, -79653, 3151
29369, -944, -79658, 3151
29378, -944, -79663, 3152
29386, -944, -79665, 3152
29395, -944, -79667, 3152
29403, -944, -79668, 3151
29412, -944, -79670, 3151
29422, -944, -79673, 3151
29431, -944, -79676, 3151
29440, -944, -79679, 3152
29449, -945, -79683, 3150
29457, -945, -79688, 3150
29465, -945, -79694, 3149
29474, -945, -79703, 3151
29483, -945, -79712, 3151
29491, -946, -79723, 3149
29500, -946, -79735, 3148
29508, -946, -79748, 3147
29518, -948, -79761, 3145
29527, -949, -79772, 3146
29535, -949, -79782, 3146
29544, -950, -79790, 3146
31562, -950, -79794, 3147
31571, -949, -79793, 3147
31580, -949, -79799, 3146
31589, -949, -79807, 3145
31598, -950, -79815, 3144
31606, -951, -79841, 3143
31614, -952, -79862, 3142
31623, -953, -79896, 3137
31631, -955, -79940, 3136
31639, -957, -79978, 3136
31648, -959, -80036, 3131
31656, -962, -80080, 3130
31664, -964, -80136, 3126
31672, -966, -80186, 3125
31681, -969, -80235, 3123
31689, -971, -80300, 3121
31698, -973, -80351, 3120
31707, -975, -80416, 3114
31716, -977, -80465, 3114
31724, -980, -80525, 3109
31733, -982, -80580, 3109
31741, -985, -80633, 3106
31750, -987, -80701, 3104
31758, -990, -80757, 3100
31768, -992, -80836, 3097
31778, -995, -80886, 3095
31786, -998, -80953, 3090
31794, -1001, -81012, 3092
31804, -1004, -81077, 3085
31812, -1006, -81139, 3086
31821, -1008, -81198, 3083
31830, -1010, -81273, 3080
31839, -1013, -81329, 3078
31848, -1015, -81410, 3075
31857, -1018, -81471, 3073
31867, -1021, -81544, 3066
31875, -1024, -81599, 3066
31884, -1027, -81667, 3062
31892, -1030, -81729, 3061
31900, -1033, -81784, 3056
31909, -1036, -81859, 3055
31917, -1038, -81921, 3055
31927, -1040, -82001, 3049
31936, -1043, -82056, 3048
31945, -1046, -82128, 3043
31953, -1048, -82191, 3043
31962, -1051, -82253, 3040
31970, -1053, -82327, 3038
31979, -1056, -82384, 3035
31987, -1058, -82464, 3033
31996, -1060, -82520, 3032
32005, -1063, -82593, 3026
32013, -1065, -82655, 3026
32022, -1068, -82718, 3022
32030, -1070, -82793, 3021
32039, -1073, -82851, 3018
32047, -1075, -82941, 3014
32057, -1078, -83001, 3014
32065, -1081, -83078, 3008
32074, -1083, -83142, 3008
32082, -1086, -83208, 3006
32090, -1088, -83284, 3001
32099, -1091, -83342, 3001
32107, -1093, -83425, 2998
32115, -1095, -83489, 2996
32124, -1098, -83565, 2992
32132, -1100, -83637, 2991
32140, -1103, -83700, 2987
32149, -1105, -83789, 2985
32158, -1108, -83852, 2982
32166, -1111, -83940, 2978
32175, -1113, -84011, 2980
32183, -1116, -84100, 2974
32193, -1118, -84178, 2973
32201, -1121, -84250, 2970
32210, -1123, -84336, 2967
32219, -1126, -84403, 2966
32227, -1128, -84494, 2961
32236, -1131, -84562, 2960
32244, -1134, -84650, 2956
32253, -1136, -84727, 2955
32261, -1139, -84798, 2953
32270, -1141, -84886, 2951
32278, -1143, -84959, 2948
32288, -1145, -85055, 2946
32297, -1147, -85129, 2943
32306, -1150, -85215, 2938
32314, -1153, -85284, 2938
32323, -1156, -85357, 2933
32331, -1159, -85434, 2932
32339, -1161, -85495, 2930
32348, -1164, -85579, 2927
32356, -1166, -85640, 2925
32364, -1169, -85728, 2920
32374, -1171, -85798, 2921
32383, -1174, -85869, 2917
32391, -1176, -85949, 2914
32401, -1179, -86011, 2911
32410, -1181, -86092, 2909
32418, -1184, -86150, 2907
32427, -1187, -86230, 2903
32436, -1189, -86290, 2903
32444, -1192, -86359, 2896
32452, -1195, -86424, 2896
32461, -1197, -86481, 2894
32469, -1200, -86556, 2891
32478, -1202, -86617, 2890
32488, -1205, -86688, 2884
32496, -1207, -86745, 2885
32506, -1210, -86820, 2877
32515, -1212, -86882, 2880
32524, -1216, -86949, 2874
32534, -1218, -87011, 2873
32543, -1221, -87070, 2869
32551, -1223, -87134, 2867
32559, -1226, -87185, 2865
32568, -1229, -87257, 2861
32577, -1231, -87310, 2859
32586, -1234, -87377, 2855
32595, -1237, -87439, 2855
32605, -1240, -87505, 2848
32613, -1242, -87567, 2850
32623, -1245, -87638, 2843
32633, -1248, -87697, 2842
32641, -1251, -87749, 2838
32649, -1254, -87814, 2834
32658, -1257, -87862, 2834
32666, -1260, -87927, 2830
32675, -1263, -87978, 2829
32683, -1265, -88043, 2825
32693, -1267, -88104, 2823
32703, -1271, -88162, 2818
32711, -1273, -88226, 2817
32721, -1276, -88279, 2814
32730, -1279, -88340, 2810
32739, -1282, -88394, 2809
32749, -1285, -88454, 2805
32757, -1287, -88497, 2803
32765, -1291, -88552, 2798
32774, -1293, -88597, 2798
32782, -1296, -88645, 2795
32791, -1299, -88701, 2791
32799, -1301, -88743, 2790
32808, -1303, -88799, 2787
32817, -1306, -88840, 2785
32825, -1309, -88895, 2779
32834, -1311, -88945, 2780
32843, -1315, -89002, 2774
32853, -1317, -89049, 2773
32862, -1321, -89095, 2769
32871, -1323, -89146, 2768
32880, -1326, -89185, 2765
32888, -1328, -89239, 2762
32897, -1331, -89276, 2761
32905, -1333, -89324, 2756
32914, -1336, -89364, 2755
32922, -1338, -89403, 2752
32931, -1341, -89453, 2749
32939, -1343, -89488, 2749
32947, -1345, -89531, 2746
32956, -1348, -89574, 2743
32966, -1350, -89603, 2742
32975, -1352, -89637, 2739
32984, -1354, -89675, 2736
32993, -1356, -89699, 2738
33001, -1357, -89719, 2736
33009, -1359, -89751, 2734
33018, -1360, -89784, 2733
33027, -1361, -89807, 2731
33036, -1362, -89821, 2733
33045, -1363, -89836, 2730
33054, -1365, -89864, 2727
33064, -1366, -89890, 2726
33073, -1367, -89908, 2727
33082, -1369, -89918, 2725
33091, -1369, -89925, 2726
33099, -1370, -89932, 2724
33108, -1371, -89944, 2723
33116, -1371, -89961, 2723
33124, -1372, -89984, 2720
33133, -1374, -90008, 2720
33142, -1374, -90023, 2721
33151, -1375, -90032, 2720
33159, -1376, -90039, 2719
33168, -1376, -90042, 2720
33177, -1376, -90045, 2719
33187, -1376, -90047, 2720
33196, -1376, -90049, 2720
33204, -1376, -90051, 2719
33213, -1376, -90055, 2719
33221, -1377, -90061, 2717
33229, -1377, -90068, 2717
33238, -1378, -90077, 2716
33247, -1379, -90085, 2716
33256, -1379, -90095, 2716
33264, -1380, -90104, 2715
33273, -1380, -90114, 2713
33281, -1381, -90122, 2714
33290, -1382, -90127, 2712
33299, -1382, -90132, 2712
33308, -1383, -90136, 2712
35326, -1383, -90142, 2711
35335, -1384, -90142, 2713
35343, -1384, -90143, 2712
35352, -1384, -90150, 2712
35361, -1384, -90157, 2710
35369, -1385, -90184, 2707
35378, -1386, -90211, 2706
35387, -1388, -90248, 2701
35396, -1391, -90288, 2701
35404, -1393, -90321, 2698
35413, -1395, -90364, 2695
35421, -1398, -90396, 2694
35430, -1400, -90442, 2689
35438, -1403, -90480, 2687
35446, -1406, -90521, 2685
35455, -1408, -90564, 2683
35463, -1411, -90598, 2680
35472, -1413, -90646, 2677
35480, -1415, -90679, 2678
35489, -1418, -90727, 2671
35497, -1420, -90768, 2671
35506, -1423, -90808, 2666
35515, -1426, -90853, 2664
35523, -1429, -90885, 2663
35531, -1431, -90934, 2659
35540, -1434, -90972, 2658
35548, -1436, -91019, 2653
35557, -1439, -91059, 2652
35565, -1441, -91097, 2649
35574, -1444, -91143, 2647
35582, -1447, -91176, 2644
35591, -1449, -91226, 2640
35600, -1452, -91263, 2638
35608, -1455, -91310, 2634
35617, -1458, -91349, 2633
35626, -1461, -91388, 2630
35634, -1463, -91431, 2628
35642, -1466, -91464, 2625
35651, -1468, -91513, 2621
35660, -1471, -91552, 2621
35669, -1473, -91595, 2616
35677, -1476, -91633, 2616
35686, -1478, -91670, 2612
35695, -1480, -91714, 2611
35704, -1483, -91750, 2607
35712, -1486, -91798, 2603
35721, -1488, -91831, 2603
35730, -1491, -91875, 2597
35739, -1494, -91908, 2598
35747, -1496, -91945, 2595
35755, -1498, -91984, 2594
35763, -1500, -92017, 2593
35772, -1502, -92061, 2587
35780, -1505, -92092, 2586
35789, -1507, -92133, 2584
35797, -1509, -92168, 2581
35805, -1512, -92198, 2578
35814, -1514, -92238, 2577
35822, -1517, -92267, 2575
35830, -1519, -92309, 2572
35839, -1521, -92340, 2572
35847, -1523, -92377, 2566
35855, -1526, -92413, 2565
35864, -1528, -92441, 2563
35872, -1530, -92480, 2561
35881, -1533, -92509, 2559
35890, -1535, -92550, 2557
35898, -1536, -92582, 2556
35907, -1539, -92618, 2552
35915, -1541, -92652, 2550
35924, -1543, -92680, 2547
35932, -1546, -92717, 2544
35940, -1548, -92745, 2544
35949, -1551, -92785, 2540
35958, -1553, -92818, 2538
35966, -1555, -92850, 2535
35974, -1557, -92885, 2535
35983, -1559, -92914, 2533
35991, -1562, -92957, 2528
36000, -1564, -92989, 2529
36008, -1566, -93031, 2523
36017, -1568, -93069, 2524
36026, -1571, -93106, 2519
36034, -1573, -93149, 2518
36043, -1576, -93183, 2516
36052, -1578, -93227, 2512
36060, -1580, -93260, 2511
36069, -1583, -93304, 2506
36077, -1585, -93342, 2506
36086, -1588, -93383, 2502
36095, -1591, -93426, 2499
36103, -1593, -93459, 2499
36111, -1596, -93502, 2493
36119, -1598, -93535, 2495
36128, -1601, -93577, 2488
36136, -1603, -93617, 2489
36145, -1605, -93653, 2486
36153, -1607, -93698, 2485
36162, -1609, -93730, 2485
36170, -1611, -93776, 2478
36179, -1613, -93812, 2478
36187, -1616, -93856, 2473
36197, -1618, -93895, 2473
36205, -1621, -93931, 2469
36213, -1623, -93975, 2468
36221, -1626, -94008, 2465
36230, -1628, -94052, 2463
36238, -1630, -94088, 2461
36247, -1633, -94128, 2457
36255, -1635, -94170, 2456
36263, -1637, -94205, 2454
36272, -1640, -94250, 2450
36280, -1642, -94282, 2449
36288, -1645, -94326, 2446
36297, -1647, -94366, 2445
36305, -1649, -94403, 2442
36314, -1651, -94450, 2440
36322, -1653, -94484, 2438
36330, -1656, -94530, 2434
36339, -1658, -94566, 2434
36348, -1661, -94611, 2429
36356, -1663, -94653, 2429
36365, -1665, -94691, 2427
36373, -1667, -94739, 2425
36381, -1669, -94773, 2423
36390, -1671, -94818, 2418
36398, -1673, -94854, 2418
36406, -1676, -94895, 2415
36415, -1678, -94942, 2412
36424, -1681, -94977, 2410
36432, -1683, -95024, 2408
36440, -1685, -95056, 2407
36448, -1688, -95097, 2403
36457, -1689, -95132, 2404
36465, -1691, -95166, 2402
36473, -1693, -95208, 2399
36482, -1694, -95239, 2398
36490, -1696, -95279, 2395
36498, -1698, -95309, 2394
36507, -1700, -95342, 2391
36515, -1702, -95380, 2389
36523, -1704, -95411, 2389
36532, -1706, -95456, 2386
36540, -1708, -95490, 2385
36548, -1710, -95532, 2381
36557, -1711, -95569, 2381
36565, -1714, -95603, 2377
36573, -1715, -95647, 2377
36582, -1717, -95679, 2376
36590, -1719, -95727, 2372
36599, -1721, -95763, 2373
36607, -1722, -95808, 2368
36617, -1724, -95846, 2368
36627, -1726, -95883, 2365
36636, -1728, -95918, 2364
36644, -1730, -95949, 2361
36652, -1732, -95989, 2360
36661, -1734, -96020, 2359
36670, -1735, -96059, 2357
36678, -1737, -96089, 2356
36687, -1739, -96122, 2352
36695, -1740, -96156, 2353
36704, -1742, -96186, 2350
36712, -1744, -96228, 2349
36721, -1745, -96261, 2349
36730, -1746, -96301, 2346
36739, -1748, -96330, 2345
36747, -1749, -96362, 2343
36755, -1751, -96394, 2342
36764, -1752, -96420, 2341
36772, -1754, -96460, 2339
36781, -1755, -96488, 2337
36790, -1757, -96525, 2336
36799, -1758, -96553, 2336
36807, -1759, -96582, 2333
36815, -1761, -96610, 2333
36824, -1762, -96633, 2331
36832, -1763, -96662, 2330
36840, -1764, -96684, 2329
36848, -1766, -96715, 2326
36857, -1767, -96741, 2327
36865, -1768, -96767, 2326
36873, -1769, -96797, 2325
36882, -1770, -96819, 2323
36890, -1771, -96846, 2321
36898, -1772, -96869, 2321
36907, -1773, -96889, 2321
36915, -1775, -96919, 2318
36923, -1776, -96942, 2319
36931, -1776, -96966, 2317
36940, -1778, -97007, 2314
36948, -1779, -97038, 2314
36957, -1780, -97065, 2314
36965, -1782, -97106, 2310
36973, -1783, -97136, 2310
36982, -1784, -97158, 2309
36990, -1786, -97187, 2307
36998, -1788, -97233, 2304
37006, -1789, -97263, 2304
37015, -1790, -97285, 2303
37023, -1792, -97311, 2302
37031, -1793, -97350, 2298
37040, -1794, -97380, 2302
37048, -1795, -97400, 2300
37056, -1795, -97415, 2299
37064, -1796, -97430, 2299
37073, -1796, -97456, 2297
37081, -1798, -97498, 2295
37089, -1799, -97523, 2295
37098, -1799, -97540, 2295
37106, -1800, -97552, 2294
37114, -1801, -97564, 2295
37123, -1801, -97581, 2293
37131, -1802, -97606, 2292
37139, -1803, -97640, 2290
37148, -1804, -97664, 2290
37156, -1805, -97679, 2290
37165, -1805, -97689, 2289
37174, -1806, -97696, 2290
37183, -1806, -97701, 2289
37192, -1806, -97706, 2288
37200, -1807, -97713, 2288
37209, -1807, -97726, 2288
37218, -1808, -97746, 2287
37227, -1809, -97771, 2283
37235, -1809, -97799, 2285
37243, -1810, -97826, 2283
37252, -1811, -97841, 2283
37261, -1812, -97848, 2284
37269, -1812, -97854, 2283
37278, -1812, -97857, 2285
37287, -1812, -97860, 2285
37295, -1812, -97861, 2283
37304, -1812, -97862, 2284
37313, -1811, -97863, 2284
37322, -1812, -97864, 2284
37331, -1812, -97866, 2283
37339, -1812, -97868, 2284
37348, -1812, -97869, 2284
37357, -1812, -97871, 2285
37365, -1812, -97872, 2284
37374, -1811, -97874, 2284
37382, -1812, -97878, 2283
37391, -1812, -97883, 2282
37400, -1812, -97889, 2283
37409, -1813, -97895, 2282
37417, -1813, -97903, 2282
37426, -1814, -97911, 2281
37434, -1814, -97919, 2282
37443, -1814, -97926, 2281
37451, -1814, -97933, 2281
37460, -1815, -97940, 2280
37469, -1815, -97947, 2281
37479, -1815, -97952, 2281
37487, -1815, -97956, 2280
37496, -1815, -97961, 2281
37504, -1815, -97966, 2281
37514, -1815, -97970, 2281
37522, -1815, -97974, 2278
37531, -1816, -97978, 2279
39549, -1816, -97976, 2279
39558, -1816, -97975, 2279
39567, -1817, -97978, 2280
39576, -1817, -97986, 2278
39584, -1817, -97987, 2279
39593, -1816, -97975, 2280
39602, -1816, -97960, 2281
39611, -1815, -97916, 2285
39619, -1813, -97858, 2287
39627, -1811, -97799, 2290
39636, -1809, -97722, 2292
39644, -1806, -97656, 2295
39653, -1803, -97570, 2299
39661, -1800, -97497, 2301
39671, -1797, -97402, 2308
39680, -1793, -97319, 2308
39690, -1790, -97228, 2314
39700, -1786, -97154, 2315
39709, -1783, -97081, 2319
39717, -1780, -97002, 2322
39725, -1777, -96939, 2324
39734, -1774, -96854, 2330
39742, -1771, -96789, 2329
39751, -1767, -96716, 2337
39759, -1764, -96639, 2336
39769, -1761, -96570, 2341
39777, -1758, -96490, 2343
39786, -1755, -96419, 2346
39796, -1752, -96338, 2351
39804, -1749, -96274, 2354
39813, -1745, -96195, 2359
39822, -1742, -96137, 2360
39830, -1738, -96067, 2364
39839, -1735, -96000, 2366
39847, -1732, -95942, 2369
39855, -1729, -95868, 2373
39864, -1726, -95801, 2375
39873, -1723, -95729, 2380
39882, -1720, -95671, 2382
39891, -1716, -95594, 2388
39901, -1713, -95533, 2388
39909, -1709, -95462, 2394
39919, -1706, -95402, 2395
39927, -1703, -95344, 2398
39936, -1700, -95275, 2403
39944, -1697, -95223, 2405
39953, -1693, -95159, 2410
39961, -1690, -95104, 2410
39970, -1687, -95042, 2416
39979, -1684, -94980, 2417
39987, -1681, -94929, 2420
39995, -1678, -94867, 2425
40003, -1675, -94816, 2425
40012, -1672, -94753, 2433
40020, -1668, -94701, 2435
40028, -1665, -94650, 2437
40037, -1662, -94589, 2440
40045, -1658, -94536, 2442
40054, -1655, -94473, 2449
40062, -1652, -94418, 2450
40072, -1649, -94349, 2454
40082, -1646, -94296, 2455
40091, -1642, -94228, 2461
40100, -1640, -94172, 2460
40110, -1636, -94111, 2469
40119, -1632, -94056, 2471
40128, -1629, -94001, 2473
40137, -1626, -93944, 2477
40145, -1622, -93899, 2478
40154, -1619, -93840, 2485
40162, -1616, -93790, 2485
40171, -1612, -93726, 2491
40181, -1609, -93677, 2493
40190, -1605, -93625, 2497
40199, -1603, -93572, 2498
40207, -1599, -93518, 2502
40216, -1596, -93454, 2506
40226, -1593, -93404, 2508
40236, -1590, -93341, 2512
40246, -1587, -93296, 2515
40254, -1584, -93240, 2519
40263, -1581, -93197, 2521
40271, -1577, -93147, 2526
40280, -1574, -93094, 2527
40289, -1570, -93043, 2533
40298, -1567, -92990, 2534
40307, -1564, -92944, 2538
40316, -1561, -92893, 2540
40325, -1558, -92853, 2543
40333, -1555, -92801, 2547
40342, -1552, -92759, 2549
40350, -1549, -92705, 2554
40360, -1546, -92662, 2556
40368, -1543, -92621, 2559
40377, -1540, -92569, 2561
40385, -1537, -92529, 2565
40393, -1533, -92469, 2570
40403, -1531, -92428, 2570
40412, -1527, -92374, 2575
40421, -1524, -92331, 2577
40430, -1521, -92276, 2580
40439, -1519, -92220, 2582
40449, -1515, -92174, 2587
40458, -1513, -92122, 2589
40467, -1509, -92077, 2593
40476, -1506, -92021, 2598
40485, -1503, -91979, 2598
40493, -1499, -91926, 2604
40501, -1496, -91886, 2605
40510, -1493, -91834, 2609
40519, -1490, -91780, 2610
40528, -1487, -91728, 2615
40538, -1484, -91670, 2619
40547, -1480, -91628, 2623
40556, -1477, -91574, 2625
40564, -1474, -91532, 2628
40572, -1470, -91478, 2635
40581, -1467, -91433, 2633
40589, -1464, -91389, 2638
40597, -1461, -91338, 2641
40606, -1458, -91296, 2641
40614, -1456, -91241, 2647
40622, -1452, -91196, 2649
40631, -1449, -91146, 2654
40639, -1446, -91096, 2655
40649, -1443, -91048, 2660
40658, -1440, -90993, 2660
40666, -1436, -90947, 2667
40675, -1433, -90892, 2670
40684, -1430, -90852, 2671
40692, -1427, -90798, 2676
40700, -1424, -90751, 2676
40709, -1421, -90711, 2679
40717, -1418, -90662, 2684
40726, -1416, -90626, 2684
40734, -1414, -90601, 2687
40742, -1411, -90563, 2690
40751, -1408, -90515, 2691
40760, -1407, -90485, 2692
40771, -1405, -90462, 2692
40779, -1404, -90435, 2695
40788, -1402, -90402, 2699
40796, -1401, -90375, 2697
40805, -1399, -90362, 2699
40813, -1398, -90352, 2699
40821, -1397, -90343, 2700
40830, -1397, -90331, 2700
40838, -1395, -90314, 2703
40846, -1394, -90293, 2705
40855, -1393, -90268, 2706
40863, -1391, -90248, 2707
40871, -1390, -90235, 2706
40879, -1390, -90227, 2706
40888, -1389, -90222, 2706
40897, -1389, -90219, 2706
40905, -1390, -90217, 2706
40913, -1390, -90214, 2705
40922, -1390, -90210, 2706
40930, -1390, -90206, 2706
40938, -1390, -90200, 2706
40947, -1390, -90193, 2707
40955, -1389, -90184, 2708
40963, -1388, -90175, 2709
40972, -1388, -90164, 2709
40981, -1387, -90154, 2709
40989, -1386, -90142, 2711
40999, -1386, -90133, 2712
41007, -1385, -90124, 2712
41015, -1384, -90119, 2712
41024, -1384, -90115, 2713
41032, -1383, -90111, 2712
43051, -1383, -90101, 2713
43060, -1383, -90101, 2713
43069, -1383, -90103, 2714
43078, -1382, -90105, 2715
43087, -1382, -90106, 2714
43095, -1382, -90104, 2712
43104, -1382, -90101, 2713
43112, -1381, -90081, 2719
43120, -1380, -90048, 2720
43129, -1378, -90011, 2723
43137, -1375, -89957, 2727
43146, -1372, -89914, 2730
43155, -1369, -89856, 2734
43164, -1366, -89813, 2735
43172, -1362, -89759, 2740
43181, -1360, -89703, 2740
43189, -1357, -89649, 2746
43199, -1354, -89593, 2748
43208, -1351, -89548, 2751
43216, -1348, -89482, 2755
43225, -1344, -89434, 2758
43234, -1341, -89368, 2763
43244, -1338, -89323, 2763
43252, -1334, -89268, 2767
43260, -1331, -89210, 2770
43269, -1328, -89150, 2773
43279, -1326, -89090, 2777
43288, -1322, -89038, 2779
43297, -1319, -88973, 2784
43306, -1316, -88923, 2785
43314, -1312, -88863, 2792
43323, -1309, -88814, 2791
43331, -1306, -88752, 2796
43340, -1303, -88691, 2798
43349, -1300, -88631, 2801
43358, -1297, -88569, 2806
43367, -1294, -88514, 2808
43376, -1291, -88444, 2812
43385, -1288, -88392, 2813
43394, -1284, -88321, 2819
43403, -1281, -88271, 2819
43412, -1278, -88209, 2824
43420, -1276, -88147, 2825
43429, -1272, -88095, 2829
43437, -1270, -88030, 2833
43445, -1266, -87973, 2835
43455, -1263, -87893, 2840
43464, -1260, -87840, 2841
43473, -1257, -87778, 2846
43481, -1254, -87712, 2847
43490, -1251, -87652, 2850
43499, -1248, -87581, 2853
43508, -1245, -87520, 2856
43517, -1243, -87443, 2859
43526, -1240, -87375, 2862
43536, -1236, -87303, 2867
43544, -1233, -87248, 2867
43553, -1230, -87169, 2872
43562, -1227, -87103, 2874
43571, -1224, -87039, 2878
43579, -1221, -86965, 2881
43588, -1218, -86902, 2883
43597, -1215, -86813, 2888
43607, -1212, -86745, 2889
43616, -1209, -86658, 2893
43625, -1206, -86593, 2894
43634, -1203, -86515, 2901
43642, -1200, -86447, 2900
43650, -1197, -86375, 2905
43659, -1194, -86287, 2906
43668, -1191, -86221, 2910
43677, -1189, -86129, 2914
43686, -1186, -86058, 2915
43694, -1182, -85970, 2922
43703, -1179, -85896, 2921
43711, -1176, -85819, 2924
43719, -1174, -85729, 2928
43728, -1171, -85651, 2930
43737, -1168, -85549, 2935
43746, -1165, -85473, 2936
43755, -1162, -85369, 2941
43764, -1159, -85289, 2943
43773, -1155, -85192, 2948
43781, -1152, -85099, 2949
43790, -1149, -85016, 2952
43798, -1146, -84911, 2955
43807, -1144, -84829, 2956
43815, -1141, -84727, 2963
43824, -1138, -84642, 2963
43832, -1135, -84544, 2968
43841, -1132, -84453, 2969
43850, -1128, -84365, 2973
43858, -1126, -84265, 2974
43867, -1123, -84189, 2980
43875, -1120, -84087, 2984
43884, -1117, -84003, 2984
43892, -1113, -83911, 2989
43901, -1110, -83819, 2990
43909, -1108, -83738, 2992
43918, -1105, -83642, 2996
43926, -1102, -83556, 2999
43936, -1100, -83458, 3003
43945, -1096, -83371, 3006
43955, -1093, -83265, 3011
43964, -1090, -83193, 3011
43973, -1086, -83107, 3018
43981, -1083, -83024, 3018
43989, -1080, -82951, 3020
43998, -1077, -82859, 3025
44007, -1074, -82785, 3025
44016, -1072, -82695, 3031
44024, -1069, -82623, 3032
44033, -1065, -82521, 3038
44043, -1063, -82449, 3039
44052, -1059, -82372, 3043
44060, -1056, -82289, 3046
44069, -1053, -82210, 3047
44078, -1050, -82124, 3051
44087, -1047, -82052, 3054
44096, -1044, -81970, 3060
44104, -1041, -81904, 3059
44113, -1038, -81827, 3065
44121, -1035, -81753, 3066
44129, -1032, -81686, 3069
44138, -1029, -81606, 3072
44146, -1026, -81533, 3075
44155, -1023, -81452, 3080
44164, -1020, -81386, 3081
44173, -1017, -81309, 3087
44181, -1014, -81237, 3086
44189, -1011, -81172, 3090
44198, -1008, -81084, 3094
44208, -1005, -81021, 3094
44216, -1003, -80939, 3100
44225, -1000, -80869, 3102
44235, -996, -80780, 3107
44244, -993, -80717, 3108
44252, -990, -80655, 3113
44261, -987, -80586, 3114
44269, -984, -80535, 3115
44278, -982, -80482, 3117
44286, -980, -80419, 3121
44295, -978, -80377, 3121
44303, -976, -80346, 3122
44311, -975, -80306, 3124
44320, -973, -80253, 3127
44329, -971, -80215, 3128
44338, -970, -80188, 3127
44347, -969, -80164, 3128
44355, -968, -80135, 3130
44364, -966, -80099, 3133
44373, -965, -80061, 3134
44382, -964, -80039, 3134
44391, -962, -80024, 3135
44400, -961, -80013, 3136
44408, -961, -80003, 3134
44417, -960, -79990, 3138
44425, -960, -79973, 3135
44434, -959, -79951, 3138
44444, -959, -79924, 3139
44454, -957, -79897, 3141
44463, -957, -79877, 3141
44472, -956, -79868, 3141
44481, -955, -79863, 3141
44490, -955, -79858, 3140
44498, -955, -79856, 3140
44507, -955, -79853, 3140
44516, -955, -79851, 3141
44525, -956, -79849, 3139
44533, -955, -79847, 3141
44542, -955, -79844, 3140
44551, -955, -79839, 3142
44559, -955, -79834, 3142
44568, -954, -79828, 3143
44577, -954, -79820, 3142
44586, -953, -79812, 3144
44595, -953, -79803, 3144
44605, -952, -79796, 3143
44613, -952, -79789, 3143
44623, -952, -79782, 3145
44632, -952, -79776, 3144
44640, -952, -79771, 3145
44649, -951, -79766, 3144
44657, -951, -79761, 3145
44666, -951, -79756, 3145
44675, -951, -79751, 3145
44683, -951, -79747, 3146
44692, -950, -79743, 3145
46711, -950, -79732, 3146
46720, -950, -79732, 3144
46729, -950, -79737, 3145
46737, -951, -79748, 3145
46746, -950, -79752, 3147
46755, -950, -79745, 3147
46764, -949, -79735, 3147
46774, -948, -79702, 3151
46782, -947, -79661, 3151
46790, -945, -79612, 3156
46799, -943, -79548, 3158
46808, -940, -79493, 3161
46816, -937, -79420, 3166
46824, -934, -79364, 3167
46833, -931, -79296, 3171
46841, -928, -79231, 3172
46849, -925, -79171, 3177
46858, -922, -79100, 3180
46866, -920, -79045, 3180
46874, -917, -78971, 3185
46883, -914, -78904, 3187
46892, -911, -78836, 3192
46900, -908, -78769, 3192
46909, -905, -78705, 3197
46918, -902, -78632, 3200
46926, -899, -78576, 3200
46934, -897, -78503, 3206
46943, -894, -78443, 3207
46951, -891, -78380, 3212
46959, -888, -78313, 3214
46968, -885, -78256, 3216
46976, -882, -78180, 3220
46984, -879, -78117, 3223
46994, -876, -78039, 3226
47003, -873, -77978, 3229
47011, -869, -77912, 3233
47019, -866, -77836, 3236
47029, -863, -77777, 3238
47037, -860, -77703, 3240
47046, -857, -77645, 3244
47054, -855, -77570, 3247
47063, -852, -77508, 3249
47071, -849, -77437, 3253
47080, -846, -77367, 3256
47089, -843, -77306, 3257
47098, -840, -77229, 3261
47106, -837, -77166, 3265
47115, -834, -77089, 3268
47124, -831, -77021, 3270
47134, -827, -76934, 3277
47143, -824, -76869, 3277
47152, -821, -76802, 3280
47160, -818, -76733, 3282
47168, -815, -76672, 3286
47177, -813, -76595, 3290
47186, -810, -76533, 3292
47195, -806, -76458, 3298
47203, -803, -76395, 3298
47212, -800, -76324, 3301
47221, -797, -76251, 3303
47229, -794, -76183, 3308
47238, -791, -76105, 3311
47247, -789, -76045, 3312
47255, -785, -75966, 3317
47263, -782, -75903, 3319
47272, -779, -75833, 3324
47280, -776, -75761, 3324
47288, -773, -75698, 3328
47297, -770, -75617, 3331
47305, -768, -75554, 3333
47314, -765, -75474, 3337
47322, -762, -75401, 3339
47331, -759, -75328, 3343
47340, -756, -75244, 3346
47349, -753, -75171, 3348
47358, -750, -75084, 3351
47367, -747, -75017, 3355
47376, -744, -74932, 3359
47384, -741, -74865, 3360
47392, -738, -74787, 3365
47401, -735, -74702, 3365
47410, -732, -74628, 3371
47419, -729, -74542, 3372
47427, -726, -74472, 3376
47436, -723, -74383, 3380
47444, -720, -74310, 3379
47453, -717, -74209, 3386
47463, -714, -74124, 3386
47473, -711, -74026, 3393
47482, -708, -73950, 3393
47491, -704, -73872, 3399
47499, -701, -73783, 3400
47507, -698, -73710, 3402
47516, -696, -73613, 3406
47524, -693, -73535, 3408
47533, -690, -73432, 3413
47543, -687, -73346, 3415
47552, -683, -73249, 3420
47561, -680, -73152, 3422
47570, -677, -73066, 3423
47579, -674, -72968, 3428
47588, -671, -72882, 3431
47597, -668, -72776, 3435
47605, -665, -72690, 3436
47614, -662, -72581, 3440
47624, -659, -72483, 3443
47633, -655, -72370, 3449
47642, -652, -72277, 3449
47651, -649, -72183, 3454
47659, -645, -72075, 3456
47668, -642, -71985, 3458
47677, -640, -71869, 3461
47686, -637, -71776, 3463
47695, -634, -71644, 3469
47704, -631, -71548, 3471
47713, -628, -71437, 3476
47722, -624, -71330, 3477
47730, -621, -71227, 3479
47739, -618, -71093, 3483
47749, -616, -70994, 3484
47757, -613, -70865, 3490
47766, -611, -70765, 3489
47774, -607, -70632, 3495
47784, -605, -70507, 3497
47793, -601, -70375, 3504
47802, -598, -70254, 3501
47811, -595, -70127, 3508
47820, -592, -69995, 3510
47829, -588, -69887, 3513
47837, -586, -69743, 3516
47846, -582, -69633, 3519
47854, -579, -69487, 3524
47863, -576, -69364, 3524
47872, -573, -69221, 3529
47880, -570, -69083, 3530
47889, -568, -68964, 3533
47897, -565, -68807, 3537
47905, -562, -68688, 3539
47914, -559, -68543, 3542
47922, -556, -68408, 3545
47930, -554, -68310, 3545
47939, -551, -68182, 3550
47947, -549, -68062, 3551
47956, -547, -67983, 3551
47964, -545, -67895, 3554
47973, -543, -67776, 3556
47982, -542, -67695, 3557
47991, -540, -67638, 3558
48000, -538, -67583, 3561
48008, -537, -67515, 3562
48017, -535, -67430, 3564
48025, -534, -67372, 3564
48034, -533, -67334, 3563
48042, -532, -67306, 3564
48051, -532, -67279, 3564
48059, -531, -67243, 3566
48068, -531, -67197, 3566
48077, -530, -67135, 3570
48085, -528, -67086, 3570
48094, -527, -67056, 3570
48102, -526, -67035, 3570
48112, -526, -67021, 3570
48121, -526, -67010, 3569
48130, -526, -66997, 3570
48140, -526, -66980, 3571
48150, -525, -66962, 3572
48158, -525, -66938, 3573
48167, -524, -66910, 3574
48175, -523, -66876, 3575
48184, -522, -66839, 3576
48192, -521, -66802, 3577
48201, -520, -66781, 3575
48210, -520, -66769, 3575
48219, -520, -66762, 3576
48228, -520, -66758, 3575
48237, -520, -66755, 3575
48246, -520, -66753, 3576
48255, -520, -66751, 3576
48263, -520, -66751, 3576
48272, -520, -66750, 3576
48280, -520, -66749, 3576
48288, -520, -66748, 3576
48297, -520, -66747, 3575
48306, -520, -66745, 3577
48315, -520, -66743, 3576
48324, -520, -66741, 3576
48333, -520, -66739, 3576
48342, -519, -66736, 3576
48351, -520, -66733, 3576
48359, -520, -66731, 3576
48368, -519, -66727, 3577
48377, -519, -66723, 3577
48385, -519, -66719, 3578
48394, -519, -66715, 3576
48402, -519, -66711, 3577
48411, -519, -66707, 3577
48420, -519, -66702, 3577
48429, -519, -66697, 3576
48437, -519, -66691, 3576
48447, -519, -66686, 3579
48456, -518, -66680, 3578
48464, -518, -66674, 3579
48473, -518, -66669, 3578
48482, -517, -66664, 3578
50501, -517, -66633, 3580
50510, -517, -66633, 3579
50519, -517, -66642, 3579
50528, -517, -66659, 3577
50538, -517, -66666, 3579
50546, -517, -66657, 3580
50556, -517, -66643, 3579
50564, -516, -66609, 3581
50572, -515, -66566, 3583
50581, -514, -66503, 3586
50589, -512, -66402, 3590
50598, -509, -66319, 3591
50607, -507, -66202, 3595
50616, -504, -66117, 3596
50624, -501, -66013, 3600
50632, -499, -65910, 3601
50641, -496, -65820, 3605
50649, -494, -65717, 3608
50658, -491, -65636, 3610
50666, -488, -65529, 3614
50675, -485, -65448, 3615
50683, -482, -65352, 3620
50692, -480, -65262, 3621
50701, -477, -65170, 3624
50710, -474, -65071, 3626
50719, -472, -64983, 3629
50728, -469, -64882, 3633
50737, -466, -64798, 3635
50747, -463, -64693, 3640
50756, -460, -64618, 3642
50765, -457, -64528, 3645
50774, -454, -64454, 3646
50782, -451, -64373, 3650
50791, -449, -64287, 3652
50800, -446, -64210, 3656
50809, -444, -64125, 3656
50818, -441, -64060, 3660
50826, -438, -63976, 3665
50835, -435, -63910, 3664
50843, -433, -63831, 3669
50852, -430, -63751, 3672
50861, -427, -63677, 3674
50870, -425, -63595, 3676
50879, -422, -63531, 3679
50888, -419, -63450, 3684
50896, -416, -63390, 3684
50905, -413, -63314, 3689
50913, -410, -63247, 3690
50922, -407, -63178, 3694
50930, -405, -63097, 3696
50940, -402, -63035, 3698
50948, -399, -62959, 3704
50957, -396, -62901, 3705
50965, -393, -62827, 3709
50974, -390, -62766, 3710
50982, -387, -62702, 3714
50991, -385, -62636, 3716
50999, -382, -62581, 3719
51007, -379, -62508, 3723
51015, -377, -62451, 3722
51024, -374, -62382, 3728
51033, -371, -62321, 3729
51041, -369, -62259, 3733
51050, -366, -62181, 3735
51059, -363, -62124, 3739
51068, -360, -62055, 3742
51076, -357, -62002, 3744
51085, -354, -61934, 3749
51093, -351, -61876, 3750
51101, -348, -61819, 3753
51109, -345, -61752, 3755
51118, -343, -61700, 3757
51126, -340, -61632, 3761
51134, -338, -61578, 3763
51143, -335, -61515, 3767
51152, -332, -61454, 3768
51160, -329, -61399, 3772
51169, -327, -61329, 3775
51179, -324, -61270, 3777
51188, -321, -61201, 3782
51197, -318, -61147, 3784
51206, -315, -61082, 3787
51214, -312, -61031, 3790
51223, -308, -60970, 3795
51232, -305, -60914, 3795
51240, -302, -60860, 3799
51249, -300, -60794, 3801
51258, -297, -60743, 3804
51267, -294, -60671, 3807
51276, -292, -60617, 3809
51286, -288, -60554, 3817
51294, -285, -60500, 3815
51304, -282, -60441, 3821
51312, -279, -60388, 3822
51320, -276, -60337, 3825
51329, -273, -60279, 3828
51337, -271, -60234, 3829
51346, -268, -60177, 3834
51354, -265, -60130, 3835
51362, -262, -60077, 3840
51371, -260, -60023, 3842
51379, -257, -59978, 3843
51388, -254, -59919, 3847
51396, -251, -59874, 3849
51404, -249, -59816, 3853
51413, -246, -59767, 3854
51421, -243, -59714, 3858
51430, -241, -59657, 3861
51438, -238, -59611, 3863
51447, -235, -59549, 3867
51455, -232, -59504, 3868
51464, -229, -59439, 3874
51473, -227, -59387, 3873
51483, -224, -59332, 3878
51491, -221, -59277, 3881
51499, -218, -59227, 3884
51508, -215, -59169, 3888
51517, -212, -59124, 3889
51525, -208, -59062, 3894
51534, -205, -59013, 3896
51542, -202, -58963, 3899
51551, -200, -58906, 3901
51560, -197, -58858, 3904
51568, -194, -58794, 3907
51577, -192, -58747, 3908
51586, -189, -58686, 3914
51594, -186, -58635, 3914
51603, -183, -58578, 3920
51612, -180, -58517, 3921
51621, -177, -58466, 3925
51630, -174, -58404, 3926
51639, -171, -58358, 3930
51648, -168, -58295, 3935
51656, -165, -58248, 3937
51665, -162, -58190, 3941
51673, -159, -58138, 3941
51682, -156, -58083, 3945
51691, -154, -58022, 3946
51700, -151, -57970, 3951
51709, -149, -57910, 3952
51717, -146, -57861, 3955
51726, -143, -57795, 3959
51735, -140, -57742, 3961
51744, -137, -57681, 3967
51753, -134, -57630, 3968
51762, -130, -57578, 3972
51770, -127, -57517, 3975
51778, -124, -57473, 3976
51787, -122, -57420, 3979
51795, -119, -57372, 3983
51804, -117, -57339, 3981
51813, -115, -57295, 3985
51821, -113, -57244, 3987
51829, -111, -57210, 3987
51838, -110, -57183, 3989
51847, -108, -57149, 3991
51856, -106, -57109, 3993
51864, -105, -57086, 3994
51873, -103, -57072, 3994
51881, -102, -57057, 3995
51889, -101, -57035, 3996
51898, -100, -57002, 3999
51906, -99, -56966, 4001
51914, -97, -56942, 4001
51923, -96, -56926, 4001
51931, -95, -56915, 4000
51940, -95, -56908, 4001
51948, -95, -56900, 4001
51957, -94, -56889, 4003
51965, -94, -56877, 4003
51974, -93, -56863, 4004
51983, -92, -56845, 4006
51991, -91, -56830, 4005
51999, -91, -56816, 4007
52008, -90, -56807, 4005
52016, -90, -56801, 4007
52024, -90, -56797, 4006
52033, -89, -56795, 4008
52042, -89, -56793, 4007
52050, -89, -56792, 4007
52059, -89, -56791, 4007
52067, -89, -56789, 4006
52075, -89, -56787, 4007
52084, -89, -56784, 4007
52092, -89, -56780, 4005
52100, -89, -56776, 4009
52109, -88, -56771, 4008
52117, -88, -56764, 4008
52125, -88, -56756, 4008
52134, -87, -56747, 4010
52142, -87, -56738, 4010
52151, -86, -56729, 4010
52159, -86, -56720, 4011
52168, -85, -56710, 4012
52178, -85, -56703, 4011
52187, -84, -56696, 4012
54207, -84, -56687, 4010
54215, -84, -56687, 4011
54224, -84, -56692, 4012
54232, -84, -56708, 4011
54241, -85, -56716, 4011
54249, -84, -56710, 4011
54258, -84, -56698, 4011
54267, -84, -56666, 4015
54276, -83, -56626, 4017
54284, -81, -56584, 4021
54293, -78, -56521, 4024
54301, -75, -56471, 4026
54310, -72, -56409, 4031
54318, -69, -56359, 4031
54327, -66, -56298, 4037
54335, -63, -56236, 4037
54344, -60, -56183, 4041
54353, -57, -56116, 4045
54361, -54, -56057, 4047
54371, -51, -55981, 4051
54380, -48, -55926, 4052
54388, -45, -55859, 4057
54397, -43, -55800, 4057
54406, -40, -55734, 4062
54415, -37, -55666, 4065
54423, -34, -55605, 4068
54432, -31, -55519, 4071
54442, -28, -55445, 4074
54452, -24, -55372, 4078
54461, -22, -55316, 4079
54469, -19, -55240, 4083
54477, -16, -55175, 4085
54486, -13, -55097, 4089
54496, -10, -55016, 4091
54506, -7, -54941, 4095
54515, -43, -54869, 2
54523, -1, -54806, 5
54531, 1, -54721, 8
54540, -24, -54656, 10
54549, -20, -54572, 16
54557, -18, -54498, 16
54566, -16, -54425, 18
54574, -13, -54345, 23
54583, -11, -54277, 24
54591, -8, -54188, 30
54600, 2, -54120, 29
54608, -2, -54036, 35
54616, -1, -53955, 36
54625, 3, -53881, 40
54633, 5, -53782, 42
54642, 7, -53701, 44
54651, 10, -53601, 49
54660, 13, -53514, 51
54670, 15, -53414, 53
54678, 18, -53332, 55
54687, 21, -53228, 62
54696, 23, -53139, 63
54705, 27, -53056, 67
54713, 29, -52953, 69
54721, 32, -52873, 71
54729, 35, -52767, 75
54738, 37, -52677, 76
54746, 39, -52582, 80
54754, 43, -52477, 83
54763, 45, -52375, 85
54772, 47, -52258, 89
54781, 50, -52163, 91
54790, 53, -52031, 96
54800, 55, -51936, 96
54808, 58, -51809, 102
54818, 61, -51715, 103
54826, 65, -51617, 109
54835, 66, -51509, 109
54843, 70, -51421, 112
54851, 72, -51308, 116
54860, 75, -51221, 116
54868, 78, -51119, 122
54876, 80, -51023, 124
54885, 83, -50933, 127
54893, 85, -50820, 130
54903, 89, -50731, 132
54912, 92, -50624, 138
54921, 95, -50543, 138
54929, 97, -50440, 144
54938, 108, -50358, 143
54946, 103, -50269, 148
54955, 105, -50177, 151
54963, 107, -50097, 153
54971, 110, -50001, 157
54980, 113, -49912, 159
54990, 116, -49805, 164
54999, 118, -49726, 164
55008, 121, -49637, 169
55016, 124, -49554, 171
55025, 127, -49475, 174
55033, 130, -49381, 177
55042, 132, -49306, 179
55051, 135, -49214, 185
55059, 138, -49142, 185
55067, 140, -49055, 188
55076, 143, -48974, 190
55085, 145, -48897, 194
55094, 147, -48805, 196
55102, 150, -48734, 201
55111, 153, -48646, 203
55119, 156, -48576, 205
55128, 158, -48494, 209
55136, 161, -48418, 209
55144, 164, -48347, 214
55153, 166, -48264, 217
55161, 169, -48198, 219
55169, 171, -48117, 223
55177, 174, -48048, 226
55186, 177, -47975, 229
55194, 180, -47895, 231
55202, 183, -47829, 234
55211, 185, -47743, 237
55219, 188, -47678, 238
55228, 190, -47601, 244
55236, 193, -47529, 246
55244, 196, -47453, 248
55254, 199, -47365, 251
55263, 201, -47297, 254
55272, 204, -47217, 258
55280, 207, -47154, 260
55289, 210, -47075, 265
55297, 213, -47006, 266
55305, 215, -46933, 269
55314, 218, -46857, 272
55323, 221, -46788, 275
55332, 224, -46706, 278
55340, 226, -46640, 280
55349, 229, -46561, 284
55358, 232, -46495, 287
55366, 235, -46424, 290
55375, 237, -46347, 291
55383, 240, -46279, 295
55392, 243, -46201, 298
55400, 246, -46139, 302
55409, 248, -46065, 306
55417, 252, -45994, 306
55426, 254, -45925, 311
55434, 257, -45850, 313
55443, 260, -45786, 315
55451, 262, -45708, 319
55460, 265, -45646, 320
55468, 268, -45573, 326
55477, 271, -45506, 327
55485, 273, -45441, 329
55493, 276, -45363, 333
55502, 279, -45302, 335
55510, 281, -45214, 340
55520, 284, -45151, 342
55529, 287, -45077, 347
55537, 290, -45009, 347
55546, 293, -44932, 351
55555, 296, -44857, 355
55564, 299, -44787, 357
55573, 302, -44706, 361
55582, 305, -44647, 362
55590, 308, -44575, 366
55599, 309, -44512, 367
55607, 312, -44461, 371
55616, 314, -44396, 373
55624, 317, -44336, 374
55634, 319, -44296, 375
55642, 321, -44250, 378
55651, 323, -44183, 381
55661, 325, -44143, 382
55669, 326, -44116, 383
55678, 328, -44087, 383
55686, 330, -44047, 386
55695, 331, -44003, 388
55704, 339, -43974, 387
55713, 333, -43954, 387
55721, 334, -43941, 388
55729, 334, -43926, 389
55738, 335, -43908, 389
55746, 335, -43885, 391
55755, 336, -43859, 392
55764, 338, -43830, 395
55772, 339, -43803, 395
55781, 340, -43786, 395
55790, 340, -43779, 395
55799, 348, -43775, 394
57817, 340, -43759, 395
57826, 340, -43758, 395
57835, 348, -43762, 393
57844, 340, -43781, 393
57854, 340, -43787, 394
57862, 340, -43779, 394
57872, 340, -43764, 396
57881, 341, -43703, 401
57890, 343, -43649, 402
57898, 346, -43587, 408
57906, 349, -43523, 411
57915, 353, -43460, 413
57923, 356, -43381, 417
57932, 359, -43321, 417
57941, 362, -43229, 424
57950, 371, -43163, 423
57958, 366, -43078, 428
57968, 369, -43003, 430
57978, 373, -42926, 436
57986, 375, -42850, 437
57995, 379, -42776, 439
58004, 381, -42692, 441
58013, 383, -42624, 446
58021, 386, -42545, 449
58030, 388, -42473, 449
58039, 392, -42383, 456
58048, 395, -42310, 457
58056, 398, -42239, 460
58065, 400, -42149, 464
58074, 403, -42076, 466
58083, 406, -41986, 471
58092, 409, -41915, 472
58100, 413, -41828, 477
58109, 415, -41756, 477
58117, 419, -41674, 484
58126, 422, -41590, 485
58134, 423, -41519, 486
58143, 426, -41424, 491
58152, 429, -41341, 493
58161, 432, -41240, 498
58171, 435, -41165, 500
58179, 439, -41071, 504
58188, 442, -40992, 507
58197, 445, -40910, 510
58206, 448, -40816, 513
58214, 452, -40740, 516
58222, 455, -40643, 520
58231, 457, -40566, 520
58239, 461, -40472, 526
58248, 463, -40384, 527
58257, 466, -40298, 530
58265, 468, -40203, 533
58274, 471, -40120, 535
58282, 474, -40020, 540
58291, 476, -39941, 541
58299, 480, -39839, 546
58308, 483, -39751, 548
58316, 486, -39663, 550
58325, 488, -39559, 554
58333, 491, -39480, 555
58341, 494, -39371, 561
58350, 496, -39285, 562
58358, 499, -39188, 567
58366, 502, -39084, 567
58375, 505, -38994, 570
58383, 508, -38876, 576
58392, 511, -38783, 578
58401, 514, -38658, 581
58410, 517, -38562, 582
58419, 521, -38451, 589
58427, 523, -38343, 589
58436, 526, -38244, 592
58444, 529, -38124, 596
58452, 532, -38028, 598
58461, 534, -37893, 602
58470, 537, -37779, 603
58480, 540, -37651, 609
58489, 543, -37539, 611
58497, 546, -37418, 614
58506, 550, -37290, 618
58515, 553, -37180, 620
58523, 556, -37033, 624
58532, 559, -36919, 625
58541, 562, -36778, 630
58550, 565, -36661, 632
58558, 568, -36530, 636
58567, 571, -36401, 639
58575, 574, -36281, 640
58583, 577, -36129, 645
58592, 580, -35998, 647
58601, 583, -35843, 651
58609, 586, -35701, 653
58619, 588, -35553, 657
58628, 591, -35421, 658
58636, 594, -35296, 662
58644, 597, -35149, 666
58653, 600, -35033, 668
58661, 603, -34890, 672
58670, 606, -34775, 674
58678, 609, -34644, 677
58687, 612, -34519, 679
58695, 615, -34411, 683
58703, 618, -34281, 687
58711, 620, -34178, 687
58719, 623, -34058, 693
58728, 626, -33947, 694
58736, 629, -33844, 697
58744, 631, -33721, 699
58753, 634, -33621, 703
58761, 637, -33502, 708
58770, 640, -33404, 708
58779, 643, -33287, 713
58788, 646, -33175, 715
58797, 649, -33079, 719
58805, 652, -32975, 722
58813, 655, -32890, 724
58822, 659, -32782, 731
58830, 667, -32693, 729
58839, 665, -32589, 736
58848, 668, -32491, 737
58857, 671, -32394, 741
58866, 674, -32298, 744
58874, 676, -32217, 745
58883, 679, -32116, 750
58892, 682, -32035, 753
58900, 685, -31943, 756
58908, 688, -31862, 757
58917, 691, -31775, 761
58926, 694, -31686, 763
58935, 697, -31610, 768
58943, 700, -31520, 771
58952, 703, -31450, 773
58960, 706, -31359, 778
58969, 709, -31276, 779
58978, 712, -31193, 783
58987, 715, -31116, 786
58996, 719, -31045, 789
59004, 722, -30963, 793
59012, 725, -30898, 794
59021, 728, -30813, 800
59030, 731, -30746, 801
59038, 734, -30671, 805
59047, 737, -30598, 806
59055, 739, -30537, 808
59063, 741, -30463, 814
59072, 749, -30406, 813
59081, 746, -30358, 816
59089, 749, -30297, 820
59097, 752, -30243, 822
59106, 758, -30206, 821
59114, 755, -30170, 824
59122, 757, -30124, 826
59132, 759, -30078, 829
59140, 760, -30049, 829
59149, 762, -30024, 829
59158, 763, -29997, 831
59166, 765, -29964, 832
59175, 766, -29926, 835
59184, 767, -29896, 835
59192, 768, -29877, 836
59200, 769, -29865, 836
59209, 770, -29855, 836
59218, 771, -29845, 837
59226, 771, -29833, 837
59234, 771, -29819, 838
59243, 772, -29804, 838
59251, 772, -29782, 838
59260, 773, -29759, 841
59269, 774, -29735, 843
59277, 780, -29718, 842
59285, 781, -29708, 841
61304, 777, -29692, 843
61312, 777, -29692, 843
61321, 777, -29696, 844
61330, 782, -29713, 842
61338, 782, -29724, 841
61347, 777, -29719, 844
61355, 778, -29704, 844
61363, 779, -29671, 849
61372, 779, -29621, 851
61380, 782, -29576, 853
61389, 785, -29509, 858
61397, 788, -29458, 859
61405, 791, -29397, 864
61414, 793, -29339, 864
61422, 796, -29282, 868
61430, 799, -29215, 872
61438, 802, -29165, 874
61447, 806, -29098, 878
61455, 809, -29038, 880
61464, 812, -28968, 884
61474, 815, -28908, 887
61482, 818, -28854, 890
61491, 821, -28786, 893
61499, 825, -28733, 897
61508, 828, -28668, 900
61516, 831, -28617, 902
61525, 834, -28557, 907
61533, 837, -28498, 908
61542, 840, -28445, 912
61550, 843, -28378, 913
61559, 846, -28328, 918
61568, 849, -28262, 922
61576, 852, -28211, 923
61585, 855, -28154, 928
61593, 859, -28098, 930
61602, 862, -28046, 935
61610, 865, -27982, 937
61619, 868, -27932, 939
61627, 872, -27873, 944
61636, 875, -27824, 946
61644, 878, -27759, 951
61654, 881, -27702, 952
61662, 885, -27652, 957
61671, 888, -27594, 960
61679, 891, -27545, 961
61688, 894, -27476, 966
61698, 897, -27429, 967
61706, 900, -27374, 973
61715, 903, -27324, 974
61724, 906, -27271, 978
61732, 909, -27215, 980
61741, 913, -27170, 984
61749, 916, -27115, 987
61757, 920, -27070, 991
61766, 923, -27005, 994
61775, 926, -26953, 996
61784, 929, -26902, 1001
61792, 933, -26850, 1003
61801, 936, -26804, 1006
61809, 939, -26745, 1009
61817, 942, -26698, 1011
61826, 945, -26644, 1016
61834, 947, -26596, 1017
61842, 950, -26550, 1020
61851, 953, -26490, 1025
61859, 957, -26439, 1028
61868, 960, -26381, 1031
61877, 964, -26336, 1032
61885, 967, -26280, 1038
61894, 970, -26228, 1039
61902, 973, -26169, 1043
61912, 976, -26115, 1046
61921, 980, -26070, 1051
61929, 983, -26009, 1053
61938, 986, -25956, 1056
61947, 990, -25897, 1061
61956, 993, -25851, 1062
61964, 996, -25800, 1067
61972, 999, -25745, 1068
61981, 1002, -25697, 1071
61989, 1005, -25639, 1075
61998, 1008, -25591, 1076
62007, 1012, -25525, 1083
62017, 1016, -25475, 1085
62026, 1019, -25418, 1089
62034, 1022, -25367, 1091
62043, 1026, -25318, 1095
62052, 1029, -25259, 1099
62060, 1033, -25212, 1102
62068, 1036, -25155, 1105
62077, 1039, -25111, 1105
62085, 1042, -25057, 1111
62094, 1045, -24999, 1112
62103, 1048, -24947, 1118
62112, 1051, -24890, 1120
62120, 1055, -24843, 1124
62129, 1058, -24786, 1128
62137, 1062, -24734, 1129
62147, 1066, -24666, 1135
62157, 1069, -24615, 1135
62165, 1072, -24562, 1142
62174, 1075, -24510, 1142
62183, 1079, -24457, 1148
62191, 1082, -24398, 1150
62199, 1085, -24352, 1152
62208, 1088, -24288, 1157
62217, 1093, -24239, 1159
62226, 1096, -24180, 1164
62234, 1099, -24125, 1164
62243, 1102, -24065, 1170
62252, 1105, -24008, 1171
62261, 1109, -23957, 1176
62269, 1111, -23889, 1178
62278, 1115, -23839, 1181
62287, 1119, -23779, 1187
62295, 1123, -23727, 1188
62304, 1126, -23669, 1192
62312, 1129, -23604, 1194
62321, 1132, -23547, 1197
62330, 1135, -23481, 1200
62339, 1138, -23424, 1204
62348, 1143, -23354, 1210
62357, 1146, -23299, 1211
62366, 1150, -23229, 1217
62375, 1154, -23166, 1219
62385, 1158, -23101, 1222
62393, 1161, -23042, 1225
62402, 1165, -22987, 1228
62410, 1168, -22915, 1233
62418, 1171, -22860, 1234
62427, 1174, -22797, 1237
62435, 1178, -22737, 1239
62444, 1180, -22686, 1240
62453, 1183, -22627, 1246
62462, 1185, -22566, 1246
62472, 1187, -22531, 1248
62480, 1190, -22498, 1251
62489, 1192, -22455, 1252
62497, 1194, -22408, 1255
62505, 1200, -22377, 1254
62514, 1201, -22356, 1253
62522, 1198, -22337, 1255
62531, 1199, -22319, 1256
62540, 1200, -22295, 1259
62549, 1201, -22265, 1260
62558, 1203, -22232, 1261
62567, 1204, -22210, 1261
62576, 1205, -22196, 1261
62585, 1206, -22188, 1263
62593, 1209, -22182, 1262
62601, 1206, -22177, 1262
62609, 1207, -22172, 1262
62618, 1207, -22165, 1264
62626, 1207, -22157, 1264
62634, 1208, -22147, 1264
62643, 1208, -22135, 1264
62651, 1209, -22121, 1265
62660, 1209, -22108, 1265
62668, 1210, -22094, 1267
62676, 1210, -22080, 1267
62685, 1211, -22068, 1267
62693, 1212, -22055, 1269
62702, 1215, -22044, 1268
62710, 1215, -22034, 1267
62719, 1212, -22026, 1268
62727, 1214, -22022, 1269
64747, 1214, -22011, 1269
64755, 1214, -22011, 1270
64764, 1215, -22016, 1270
64773, 1216, -22037, 1266
64782, 1214, -22048, 1266
64791, 1214, -22041, 1269
64800, 1214, -22024, 1270
64809, 1215, -21979, 1274
64817, 1217, -21928, 1277
64826, 1220, -21866, 1282
64834, 1223, -21792, 1284
64845, 1227, -21713, 1288
64854, 1231, -21632, 1291
64862, 1234, -21567, 1294
64871, 1238, -21486, 1299
64879, 1241, -21417, 1299
64888, 1245, -21334, 1305
64896, 1248, -21255, 1305
64905, 1251, -21180, 1310
64914, 1254, -21088, 1313
64922, 1259, -21019, 1317
64931, 1262, -20930, 1320
64939, 1265, -20856, 1322
64948, 1269, -20769, 1328
64956, 1273, -20676, 1328
64966, 1276, -20593, 1334
64974, 1279, -20493, 1337
64984, 1283, -20415, 1340
64992, 1286, -20305, 1343
65002, 1291, -20224, 1348
65011, 1294, -20120, 1351
65019, 1297, -20036, 1352
65028, 1302, -19945, 1357
65036, 1305, -19848, 1358
65044, 1308, -19762, 1363
65053, 1311, -19643, 1366
65062, 1315, -19552, 1369
65072, 1318, -19429, 1373
65081, 1322, -19338, 1375
65090, 1327, -19219, 1382
65100, 1330, -19118, 1382
65109, 1334, -19010, 1388
65118, 1337, -18921, 1391
65126, 1341, -18825, 1395
65135, 1345, -18723, 1397
65143, 1349, -18641, 1399
65152, 1352, -18535, 1406
65160, 1357, -18451, 1405
65169, 1359, -18350, 1411
65177, 1362, -18258, 1412
65186, 1366, -18173, 1416
65194, 1369, -18074, 1420
65203, 1373, -17997, 1422
65211, 1376, -17902, 1426
65219, 1380, -17822, 1428
65228, 1384, -17736, 1434
65236, 1387, -17648, 1435
65245, 1391, -17570, 1438
65253, 1394, -17476, 1442
65261, 1397, -17406, 1444
65269, 1400, -17304, 1449
65279, 1404, -17224, 1451
65288, 1408, -17138, 1456
65296, 1411, -17057, 1457
65305, 1414, -16971, 1461
65314, 1418, -16882, 1465
65323, 1422, -16800, 1468
65333, 1425, -16710, 1473
65341, 1429, -16636, 1473
65351, 1432, -16544, 1480
65360, 1437, -16471, 1482
65368, 1440, -16393, 1486
65376, 1443, -16309, 1487
65386, 1447, -16236, 1491
65394, 1450, -16148, 1496
65403, 1454, -16078, 1497
65412, 1457, -15988, 1502
65421, 1460, -15913, 1503
65431, 1464, -15828, 1511
65439, 1467, -15758, 1511
65448, 1472, -15678, 1517
65457, 1475, -15606, 1517
65465, 1479, -15538, 1523
65474, 1482, -15456, 1526
65482, 1486, -15392, 1529
65490, 1489, -15311, 1533
65499, 1494, -15245, 1534
65508, 1497, -15170, 1541
65516, 1500, -15101, 1542
65525, 1504, -15037, 1545
65533, 1508, -14956, 1548
65542, 1511, -14893, 1552
65550, 1514, -14818, 1556
65558, 1517, -14754, 1557
65567, 1521, -14685, 1561
65575, 1524, -14614, 1563
65583, 1527, -14556, 1567
65591, 1531, -14479, 1574
65600, 1535, -14417, 1574
65608, 1539, -14347, 1578
65616, 1542, -14277, 1580
65625, 1547, -14209, 1584
65634, 1549, -14132, 1587
65642, 1553, -14072, 1590
65651, 1557, -13987, 1595
65661, 1560, -13922, 1596
65670, 1564, -13844, 1603
65678, 1568, -13783, 1603
65687, 1571, -13714, 1607
65695, 1576, -13638, 1611
65704, 1579, -13569, 1615
65714, 1582, -13494, 1617
65722, 1587, -13427, 1621
65731, 1590, -13344, 1625
65741, 1594, -13278, 1628
65750, 1598, -13198, 1634
65759, 1607, -13137, 1633
65768, 1605, -13074, 1639
65776, 1609, -13004, 1641
65785, 1612, -12957, 1641
65794, 1615, -12901, 1646
65802, 1618, -12840, 1650
65810, 1625, -12801, 1648
65819, 1623, -12771, 1650
65827, 1625, -12739, 1653
65835, 1627, -12696, 1656
65844, 1633, -12653, 1655
65852, 1630, -12625, 1656
65861, 1631, -12607, 1656
65869, 1632, -12592, 1657
65878, 1632, -12573, 1659
65886, 1633, -12549, 1660
65895, 1634, -12523, 1662
65904, 1637, -12491, 1665
65912, 1639, -12468, 1665
65920, 1640, -12453, 1665
65929, 1646, -12444, 1664
65937, 1642, -12437, 1666
65946, 1646, -12433, 1664
65954, 1641, -12431, 1664
65963, 1641, -12429, 1664
65972, 1641, -12427, 1665
65981, 1646, -12423, 1664
65989, 1641, -12419, 1664
65998, 1641, -12415, 1666
66006, 1646, -12409, 1665
66015, 1642, -12401, 1666
66024, 1647, -12396, 1665
