7624, 3075, -98
7627, 3075, -98
7631, 3075, -97
7634, 3074, -96
7637, 3074, -95
7640, 3074, -95
7643, 3074, -95
7647, 3074, -95
7650, 3074, -96
7654, 3075, -96
7657, 3075, -96
7661, 3075, -96
7664, 3075, -97
7668, 3075, -98
7671, 3074, -99
7675, 3075, -101
7679, 3075, -103
7682, 3075, -104
7685, 3075, -106
7688, 3075, -109
7693, 3074, -113
7697, 3074, -115
7700, 3074, -120
7705, 3073, -123
7708, 3073, -127
7711, 3073, -131
7715, 3073, -135
7718, 3073, -138
7721, 3073, -143
7725, 3073, -145
7728, 3073, -148
7731, 3073, -151
7734, 3073, -153
7738, 3072, -154
7741, 3072, -155
7745, 3072, -156
7749, 3072, -156
7752, 3072, -156
7755, 3073, -155
7759, 3073, -153
7763, 3074, -150
7767, 3074, -149
7770, 3074, -145
7774, 3074, -141
7778, 3073, -136
7781, 3073, -133
7785, 3073, -127
7789, 3074, -121
7794, 3074, -119
7798, 3074, -116
7802, 3074, -115
7805, 3074, -112
7809, 3074, -110
7814, 3074, -108
7817, 3074, -106
7821, 3074, -104
7824, 3074, -104
7828, 3074, -103
7831, 3074, -100
7834, 3074, -98
7838, 3074, -97
7841, 3074, -96
7844, 3074, -95
7847, 3074, -93
7850, 3074, -92
7854, 3074, -89
7857, 3074, -87
7860, 3074, -85
7863, 3074, -82
7866, 3074, -80
7869, 3074, -77
7873, 3075, -74
7876, 3074, -71
7879, 3074, -68
7883, 3074, -66
7886, 3074, -63
7889, 3074, -61
7894, 3075, -58
7897, 3074, -56
7901, 3074, -55
7904, 3074, -54
7909, 3075, -54
7913, 3075, -54
7917, 3075, -54
7921, 3075, -54
7924, 3075, -54
7928, 3074, -53
7931, 3074, -53
7934, 3074, -52
7938, 3074, -52
7941, 3074, -51
7944, 3075, -51
7947, 3075, -51
7950, 3075, -51
7954, 3075, -50
7957, 3075, -49
7961, 3074, -48
7964, 3074, -48
7967, 3074, -48
7971, 3074, -48
7974, 3074, -47
7977, 3075, -47
7981, 3075, -46
7984, 3076, -45
7987, 3076, -44
7992, 3075, -42
7995, 3075, -43
7998, 3075, -42
8001, 3075, -40
8004, 3075, -40
8007, 3075, -39
8011, 3075, -38
8014, 3075, -37
8017, 3075, -36
8020, 3075, -35
8023, 3075, -34
8026, 3075, -33
8030, 3074, -32
8033, 3075, -31
8036, 3075, -29
8039, 3075, -29
8042, 3075, -27
8045, 3075, -27
8049, 3075, -27
8052, 3075, -26
8055, 3076, -26
8058, 3076, -26
8061, 3076, -24
8065, 3076, -21
8068, 3076, -20
8071, 3075, -20
8074, 3076, -18
8077, 3076, -18
8080, 3076, -17
8084, 3075, -16
8087, 3075, -16
8090, 3075, -16
8093, 3075, -15
8096, 3075, -14
8099, 3075, -14
8102, 3075, -13
8105, 3076, -13
8108, 3076, -11
8111, 3075, -10
8114, 3075, -10
8118, 3075, -10
8121, 3075, -10
8124, 3075, -9
8127, 3076, -8
8130, 3076, -8
8133, 3076, -7
8136, 3076, -7
8139, 3076, -7
8142, 3076, -7
8145, 3076, -6
8148, 3076, -5
8151, 3076, -5
8154, 3075, -4
8157, 3076, -4
8161, 3076, -3
8164, 3076, -3
8167, 3076, -2
8170, 3076, -2
8173, 3076, -2
8176, 3076, -2
8179, 3076, -1
8183, 3076, 0
10196, 3076, 8
10199, 3076, 8
10202, 3076, 8
10206, 3076, 8
10209, 3076, 8
10212, 3076, 8
10215, 3076, 9
10218, 3077, 10
10221, 3077, 10
10224, 3077, 10
10228, 3077, 9
10231, 3077, 9
10234, 3077, 9
10237, 3077, 9
10240, 3077, 10
10243, 3077, 10
10246, 3077, 10
10249, 3077, 10
10252, 3077, 10
10255, 3077, 10
10258, 3077, 10
10261, 3077, 9
10264, 3077, 9
10267, 3077, 9
10270, 3077, 9
10273, 3077, 9
10276, 3076, 9
10279, 3076, 10
10283, 3077, 10
10286, 3077, 9
10289, 3077, 8
10292, 3077, 8
10295, 3077, 8
10298, 3076, 8
10301, 3076, 8
10304, 3076, 8
10307, 3076, 7
10311, 3076, 7
10314, 3076, 7
10317, 3077, 6
10320, 3077, 6
10323, 3077, 6
10326, 3077, 5
10329, 3077, 5
10333, 3076, 5
10336, 3076, 5
10339, 3076, 4
10343, 3076, 4
10346, 3076, 4
10349, 3076, 3
10352, 3076, 3
10355, 3076, 2
10359, 3076, 2
10362, 3077, 2
10365, 3076, 1
10369, 3076, 0
10372, 3076, 0
10375, 3076, -1
10378, 3076, -1
10382, 3076, -2
10385, 3076, -2
10388, 3076, -4
10392, 3076, -4
10396, 3076, -4
10400, 3076, -4
10404, 3076, -4
10407, 3076, -5
10410, 3076, -7
10415, 3076, -7
10418, 3076, -7
10422, 3076, -8
10425, 3076, -8
10429, 3076, -9
10432, 3076, -11
10436, 3076, -12
10441, 3076, -13
10444, 3076, -14
10448, 3076, -14
10451, 3076, -15
10455, 3076, -15
10458, 3076, -16
10462, 3076, -16
10465, 3076, -17
10468, 3076, -17
10471, 3076, -19
10474, 3076, -19
10477, 3076, -19
10480, 3076, -19
10483, 3076, -20
10487, 3076, -21
10490, 3076, -21
10493, 3076, -21
10496, 3076, -21
10499, 3076, -21
10502, 3076, -20
10505, 3076, -20
10508, 3076, -21
10511, 3076, -21
10514, 3076, -21
10517, 3076, -22
10520, 3076, -22
10524, 3076, -23
10527, 3075, -24
10530, 3076, -24
10533, 3075, -25
10536, 3075, -25
10539, 3076, -25
10542, 3076, -25
10545, 3076, -26
10548, 3076, -26
10551, 3076, -27
10555, 3076, -28
10558, 3076, -29
10561, 3076, -29
10564, 3076, -30
12577, 3075, -31
12580, 3075, -30
12584, 3076, -30
12588, 3076, -29
12591, 3076, -28
12595, 3076, -28
12598, 3076, -28
12602, 3076, -28
12605, 3076, -28
12608, 3076, -28
12611, 3075, -28
12614, 3075, -27
12618, 3075, -27
12621, 3075, -27
12624, 3075, -26
12627, 3075, -26
12630, 3076, -27
12634, 3076, -27
12637, 3076, -28
12640, 3076, -29
12644, 3076, -29
12647, 3076, -28
12651, 3076, -27
12654, 3076, -26
12658, 3076, -26
12661, 3076, -27
12665, 3076, -27
12670, 3076, -27
12673, 3076, -28
12676, 3076, -28
12680, 3076, -27
12684, 3076, -27
12687, 3076, -27
12691, 3076, -28
12694, 3076, -29
12697, 3076, -28
12700, 3076, -28
12704, 3076, -28
12707, 3076, -28
12710, 3076, -26
12713, 3076, -27
12716, 3075, -27
12719, 3075, -28
12723, 3075, -28
12726, 3075, -28
12730, 3075, -29
12733, 3076, -30
12737, 3076, -32
12741, 3075, -31
12745, 3076, -32
12749, 3076, -32
12753, 3075, -31
12757, 3076, -31
12761, 3076, -31
12764, 3076, -31
12769, 3076, -32
12773, 3076, -32
12777, 3076, -32
12781, 3076, -31
12785, 3076, -32
12789, 3075, -31
12793, 3076, -33
12797, 3076, -34
12800, 3076, -35
12803, 3076, -35
12806, 3076, -34
12809, 3076, -34
12813, 3075, -34
12816, 3075, -34
12819, 3075, -34
12822, 3075, -36
12825, 3075, -36
12829, 3075, -37
12832, 3075, -38
12835, 3075, -39
12839, 3075, -39
12843, 3075, -40
12846, 3075, -39
12850, 3075, -40
12854, 3075, -41
12858, 3075, -42
12861, 3075, -41
12864, 3075, -40
12869, 3075, -39
12873, 3075, -39
12876, 3075, -39
12879, 3075, -40
12883, 3075, -42
12887, 3075, -43
12891, 3075, -43
12896, 3075, -44
12899, 3075, -43
12904, 3075, -44
12907, 3075, -45
12910, 3075, -46
12914, 3075, -47
12917, 3075, -47
12920, 3074, -47
12923, 3074, -45
12927, 3075, -46
12930, 3075, -46
12933, 3075, -47
12936, 3075, -47
12940, 3076, -46
12943, 3075, -46
12946, 3075, -45
12949, 3075, -45
12953, 3075, -44
12957, 3075, -45
12960, 3075, -46
12964, 3075, -46
12967, 3075, -47
12971, 3076, -46
12975, 3076, -48
12979, 3076, -48
12983, 3076, -48
12987, 3076, -48
12990, 3075, -49
12994, 3075, -48
12998, 3075, -48
13001, 3075, -50
13006, 3075, -50
13009, 3076, -50
13012, 3076, -52
13017, 3076, -52
13020, 3076, -53
13023, 3076, -54
13026, 3076, -53
13030, 3076, -53
13033, 3076, -53
13036, 3076, -53
13039, 3076, -53
13043, 3075, -53
13046, 3075, -54
13049, 3075, -54
13053, 3075, -55
13056, 3075, -55
13059, 3075, -54
13063, 3075, -54
13066, 3074, -54
13069, 3075, -56
13072, 3075, -56
13077, 3074, -57
13080, 3074, -56
13084, 3075, -57
13087, 3075, -57
13090, 3075, -58
13093, 3075, -58
13097, 3075, -59
13101, 3075, -60
13105, 3075, -60
13109, 3075, -60
13113, 3075, -61
13116, 3075, -62
13120, 3076, -63
13125, 3075, -65
13129, 3075, -65
13132, 3075, -66
13135, 3075, -67
13138, 3075, -68
13142, 3075, -68
13145, 3075, -69
13148, 3076, -69
13151, 3075, -69
13154, 3075, -70
13158, 3075, -72
13161, 3075, -73
13164, 3075, -74
13167, 3075, -74
13171, 3075, -75
13174, 3075, -76
13177, 3075, -77
13180, 3075, -78
13183, 3075, -79
13186, 3075, -80
13189, 3074, -83
13193, 3074, -84
13196, 3074, -86
13199, 3074, -89
13202, 3074, -90
13205, 3074, -90
13208, 3074, -91
13211, 3074, -91
13214, 3074, -92
13217, 3074, -92
13220, 3074, -92
13223, 3074, -92
13226, 3074, -95
13229, 3074, -96
13232, 3074, -97
13236, 3074, -96
13239, 3074, -97
13242, 3074, -97
13245, 3074, -95
13248, 3074, -95
13252, 3074, -96
13255, 3074, -97
13258, 3074, -97
13261, 3074, -96
13264, 3074, -95
13267, 3074, -94
13270, 3074, -93
13274, 3074, -92
13277, 3074, -91
13280, 3074, -91
13283, 3074, -91
13286, 3074, -91
13290, 3075, -91
13293, 3075, -91
13296, 3075, -91
13299, 3075, -90
13302, 3075, -90
13305, 3074, -89
13308, 3074, -88
13312, 3075, -88
13315, 3075, -87
13318, 3075, -86
13321, 3075, -84
13324, 3075, -84
13327, 3074, -84
13330, 3074, -83
13333, 3074, -83
13337, 3074, -83
13340, 3074, -82
13344, 3075, -81
13349, 3075, -80
13352, 3075, -79
13355, 3075, -78
13359, 3075, -78
13362, 3075, -78
13365, 3075, -77
13368, 3075, -76
13371, 3075, -75
13375, 3075, -74
13378, 3075, -73
13381, 3075, -73
13385, 3075, -72
13388, 3075, -72
13391, 3075, -72
13394, 3075, -71
13398, 3075, -72
13401, 3075, -70
13404, 3075, -69
13407, 3075, -68
13410, 3075, -67
13413, 3075, -67
13416, 3075, -67
13420, 3075, -66
13423, 3075, -65
13426, 3075, -64
13429, 3075, -64
13432, 3075, -64
13435, 3075, -63
13438, 3075, -62
13441, 3075, -62
13446, 3075, -61
13449, 3075, -60
13453, 3075, -60
13458, 3075, -58
13461, 3074, -58
13464, 3074, -59
13467, 3075, -59
13470, 3075, -59
13474, 3075, -58
13477, 3075, -58
13481, 3075, -58
13484, 3075, -57
13487, 3075, -56
13491, 3075, -56
13494, 3074, -56
13497, 3074, -55
13500, 3074, -55
13504, 3075, -54
13508, 3075, -54
13512, 3075, -53
13515, 3074, -53
13518, 3075, -52
13522, 3075, -52
13527, 3075, -53
13530, 3075, -52
13534, 3075, -52
13539, 3075, -51
15552, 3075, -49
15556, 3075, -49
15559, 3075, -48
15563, 3075, -46
15567, 3075, -46
15570, 3075, -46
15574, 3075, -46
15577, 3075, -44
15581, 3075, -43
15585, 3076, -43
15588, 3076, -44
15591, 3076, -44
15596, 3075, -45
15599, 3075, -45
15603, 3075, -46
15607, 3075, -47
15610, 3075, -48
15614, 3075, -49
15617, 3074, -50
15621, 3074, -50
15625, 3075, -53
15628, 3074, -55
15632, 3074, -55
15635, 3074, -56
15639, 3074, -57
15642, 3075, -58
15645, 3075, -60
15649, 3075, -62
15652, 3075, -64
15655, 3075, -65
15659, 3075, -68
15662, 3075, -69
15666, 3075, -71
15669, 3075, -73
15672, 3075, -77
15675, 3074, -78
15679, 3074, -80
15682, 3074, -84
15685, 3074, -86
15688, 3074, -89
15692, 3074, -92
15695, 3074, -93
15699, 3074, -91
15702, 3075, -88
15705, 3074, -87
15709, 3074, -85
15712, 3075, -83
15716, 3074, -82
15719, 3074, -82
15722, 3074, -83
15726, 3074, -83
15729, 3074, -84
15733, 3074, -82
15736, 3074, -80
15740, 3075, -79
15744, 3074, -79
15748, 3074, -80
15751, 3074, -79
15754, 3074, -80
15757, 3074, -80
15760, 3075, -80
15763, 3075, -80
15766, 3074, -80
15770, 3075, -81
15775, 3075, -82
15778, 3075, -82
15781, 3075, -82
15785, 3075, -82
15790, 3075, -83
15793, 3075, -84
15796, 3075, -85
15800, 3074, -85
15804, 3074, -85
15808, 3075, -85
15811, 3075, -87
15815, 3075, -88
15818, 3075, -89
15823, 3074, -90
15826, 3074, -91
15829, 3074, -93
15834, 3074, -95
15837, 3074, -95
15841, 3074, -96
15845, 3074, -98
15848, 3074, -99
15852, 3074, -100
15856, 3074, -101
15859, 3074, -102
15862, 3074, -102
15865, 3074, -103
15869, 3073, -104
15872, 3073, -104
15875, 3074, -105
15878, 3074, -106
15881, 3074, -106
15884, 3074, -106
15887, 3074, -107
15891, 3074, -109
15894, 3074, -111
15897, 3074, -112
15901, 3074, -114
15905, 3074, -116
15908, 3074, -117
15912, 3074, -117
15916, 3074, -120
15920, 3074, -121
15924, 3074, -122
15927, 3074, -123
15931, 3074, -123
15935, 3074, -124
15938, 3074, -125
15942, 3074, -127
15946, 3073, -127
15950, 3073, -127
15954, 3073, -128
17967, 3073, -115
17970, 3073, -114
17973, 3073, -114
17976, 3073, -114
17980, 3073, -113
17983, 3073, -112
17986, 3074, -112
17989, 3074, -113
17993, 3074, -113
17996, 3074, -113
18000, 3074, -113
18003, 3074, -115
18007, 3074, -117
18012, 3073, -119
18015, 3074, -122
18019, 3073, -124
18023, 3073, -128
18027, 3073, -131
18030, 3073, -134
18035, 3073, -138
18039, 3073, -141
18043, 3073, -140
18047, 3073, -137
18050, 3073, -134
18053, 3073, -131
18056, 3074, -128
18059, 3074, -127
18063, 3074, -124
18066, 3074, -123
18069, 3074, -123
18072, 3073, -124
18076, 3073, -125
18079, 3073, -125
18082, 3073, -125
18085, 3073, -126
18088, 3073, -128
18091, 3073, -130
18095, 3073, -132
18098, 3073, -134
18101, 3073, -136
18104, 3073, -139
18107, 3073, -140
18110, 3073, -142
18113, 3073, -143
18117, 3073, -146
18120, 3072, -148
18123, 3072, -147
18126, 3072, -143
18131, 3072, -140
18134, 3073, -139
18137, 3073, -137
18141, 3073, -135
18144, 3073, -134
18148, 3073, -134
18152, 3073, -133
18155, 3073, -133
18158, 3073, -133
18161, 3073, -133
18165, 3073, -134
18168, 3073, -135
18171, 3073, -135
18174, 3073, -137
18177, 3073, -139
18180, 3073, -140
18184, 3073, -142
18187, 3073, -145
18190, 3072, -147
18193, 3072, -149
18196, 3073, -151
18200, 3072, -152
18203, 3073, -154
18206, 3073, -155
18209, 3073, -156
18213, 3073, -152
18216, 3073, -147
18219, 3073, -144
18222, 3073, -143
18225, 3073, -141
18229, 3073, -138
18235, 3073, -138
18238, 3073, -138
18241, 3073, -137
18244, 3073, -137
18247, 3073, -137
18250, 3073, -136
18253, 3073, -137
18256, 3073, -140
18259, 3073, -141
18262, 3073, -141
18265, 3073, -142
18268, 3073, -144
18271, 3073, -145
18274, 3073, -147
18278, 3073, -149
18281, 3073, -151
18284, 3073, -151
18287, 3073, -153
18290, 3073, -156
18293, 3073, -157
18296, 3073, -158
18299, 3073, -158
18302, 3073, -155
18306, 3073, -152
18309, 3073, -149
18312, 3073, -144
18315, 3073, -143
18318, 3073, -142
18321, 3073, -141
18324, 3073, -141
18327, 3073, -140
18331, 3073, -138
18334, 3073, -138
18337, 3073, -138
18340, 3073, -140
18343, 3073, -141
18346, 3073, -142
18350, 3073, -144
18353, 3073, -146
18357, 3073, -148
18361, 3073, -150
18365, 3073, -153
18369, 3073, -156
18373, 3072, -157
18376, 3072, -159
18379, 3072, -160
18383, 3072, -161
18386, 3072, -161
18389, 3072, -163
18392, 3072, -163
18395, 3073, -159
18399, 3073, -157
18402, 3073, -153
18405, 3073, -149
18409, 3073, -148
18412, 3072, -145
18416, 3073, -144
18420, 3072, -143
18423, 3072, -143
18427, 3073, -143
18430, 3073, -144
18433, 3073, -144
18437, 3073, -145
18441, 3073, -146
18444, 3073, -148
18448, 3072, -151
18452, 3073, -153
18455, 3073, -155
18459, 3073, -156
18462, 3073, -158
18466, 3073, -159
18470, 3072, -159
18474, 3072, -160
18478, 3072, -162
18482, 3072, -162
18485, 3072, -166
18490, 3072, -164
18493, 3072, -161
18496, 3072, -156
18499, 3073, -154
18503, 3073, -152
18506, 3073, -152
18509, 3073, -151
18512, 3073, -150
18515, 3073, -147
18518, 3073, -147
18522, 3073, -146
18525, 3073, -147
18528, 3073, -146
18532, 3073, -147
18536, 3073, -149
18539, 3073, -152
18543, 3073, -153
18546, 3073, -153
18550, 3073, -154
18553, 3073, -157
18557, 3073, -159
18561, 3073, -160
18564, 3072, -163
18569, 3072, -165
18573, 3073, -167
18576, 3073, -168
18580, 3072, -170
18583, 3072, -172
18587, 3072, -172
18590, 3072, -171
18593, 3072, -166
18596, 3072, -164
18599, 3072, -161
18603, 3072, -159
18606, 3072, -158
18609, 3072, -155
18612, 3072, -154
18616, 3072, -154
18619, 3072, -153
18623, 3073, -153
18627, 3073, -154
18631, 3072, -155
18634, 3072, -156
18638, 3072, -157
18641, 3073, -157
18644, 3073, -157
18648, 3073, -160
18652, 3073, -161
18656, 3073, -163
18659, 3072, -164
18663, 3072, -166
18666, 3072, -168
18669, 3071, -170
18674, 3071, -171
18677, 3071, -172
18680, 3072, -174
18684, 3072, -175
18688, 3072, -177
18691, 3072, -178
18695, 3072, -180
18698, 3072, -176
18702, 3072, -172
18705, 3073, -170
18708, 3073, -168
18711, 3073, -166
18714, 3073, -165
18717, 3073, -163
18722, 3073, -162
18725, 3073, -161
18728, 3072, -160
18732, 3072, -160
18735, 3073, -161
18740, 3073, -161
18743, 3073, -161
18746, 3073, -162
18750, 3073, -163
18754, 3073, -164
18757, 3072, -164
18761, 3072, -166
18764, 3071, -168
18768, 3071, -169
18772, 3071, -171
18775, 3072, -173
18779, 3071, -173
18783, 3071, -175
18787, 3072, -176
18791, 3072, -177
18794, 3072, -179
18798, 3072, -180
18802, 3072, -181
18805, 3072, -182
18808, 3072, -184
18811, 3072, -184
18815, 3071, -181
18818, 3071, -177
18821, 3072, -175
18824, 3072, -171
18827, 3072, -169
18830, 3072, -168
18834, 3072, -166
18837, 3072, -165
18841, 3072, -165
18844, 3072, -165
18848, 3072, -166
18852, 3072, -166
18855, 3072, -166
18859, 3072, -166
18862, 3072, -166
18865, 3072, -166
18869, 3072, -166
18873, 3072, -167
18876, 3072, -168
18879, 3072, -170
18884, 3071, -171
18887, 3071, -174
18891, 3071, -175
18894, 3071, -177
18899, 3071, -179
18902, 3072, -180
18905, 3072, -182
18909, 3072, -183
18913, 3071, -184
18917, 3071, -186
18920, 3071, -187
18923, 3071, -189
18926, 3071, -190
18930, 3071, -192
18933, 3071, -193
18936, 3071, -191
18939, 3071, -187
18943, 3072, -183
18946, 3071, -181
18949, 3072, -178
18953, 3072, -175
18957, 3072, -175
18960, 3072, -174
18964, 3072, -174
18967, 3072, -173
18971, 3071, -173
18975, 3071, -173
18978, 3072, -173
18982, 3072, -173
18985, 3072, -173
18989, 3072, -173
18993, 3072, -173
18996, 3072, -174
19001, 3071, -175
19004, 3071, -175
19008, 3071, -176
19012, 3071, -177
19015, 3071, -180
19018, 3071, -181
19022, 3072, -182
19025, 3071, -183
19028, 3072, -184
19031, 3071, -186
19035, 3071, -188
19038, 3071, -190
19041, 3071, -190
19044, 3071, -191
19047, 3071, -192
19050, 3071, -193
19054, 3071, -195
19057, 3071, -197
19060, 3071, -197
19063, 3070, -199
19066, 3070, -201
19071, 3070, -198
19074, 3070, -195
19077, 3070, -191
19081, 3071, -188
19084, 3071, -186
19087, 3071, -185
19091, 3071, -184
19094, 3072, -182
19098, 3072, -181
19101, 3072, -179
19105, 3072, -178
19108, 3072, -178
19111, 3072, -178
19115, 3071, -178
19118, 3071, -178
19123, 3071, -177
19127, 3071, -177
19131, 3071, -178
19134, 3071, -180
19138, 3072, -181
19141, 3072, -183
19144, 3071, -183
19147, 3071, -185
19150, 3071, -186
19153, 3071, -187
19157, 3071, -187
19160, 3071, -189
19163, 3070, -190
19166, 3070, -192
19169, 3071, -192
19173, 3071, -194
19176, 3071, -195
19179, 3071, -197
19182, 3071, -198
19185, 3071, -199
19188, 3070, -199
19191, 3070, -200
19195, 3070, -201
19198, 3070, -202
19201, 3071, -203
19204, 3071, -204
19207, 3070, -205
19210, 3070, -206
19213, 3070, -208
19217, 3070, -209
19220, 3070, -208
19223, 3071, -204
19228, 3071, -200
19232, 3071, -197
19235, 3072, -194
19239, 3072, -193
19243, 3072, -192
19246, 3072, -190
19249, 3072, -189
19252, 3072, -189
19256, 3072, -189
19259, 3071, -188
19262, 3071, -188
19266, 3071, -187
19269, 3071, -188
19272, 3071, -189
19275, 3070, -189
19279, 3070, -190
19282, 3071, -190
19287, 3071, -189
19290, 3071, -190
19294, 3071, -190
19298, 3071, -191
19302, 3070, -192
19306, 3071, -194
19310, 3071, -196
19313, 3071, -197
19316, 3071, -198
19320, 3071, -199
19323, 3071, -199
19326, 3071, -200
19330, 3071, -201
19334, 3070, -202
19337, 3070, -204
19341, 3070, -205
19344, 3070, -205
19347, 3070, -207
19352, 3070, -208
19356, 3070, -209
19359, 3070, -210
19362, 3070, -212
19365, 3070, -212
19368, 3070, -213
19371, 3070, -214
19375, 3070, -216
19378, 3070, -217
19381, 3070, -218
19384, 3069, -220
19388, 3069, -221
19392, 3069, -222
19395, 3069, -224
19399, 3069, -223
19403, 3070, -220
19407, 3070, -216
19410, 3070, -213
19414, 3071, -211
19418, 3071, -209
19421, 3071, -208
19424, 3071, -207
19428, 3071, -205
19432, 3071, -205
19436, 3070, -204
19440, 3070, -204
19443, 3070, -203
19447, 3069, -203
19451, 3069, -202
19455, 3070, -202
19458, 3070, -201
19462, 3070, -201
19466, 3070, -201
19470, 3070, -201
19473, 3070, -201
19476, 3070, -202
19479, 3070, -202
19482, 3071, -202
19486, 3070, -202
19489, 3070, -204
19492, 3070, -205
19495, 3070, -206
19499, 3070, -207
19502, 3070, -207
19505, 3070, -208
19508, 3069, -208
19512, 3069, -210
19515, 3069, -211
19520, 3069, -211
19523, 3070, -212
19527, 3070, -213
19530, 3070, -214
19534, 3070, -215
19538, 3070, -216
19542, 3070, -217
19545, 3070, -218
19549, 3069, -220
19553, 3069, -221
19556, 3069, -221
19560, 3069, -221
19564, 3069, -222
19567, 3070, -224
19571, 3070, -224
19575, 3070, -224
19579, 3069, -226
19583, 3069, -226
19586, 3069, -227
19589, 3069, -226
19593, 3069, -227
19596, 3070, -229
19599, 3070, -230
19603, 3069, -231
19606, 3069, -232
19609, 3069, -233
19612, 3069, -234
19616, 3069, -235
19619, 3069, -236
19623, 3069, -238
19626, 3069, -240
19630, 3068, -240
19633, 3068, -243
19637, 3069, -244
19641, 3068, -245
19645, 3068, -247
19648, 3068, -247
19652, 3068, -249
19655, 3068, -251
19658, 3068, -252
19663, 3068, -252
19666, 3068, -253
19670, 3068, -255
19673, 3068, -256
21686, 3068, -243
21690, 3068, -243
21693, 3068, -242
21696, 3068, -241
21700, 3068, -240
21703, 3068, -240
21707, 3068, -240
21711, 3068, -242
21716, 3068, -245
21719, 3068, -248
21723, 3068, -252
21727, 3068, -250
21731, 3068, -248
21735, 3068, -245
21739, 3068, -245
21742, 3068, -246
21745, 3068, -247
21750, 3068, -249
21753, 3068, -249
21756, 3068, -251
21760, 3068, -255
21763, 3068, -257
21766, 3068, -254
21769, 3068, -252
21773, 3068, -250
21776, 3068, -248
21779, 3068, -247
21783, 3068, -247
21786, 3068, -248
21789, 3068, -250
21793, 3068, -254
21797, 3068, -256
21801, 3068, -258
21804, 3068, -256
21807, 3068, -253
21810, 3068, -251
21814, 3068, -250
21818, 3068, -249
21821, 3068, -249
21825, 3068, -251
21829, 3068, -254
21833, 3068, -257
21836, 3068, -259
21839, 3067, -261
21844, 3067, -257
21848, 3068, -256
21851, 3068, -253
21855, 3068, -253
21859, 3068, -252
21863, 3068, -253
21866, 3068, -256
21869, 3068, -257
21873, 3067, -258
21876, 3067, -261
21879, 3067, -262
21883, 3067, -260
21886, 3068, -257
21889, 3068, -255
21892, 3068, -254
21895, 3068, -253
21899, 3068, -253
21902, 3068, -253
21905, 3068, -256
21909, 3068, -258
21912, 3068, -259
21916, 3067, -262
21919, 3068, -262
21923, 3068, -258
21927, 3068, -256
21930, 3068, -256
21934, 3068, -256
21938, 3068, -257
21942, 3067, -258
21946, 3067, -259
21950, 3067, -262
21953, 3067, -265
21957, 3067, -266
21961, 3067, -264
21964, 3067, -261
21968, 3067, -259
21971, 3067, -259
21976, 3068, -258
21979, 3068, -258
21982, 3068, -260
21985, 3068, -262
21988, 3068, -263
21992, 3067, -266
21995, 3067, -268
21998, 3067, -269
22001, 3068, -267
22004, 3068, -264
22007, 3069, -263
22011, 3068, -262
22015, 3068, -261
22019, 3068, -260
22022, 3067, -260
22025, 3067, -261
22029, 3067, -264
22033, 3067, -266
22036, 3067, -269
22040, 3067, -269
22043, 3068, -266
22046, 3068, -264
22050, 3068, -264
22053, 3068, -263
22056, 3068, -263
22060, 3068, -263
22063, 3068, -263
22066, 3067, -264
22070, 3067, -267
22073, 3067, -269
22076, 3067, -272
22080, 3067, -272
22083, 3067, -269
22086, 3068, -268
22089, 3068, -265
22093, 3068, -265
22096, 3068, -265
22099, 3067, -265
22102, 3067, -265
22106, 3067, -267
22109, 3067, -268
22112, 3067, -269
22115, 3067, -272
22118, 3067, -273
22121, 3067, -273
22124, 3067, -271
22128, 3067, -271
22131, 3067, -270
22134, 3067, -269
22137, 3067, -268
22140, 3067, -267
22144, 3067, -269
22147, 3067, -270
22150, 3067, -271
22153, 3067, -272
22157, 3067, -275
22160, 3067, -279
22164, 3067, -276
22168, 3067, -274
22171, 3067, -271
22175, 3067, -271
22179, 3067, -270
22183, 3067, -270
22186, 3067, -271
22189, 3066, -273
22193, 3066, -275
22196, 3066, -277
22199, 3066, -279
22202, 3067, -280
22205, 3067, -279
22209, 3067, -275
22212, 3067, -273
22215, 3067, -272
22218, 3067, -271
22221, 3067, -271
22225, 3067, -271
22229, 3068, -272
22233, 3068, -275
22236, 3067, -278
22240, 3067, -282
22243, 3066, -283
22246, 3066, -284
22249, 3067, -283
22252, 3067, -280
22255, 3067, -279
22259, 3068, -277
22262, 3067, -277
22265, 3067, -277
22268, 3067, -277
22271, 3067, -279
22274, 3067, -280
22277, 3067, -282
22281, 3066, -286
22284, 3066, -288
22287, 3066, -291
22290, 3066, -290
22293, 3066, -286
22296, 3066, -284
22300, 3066, -282
22303, 3067, -282
22306, 3067, -281
22309, 3067, -281
22312, 3067, -279
22315, 3067, -282
22319, 3067, -284
22322, 3067, -287
22325, 3067, -289
22328, 3067, -292
22331, 3067, -295
22334, 3067, -293
22338, 3067, -290
22341, 3067, -289
22344, 3067, -287
22347, 3067, -286
22350, 3067, -284
22353, 3067, -285
22356, 3067, -285
22360, 3067, -287
22363, 3067, -289
22366, 3066, -291
22369, 3066, -294
22372, 3066, -296
22376, 3066, -298
22379, 3066, -297
22382, 3066, -294
22385, 3066, -292
22389, 3067, -288
22393, 3067, -288
22398, 3067, -289
22401, 3067, -289
22404, 3067, -291
22408, 3066, -292
22411, 3066, -295
22415, 3066, -297
22419, 3066, -299
22422, 3065, -304
22425, 3066, -301
22428, 3066, -300
22432, 3066, -297
22435, 3066, -296
22438, 3067, -294
22441, 3067, -294
22445, 3066, -293
22449, 3066, -294
22452, 3066, -294
22455, 3066, -296
22459, 3066, -300
22463, 3066, -305
22467, 3066, -307
22471, 3066, -307
22474, 3066, -304
22478, 3066, -300
22481, 3066, -299
22485, 3066, -298
22488, 3066, -299
22491, 3066, -299
22496, 3066, -300
22499, 3066, -301
22502, 3066, -304
22506, 3066, -306
22509, 3066, -309
22513, 3065, -312
22516, 3065, -316
22519, 3065, -314
22523, 3066, -310
22527, 3066, -308
22531, 3067, -306
22534, 3067, -305
22537, 3067, -304
22541, 3067, -304
22544, 3066, -305
22547, 3066, -307
22550, 3066, -309
22553, 3066, -311
22557, 3065, -314
22560, 3065, -317
22563, 3065, -320
22567, 3065, -324
22570, 3065, -320
22575, 3065, -317
22579, 3065, -313
22583, 3066, -311
22587, 3066, -312
22590, 3066, -312
22595, 3066, -314
22598, 3066, -315
22601, 3066, -319
22605, 3065, -322
22609, 3066, -325
22612, 3065, -328
22615, 3065, -331
22619, 3065, -334
22622, 3065, -331
22625, 3065, -328
22628, 3066, -325
22632, 3066, -326
22635, 3066, -326
22638, 3065, -325
22641, 3065, -325
22644, 3065, -327
22648, 3065, -327
22651, 3065, -327
22654, 3065, -330
22658, 3065, -333
22661, 3065, -336
22666, 3065, -339
22669, 3065, -342
22672, 3065, -346
22676, 3064, -345
22679, 3064, -344
22682, 3065, -340
22685, 3065, -337
22689, 3065, -337
22692, 3065, -336
22695, 3065, -336
22699, 3065, -336
22702, 3065, -336
22705, 3065, -337
22709, 3064, -338
22712, 3064, -340
22715, 3064, -342
22719, 3064, -346
22722, 3064, -349
22725, 3064, -353
22729, 3064, -357
22732, 3064, -360
22735, 3064, -358
22738, 3064, -355
22742, 3064, -354
22745, 3064, -353
22749, 3064, -351
22752, 3064, -350
22755, 3064, -349
22758, 3064, -349
22761, 3064, -350
22765, 3064, -351
22768, 3064, -353
22772, 3064, -355
22776, 3063, -357
22780, 3064, -362
22783, 3064, -366
22787, 3064, -370
22790, 3063, -374
22794, 3063, -380
22799, 3063, -382
22802, 3062, -379
22806, 3063, -378
22810, 3063, -376
22814, 3064, -374
22817, 3064, -373
22820, 3064, -372
22825, 3064, -373
22828, 3064, -373
22832, 3064, -373
22835, 3064, -375
22839, 3063, -377
22843, 3063, -381
22848, 3063, -383
22851, 3063, -387
22854, 3063, -389
22857, 3063, -390
22861, 3063, -393
22864, 3062, -396
22868, 3062, -399
22871, 3062, -402
22874, 3062, -405
22878, 3062, -404
22881, 3062, -402
22885, 3063, -400
22888, 3063, -397
22893, 3062, -397
22896, 3062, -395
22899, 3062, -395
22903, 3061, -394
22906, 3061, -394
22909, 3061, -396
22913, 3062, -396
22916, 3062, -398
22919, 3062, -399
22922, 3062, -403
22927, 3062, -405
22930, 3061, -406
22933, 3061, -409
22936, 3061, -412
22939, 3061, -415
22943, 3061, -416
22947, 3061, -419
22950, 3061, -422
22954, 3061, -425
22958, 3061, -427
22961, 3061, -431
22964, 3061, -434
22968, 3060, -439
22971, 3060, -440
22974, 3060, -439
22977, 3060, -439
22980, 3060, -437
22984, 3061, -437
22987, 3061, -437
22990, 3062, -438
22994, 3061, -436
22998, 3061, -438
23002, 3061, -439
23005, 3061, -438
23008, 3061, -438
23012, 3061, -438
23016, 3061, -437
23020, 3061, -438
23023, 3061, -439
23028, 3061, -439
23031, 3061, -440
23035, 3060, -441
23039, 3060, -441
23042, 3061, -442
23046, 3061, -443
23049, 3061, -444
23053, 3061, -445
23057, 3061, -446
23060, 3061, -447
23064, 3060, -449
23067, 3060, -449
23070, 3060, -452
23074, 3060, -453
23078, 3060, -455
23081, 3060, -456
23084, 3059, -458
23088, 3059, -460
23091, 3060, -461
23094, 3060, -463
23097, 3060, -465
23100, 3059, -468
23103, 3059, -472
23108, 3059, -476
23111, 3059, -481
23114, 3059, -484
23118, 3059, -486
23121, 3059, -490
23125, 3059, -494
23128, 3059, -499
23132, 3059, -503
23135, 3058, -506
23138, 3058, -510
23141, 3057, -516
23146, 3057, -518
23149, 3057, -520
23154, 3057, -523
23157, 3057, -525
23160, 3057, -530
23165, 3057, -530
23168, 3057, -531
23172, 3057, -533
23176, 3057, -532
23180, 3057, -532
23183, 3057, -533
23188, 3057, -533
23191, 3056, -534
23194, 3056, -532
23198, 3056, -532
23201, 3056, -532
23204, 3056, -533
23208, 3057, -535
23211, 3057, -536
23214, 3057, -537
23218, 3057, -538
23221, 3057, -538
23224, 3057, -539
23229, 3057, -539
23233, 3057, -539
23236, 3057, -539
23239, 3057, -539
23243, 3057, -540
23247, 3057, -540
23251, 3057, -540
23254, 3056, -540
23257, 3056, -540
23260, 3057, -540
23263, 3057, -540
23266, 3057, -539
23269, 3057, -538
23273, 3057, -538
23276, 3057, -537
23279, 3056, -537
23282, 3056, -538
23285, 3056, -537
23288, 3057, -537
23291, 3057, -536
23294, 3057, -536
23298, 3057, -536
23301, 3057, -536
23304, 3057, -536
23307, 3056, -535
23311, 3057, -534
23314, 3057, -534
23317, 3057, -534
23320, 3056, -533
23323, 3056, -533
23326, 3056, -533
23329, 3056, -533
23332, 3056, -532
23336, 3057, -532
23339, 3057, -531
23342, 3057, -530
23345, 3057, -531
23349, 3057, -531
23352, 3057, -532
23355, 3057, -532
23359, 3057, -531
23362, 3057, -530
23367, 3057, -530
23370, 3057, -529
23374, 3057, -528
23378, 3057, -528
23382, 3057, -527
23387, 3057, -527
23390, 3057, -528
23394, 3057, -528
23397, 3057, -528
23401, 3057, -527
23404, 3058, -527
23408, 3058, -527
23411, 3057, -527
23414, 3058, -527
23418, 3058, -526
23421, 3058, -525
23424, 3057, -524
23427, 3057, -524
23430, 3057, -523
23434, 3057, -523
23437, 3057, -522
23442, 3057, -522
23445, 3057, -522
23449, 3057, -522
23452, 3057, -522
23455, 3057, -521
23458, 3057, -522
23462, 3057, -521
23467, 3058, -522
23470, 3057, -522
23474, 3057, -521
23477, 3057, -521
23482, 3057, -521
23485, 3058, -521
23489, 3058, -521
23493, 3058, -519
23497, 3058, -519
23500, 3058, -519
23504, 3058, -518
23508, 3058, -517
23512, 3057, -517
23515, 3058, -517
23518, 3058, -516
23522, 3058, -516
23525, 3058, -517
23528, 3059, -517
23531, 3058, -516
23534, 3058, -516
23538, 3058, -516
23541, 3058, -514
23544, 3057, -513
23548, 3057, -513
23551, 3057, -513
23554, 3057, -512
25568, 3057, -508
25571, 3057, -507
25575, 3057, -506
25579, 3058, -506
25582, 3058, -506
25586, 3058, -506
25589, 3058, -506
25593, 3059, -509
25597, 3058, -512
25600, 3058, -515
25603, 3057, -518
25607, 3057, -521
25610, 3056, -525
25614, 3056, -529
25617, 3056, -532
25620, 3057, -535
25624, 3057, -536
25627, 3057, -536
25630, 3057, -535
25633, 3057, -532
25637, 3057, -529
25640, 3057, -526
25643, 3058, -522
25646, 3057, -518
25650, 3057, -513
25654, 3057, -511
25657, 3057, -509
25660, 3057, -507
25664, 3057, -505
25667, 3057, -502
25671, 3057, -499
25675, 3057, -495
25678, 3057, -491
25682, 3057, -486
25686, 3057, -482
25690, 3058, -479
25693, 3058, -478
25698, 3058, -475
25701, 3058, -472
25705, 3058, -470
25708, 3058, -467
25711, 3058, -465
25715, 3058, -461
25718, 3059, -459
25721, 3059, -455
25725, 3059, -452
25728, 3059, -447
25731, 3059, -440
25735, 3059, -435
25738, 3059, -431
25741, 3060, -428
25745, 3059, -425
25748, 3059, -423
25752, 3059, -420
25756, 3059, -417
25759, 3059, -416
25763, 3059, -414
25766, 3059, -410
25770, 3059, -406
25773, 3059, -404
25776, 3060, -400
25779, 3060, -397
25783, 3060, -392
25786, 3060, -386
25790, 3060, -377
25794, 3060, -368
25798, 3061, -355
25802, 3061, -347
25806, 3062, -342
25810, 3062, -338
25814, 3062, -334
25818, 3062, -330
25821, 3062, -328
25825, 3062, -326
25828, 3062, -325
25831, 3062, -324
25835, 3062, -321
25838, 3062, -319
25841, 3062, -318
25844, 3062, -316
25848, 3062, -315
25852, 3062, -314
25855, 3062, -314
25858, 3063, -312
25862, 3063, -310
25866, 3063, -307
25869, 3063, -306
25872, 3063, -304
25875, 3063, -304
25879, 3063, -303
25883, 3063, -301
25886, 3063, -298
25890, 3063, -296
25893, 3063, -294
25897, 3063, -292
25901, 3063, -289
25904, 3063, -287
25908, 3063, -284
25912, 3063, -281
25916, 3064, -279
25920, 3063, -277
25924, 3064, -274
25927, 3064, -272
25931, 3064, -271
25934, 3064, -271
25938, 3064, -269
25941, 3064, -267
25944, 3064, -266
25947, 3064, -264
25951, 3064, -263
25954, 3064, -261
25957, 3064, -259
25961, 3064, -258
25964, 3064, -257
25967, 3064, -257
25971, 3064, -256
27984, 3064, -226
27989, 3065, -226
27992, 3065, -226
27995, 3065, -226
27999, 3066, -226
28003, 3066, -226
28007, 3066, -227
28010, 3066, -227
28013, 3066, -227
28016, 3066, -227
28020, 3066, -227
28023, 3066, -228
28026, 3067, -227
28029, 3066, -227
28033, 3066, -227
28036, 3066, -227
28039, 3066, -229
28042, 3066, -230
28045, 3066, -231
28048, 3066, -232
28051, 3066, -233
28055, 3066, -235
28058, 3066, -236
28061, 3066, -237
28064, 3066, -238
28068, 3067, -240
28071, 3066, -241
28074, 3066, -242
28077, 3066, -245
28080, 3066, -247
28084, 3066, -250
28088, 3066, -252
28093, 3066, -255
28097, 3066, -257
28101, 3066, -259
28105, 3066, -260
28109, 3066, -260
28113, 3066, -260
28117, 3066, -261
28120, 3065, -261
28124, 3066, -261
28127, 3066, -259
28130, 3066, -258
28133, 3066, -257
28136, 3066, -255
28140, 3066, -253
28143, 3066, -252
28146, 3066, -249
28150, 3067, -247
28153, 3067, -243
28157, 3067, -240
28162, 3067, -237
28165, 3067, -235
28168, 3067, -235
28173, 3066, -235
28177, 3066, -234
28181, 3066, -233
28185, 3066, -233
28189, 3066, -232
28193, 3066, -232
28197, 3066, -231
28201, 3066, -231
28204, 3066, -230
28209, 3067, -229
28213, 3067, -226
28216, 3067, -225
28220, 3066, -223
28224, 3066, -221
28229, 3067, -219
28232, 3067, -216
28235, 3067, -215
28238, 3067, -214
28241, 3067, -212
28245, 3067, -211
28248, 3067, -209
28251, 3067, -206
28254, 3067, -203
28257, 3067, -198
28261, 3067, -194
28265, 3067, -191
28268, 3067, -189
28271, 3067, -188
28274, 3067, -187
28278, 3067, -186
28281, 3067, -186
28284, 3067, -186
28288, 3067, -185
28292, 3067, -186
28295, 3067, -186
28299, 3068, -187
28303, 3068, -186
28307, 3068, -187
28311, 3068, -187
28314, 3068, -185
28318, 3068, -185
28322, 3068, -185
28326, 3068, -185
28329, 3068, -184
28332, 3068, -184
28335, 3067, -183
28338, 3067, -183
28341, 3067, -183
28345, 3068, -183
28348, 3068, -182
28351, 3068, -181
28354, 3068, -179
28358, 3068, -178
28361, 3068, -176
28364, 3068, -174
28368, 3068, -173
28371, 3068, -172
28374, 3068, -171
28377, 3068, -169
28381, 3068, -168
28384, 3068, -168
28387, 3068, -166
28390, 3069, -164
28393, 3069, -163
28396, 3069, -162
28399, 3069, -160
28402, 3069, -158
28405, 3069, -157
28409, 3069, -156
28412, 3069, -154
28415, 3069, -153
28418, 3069, -150
28421, 3070, -148
28424, 3069, -145
28427, 3070, -143
28430, 3070, -140
28433, 3070, -138
28436, 3070, -136
28439, 3070, -134
28442, 3070, -131
28446, 3070, -130
28449, 3070, -129
28452, 3070, -128
30465, 3070, -92
30469, 3071, -93
30473, 3071, -93
30476, 3071, -93
30479, 3071, -92
30483, 3071, -91
30486, 3071, -90
30490, 3071, -90
30493, 3071, -91
30496, 3072, -90
30500, 3072, -90
30503, 3072, -90
30507, 3072, -91
30510, 3071, -90
30513, 3072, -90
30517, 3072, -91
30520, 3071, -90
30523, 3071, -90
30527, 3071, -89
30531, 3071, -90
30534, 3071, -90
30538, 3071, -90
30541, 3071, -90
30545, 3071, -90
30548, 3071, -92
30552, 3071, -93
30555, 3071, -94
30559, 3071, -94
30562, 3071, -94
30565, 3071, -94
30569, 3071, -95
30572, 3071, -96
30575, 3071, -97
30578, 3071, -96
30581, 3071, -96
30585, 3071, -96
30588, 3071, -95
30591, 3071, -95
30595, 3071, -96
30598, 3071, -97
30601, 3071, -98
30605, 3071, -99
30608, 3071, -99
30612, 3071, -100
30615, 3071, -103
30619, 3071, -105
30622, 3071, -106
30626, 3071, -106
30629, 3071, -108
30632, 3071, -110
30635, 3071, -111
30638, 3071, -113
30641, 3071, -115
30645, 3071, -117
30648, 3071, -118
30651, 3071, -120
30654, 3071, -121
30657, 3071, -121
30661, 3071, -125
30664, 3071, -128
30667, 3071, -130
30670, 3070, -130
30673, 3071, -132
30676, 3071, -134
30680, 3070, -136
30683, 3070, -137
30686, 3071, -139
30689, 3071, -140
30692, 3071, -141
30695, 3071, -143
30699, 3071, -144
30702, 3071, -144
30705, 3071, -143
30708, 3070, -142
30711, 3070, -143
30714, 3071, -142
30718, 3071, -141
30721, 3071, -142
30725, 3071, -141
30728, 3071, -141
30732, 3071, -141
30735, 3070, -140
30739, 3071, -139
30743, 3071, -137
30746, 3071, -135
30750, 3072, -134
30754, 3072, -132
30759, 3071, -129
30762, 3072, -127
30765, 3071, -125
30768, 3071, -123
30771, 3071, -120
30775, 3071, -117
30778, 3070, -115
30782, 3071, -113
30785, 3071, -110
30788, 3071, -108
30791, 3071, -104
30795, 3071, -102
30798, 3071, -100
30802, 3072, -100
30806, 3072, -99
30810, 3072, -100
30814, 3071, -98
30818, 3071, -99
30821, 3071, -100
30825, 3071, -101
30828, 3071, -101
30831, 3072, -101
30835, 3071, -100
30839, 3072, -99
30843, 3071, -99
30847, 3071, -98
30851, 3071, -97
30855, 3071, -99
30859, 3070, -99
30862, 3071, -100
30866, 3071, -98
30870, 3071, -96
30874, 3072, -95
30878, 3072, -94
30881, 3072, -93
30884, 3072, -92
30888, 3072, -91
30891, 3072, -90
30894, 3072, -90
30898, 3071, -89
30901, 3071, -88
30904, 3071, -88
30907, 3071, -87
30911, 3071, -86
30914, 3072, -85
30919, 3072, -85
30922, 3072, -85
30927, 3072, -85
30930, 3072, -82
30934, 3072, -80
30939, 3072, -79
30942, 3072, -77
30945, 3072, -75
30950, 3072, -75
30953, 3072, -75
30957, 3072, -74
30960, 3072, -72
30965, 3072, -70
30968, 3072, -69
30971, 3072, -68
30976, 3072, -67
30980, 3072, -66
30983, 3072, -66
30987, 3072, -65
30990, 3072, -63
30993, 3072, -62
30996, 3072, -61
31000, 3073, -62
31003, 3072, -61
31006, 3072, -61
31009, 3072, -60
31012, 3072, -59
31016, 3072, -59
31019, 3073, -59
31022, 3073, -59
31025, 3073, -58
31029, 3073, -58
31032, 3072, -57
31037, 3072, -55
31041, 3072, -54
31045, 3073, -54
31048, 3072, -54
31051, 3073, -53
31055, 3073, -52
31059, 3073, -52
31062, 3073, -51
33076, 3073, -41
33080, 3073, -41
33084, 3073, -41
33088, 3073, -41
33092, 3073, -41
33095, 3073, -42
33099, 3073, -41
33102, 3073, -41
33106, 3074, -40
33109, 3074, -40
33113, 3074, -40
33116, 3074, -40
33120, 3074, -39
33123, 3074, -39
33126, 3074, -39
33129, 3074, -39
33133, 3073, -39
33136, 3073, -39
33140, 3073, -38
33143, 3073, -39
33147, 3073, -39
33150, 3073, -39
33154, 3074, -39
33157, 3074, -39
33160, 3074, -39
33163, 3073, -38
33166, 3073, -38
33169, 3073, -38
33172, 3073, -37
33176, 3073, -37
33180, 3073, -36
33183, 3073, -36
33186, 3073, -37
33189, 3073, -37
33193, 3074, -37
33196, 3074, -37
33199, 3074, -36
33202, 3073, -36
33206, 3073, -37
33209, 3073, -37
33212, 3073, -37
33216, 3073, -39
33220, 3074, -39
33223, 3074, -39
33226, 3073, -39
33229, 3073, -39
33233, 3073, -40
33236, 3073, -39
33239, 3073, -39
33242, 3073, -39
33246, 3073, -38
33249, 3073, -38
33252, 3073, -38
33255, 3073, -38
33258, 3073, -38
33261, 3074, -39
33264, 3074, -39
33268, 3074, -38
33271, 3073, -38
33274, 3073, -39
33277, 3073, -39
33280, 3073, -38
33285, 3073, -38
33289, 3073, -39
33292, 3073, -39
33296, 3073, -41
33299, 3073, -41
33302, 3074, -41
33305, 3074, -41
33309, 3074, -41
33312, 3074, -41
33315, 3073, -40
33319, 3073, -40
33322, 3073, -40
33326, 3073, -41
33329, 3073, -41
33333, 3073, -41
33338, 3073, -41
33341, 3073, -41
33345, 3073, -41
33349, 3073, -40
33352, 3073, -40
33355, 3073, -40
33359, 3073, -40
33362, 3073, -40
33366, 3073, -41
33369, 3073, -41
33372, 3073, -41
33376, 3073, -41
33379, 3073, -41
33382, 3073, -42
33385, 3073, -41
33389, 3073, -40
33392, 3073, -40
33395, 3073, -39
33398, 3073, -40
33401, 3073, -39
33404, 3073, -39
33407, 3073, -39
33410, 3073, -39
33413, 3073, -39
33416, 3073, -39
33419, 3073, -39
33422, 3073, -39
33425, 3073, -39
33428, 3073, -39
33431, 3073, -39
33434, 3073, -39
33438, 3073, -40
33441, 3073, -41
33444, 3073, -41
33447, 3073, -41
33450, 3073, -41
33454, 3074, -41
33457, 3073, -41
33460, 3074, -41
33463, 3073, -42
33466, 3073, -42
33469, 3073, -43
33472, 3073, -43
33475, 3073, -43
33479, 3073, -43
33482, 3073, -42
33485, 3073, -42
33488, 3073, -42
33492, 3073, -43
33495, 3074, -44
33498, 3073, -43
33501, 3073, -44
33505, 3073, -44
33509, 3073, -44
33512, 3073, -44
33517, 3073, -45
33520, 3074, -45
33523, 3074, -45
33526, 3074, -45
33529, 3073, -46
33532, 3073, -46
33535, 3073, -46
33539, 3073, -46
33542, 3073, -47
33546, 3073, -48
33549, 3073, -48
33553, 3073, -48
33556, 3073, -48
33559, 3073, -48
33562, 3073, -48
33565, 3073, -48
33569, 3074, -48
33572, 3074, -49
33575, 3074, -49
33578, 3074, -50
33582, 3073, -50
33585, 3073, -51
33588, 3073, -52
33591, 3073, -52
33595, 3073, -51
33599, 3073, -52
33602, 3073, -53
33605, 3073, -53
33608, 3074, -53
33611, 3074, -53
33615, 3073, -53
33618, 3073, -53
33621, 3073, -53
33624, 3073, -53
33627, 3073, -54
33630, 3073, -55
33633, 3073, -57
33637, 3073, -59
33640, 3073, -60
33643, 3073, -60
33646, 3073, -60
33649, 3073, -60
33652, 3073, -60
33656, 3073, -61
33659, 3073, -62
33662, 3073, -64
33666, 3073, -65
33669, 3073, -65
33672, 3073, -66
33675, 3073, -66
33678, 3074, -67
33681, 3073, -68
33684, 3073, -69
33688, 3073, -71
33691, 3073, -72
33694, 3073, -74
33697, 3073, -75
33700, 3072, -77
33704, 3072, -80
33707, 3072, -81
33711, 3072, -82
33714, 3072, -83
33717, 3072, -86
33721, 3072, -87
33725, 3072, -88
33729, 3073, -88
33732, 3073, -89
33735, 3073, -90
33738, 3073, -91
33741, 3073, -92
33745, 3073, -92
33748, 3072, -92
33751, 3072, -93
33754, 3073, -93
33757, 3073, -93
33760, 3073, -93
33764, 3073, -93
33767, 3073, -93
33770, 3072, -92
33773, 3072, -92
33776, 3072, -91
33779, 3072, -91
33783, 3072, -91
33786, 3072, -91
33789, 3072, -91
33792, 3072, -90
33795, 3072, -88
33798, 3072, -88
33801, 3072, -87
33805, 3072, -87
33808, 3073, -86
33811, 3073, -84
33814, 3072, -83
33818, 3072, -82
33821, 3072, -81
33824, 3072, -81
33827, 3072, -81
33830, 3073, -80
33833, 3073, -78
33836, 3073, -77
33840, 3073, -77
33843, 3073, -75
33846, 3073, -73
33849, 3073, -71
33853, 3073, -70
33856, 3073, -69
33859, 3073, -67
33862, 3073, -65
33865, 3074, -65
33868, 3074, -64
33872, 3073, -62
33875, 3073, -61
33878, 3073, -60
33881, 3073, -58
33884, 3073, -58
33888, 3073, -58
33891, 3073, -56
33894, 3073, -55
33897, 3073, -53
33900, 3073, -53
33904, 3073, -52
33907, 3073, -50
33910, 3074, -48
33913, 3073, -46
33918, 3073, -45
33921, 3073, -43
33925, 3073, -42
33929, 3073, -41
33933, 3073, -39
33936, 3074, -38
33940, 3074, -37
33944, 3074, -37
33948, 3074, -36
33951, 3073, -38
33955, 3073, -40
33958, 3073, -42
33961, 3073, -43
33965, 3073, -44
33968, 3073, -45
33971, 3073, -46
33974, 3073, -47
33978, 3073, -47
33982, 3073, -47
33986, 3073, -48
33989, 3073, -48
33992, 3073, -49
33997, 3073, -50
34000, 3073, -51
34003, 3073, -51
34006, 3074, -51
34009, 3074, -51
34013, 3074, -52
34016, 3074, -52
34019, 3073, -53
34023, 3073, -54
34026, 3073, -54
34029, 3073, -53
34033, 3073, -53
34036, 3073, -53
34040, 3073, -53
34043, 3073, -53
34047, 3074, -52
34050, 3074, -52
34054, 3074, -53
34058, 3074, -54
34062, 3074, -53
34065, 3073, -53
34068, 3074, -52
34071, 3074, -51
34075, 3074, -51
34078, 3073, -52
34081, 3073, -53
34085, 3073, -53
34088, 3073, -51
34091, 3073, -51
34095, 3073, -50
34098, 3073, -48
34103, 3073, -48
34106, 3073, -49
34109, 3073, -48
34112, 3073, -47
34117, 3073, -46
34120, 3073, -46
34123, 3073, -47
34127, 3073, -48
34130, 3073, -47
34133, 3073, -47
34137, 3073, -46
34141, 3073, -46
34144, 3074, -46
34148, 3074, -45
34152, 3074, -44
34155, 3074, -44
34158, 3074, -44
34162, 3074, -44
34166, 3073, -44
34169, 3073, -45
34173, 3073, -44
34177, 3073, -44
34180, 3073, -44
34183, 3073, -43
34186, 3073, -42
34190, 3073, -42
34193, 3073, -42
34196, 3073, -41
34199, 3073, -40
34203, 3073, -40
34207, 3074, -42
34210, 3074, -42
34213, 3073, -42
34217, 3073, -42
34221, 3074, -40
34225, 3074, -38
34228, 3074, -39
34231, 3074, -39
34235, 3074, -38
34238, 3074, -39
34242, 3073, -40
34246, 3074, -40
34251, 3074, -41
34255, 3074, -40
34258, 3074, -40
34262, 3074, -39
34266, 3074, -39
34269, 3074, -39
34273, 3074, -38
34277, 3074, -36
34280, 3074, -35
34285, 3074, -35
34288, 3074, -36
34291, 3074, -35
34294, 3074, -36
34297, 3074, -35
34301, 3074, -35
34304, 3074, -34
34307, 3074, -34
34311, 3074, -34
34314, 3074, -34
34317, 3073, -33
34320, 3074, -33
34324, 3073, -33
34328, 3073, -32
34331, 3073, -31
34334, 3073, -31
34338, 3073, -32
34341, 3073, -31
34346, 3074, -30
36360, 3074, -15
36364, 3074, -16
36367, 3074, -16
36370, 3075, -16
36375, 3074, -16
36378, 3074, -16
36381, 3075, -15
36385, 3075, -14
36388, 3075, -14
36392, 3075, -14
36396, 3075, -14
36399, 3075, -14
36403, 3075, -14
36407, 3074, -13
36411, 3074, -13
36414, 3074, -13
36417, 3074, -12
36422, 3075, -12
36426, 3075, -12
36430, 3075, -13
36434, 3075, -13
36437, 3075, -13
36440, 3075, -13
36445, 3075, -13
36448, 3075, -13
36452, 3075, -12
36455, 3075, -12
36459, 3075, -13
36463, 3075, -13
36467, 3075, -12
36470, 3075, -12
36473, 3075, -12
36476, 3074, -12
36480, 3074, -12
36483, 3075, -12
36486, 3075, -12
36489, 3075, -13
36492, 3075, -13
36495, 3075, -13
36499, 3075, -13
36502, 3075, -14
36505, 3075, -14
36508, 3075, -14
36512, 3075, -14
36515, 3075, -15
36518, 3075, -15
36523, 3075, -14
36526, 3075, -15
36530, 3075, -15
36534, 3075, -15
36537, 3075, -15
36541, 3075, -15
36544, 3075, -15
36547, 3075, -15
36551, 3075, -15
36554, 3075, -15
36557, 3075, -14
36560, 3075, -14
36564, 3075, -14
36567, 3075, -14
36570, 3075, -14
36574, 3075, -13
36577, 3075, -13
36581, 3075, -13
36584, 3075, -13
36587, 3075, -14
36590, 3075, -15
36593, 3074, -15
36597, 3075, -15
36600, 3075, -16
36603, 3075, -16
36606, 3074, -15
36609, 3074, -15
36612, 3074, -15
36615, 3074, -14
36619, 3074, -14
36622, 3074, -15
36625, 3074, -14
36628, 3074, -14
36631, 3074, -15
36634, 3074, -17
36638, 3074, -17
36641, 3075, -17
36644, 3075, -17
36647, 3075, -17
36650, 3075, -17
36653, 3076, -18
36657, 3075, -19
36660, 3075, -19
36663, 3075, -19
36666, 3074, -19
36669, 3074, -19
36672, 3074, -20
36676, 3074, -20
36679, 3074, -20
36682, 3074, -20
36688, 3074, -19
36691, 3074, -20
36694, 3074, -20
36698, 3074, -20
36701, 3075, -21
36704, 3075, -22
36707, 3074, -22
36710, 3075, -23
36713, 3075, -23
36717, 3075, -23
36720, 3075, -23
36723, 3075, -23
36726, 3074, -23
36729, 3074, -24
36732, 3074, -24
36735, 3074, -24
36739, 3074, -24
36742, 3074, -25
36745, 3074, -26
36748, 3074, -27
36751, 3074, -27
36754, 3074, -27
36757, 3074, -27
36761, 3074, -28
36765, 3074, -28
36768, 3074, -29
36771, 3074, -29
36775, 3074, -30
36778, 3074, -30
36781, 3074, -30
36784, 3074, -31
36787, 3074, -32
36791, 3074, -33
36794, 3074, -34
36797, 3074, -35
36800, 3074, -36
36804, 3073, -36
36807, 3073, -37
36810, 3074, -37
36813, 3074, -38
36816, 3074, -38
36819, 3074, -39
36822, 3074, -39
36826, 3074, -40
36829, 3074, -41
36832, 3074, -43
36835, 3074, -45
36838, 3074, -46
36841, 3074, -47
36844, 3074, -49
36847, 3074, -50
36850, 3073, -52
36853, 3073, -54
36856, 3074, -55
36860, 3074, -57
36863, 3074, -59
36866, 3074, -60
36870, 3074, -62
36874, 3074, -62
36878, 3074, -64
36881, 3074, -65
36885, 3074, -65
36889, 3073, -65
36893, 3073, -65
36897, 3074, -65
36900, 3074, -64
36903, 3073, -64
36906, 3074, -63
36909, 3074, -62
36913, 3073, -62
36916, 3073, -63
36919, 3074, -64
36922, 3074, -63
36925, 3074, -62
36929, 3074, -62
36932, 3074, -61
36935, 3074, -60
36938, 3074, -60
36941, 3074, -59
36945, 3074, -57
36948, 3074, -57
36952, 3074, -56
36955, 3074, -55
36959, 3074, -54
36962, 3074, -53
36965, 3074, -52
36969, 3074, -50
36973, 3074, -49
36977, 3074, -48
36980, 3074, -47
36984, 3074, -45
36989, 3074, -43
36993, 3074, -42
36996, 3074, -41
36999, 3074, -40
37003, 3074, -39
37007, 3074, -36
37010, 3074, -36
37013, 3074, -34
37016, 3074, -32
37019, 3074, -32
37022, 3074, -31
37026, 3074, -31
37029, 3074, -29
37032, 3074, -28
37035, 3074, -27
37038, 3074, -27
37041, 3074, -24
37044, 3074, -23
37047, 3074, -23
37051, 3074, -21
37054, 3074, -20
37057, 3074, -20
37060, 3074, -22
37063, 3074, -22
37066, 3074, -23
37069, 3074, -23
37072, 3074, -24
37076, 3074, -25
37079, 3074, -25
37082, 3074, -26
37085, 3074, -27
37088, 3074, -28
37091, 3074, -27
37094, 3074, -27
37098, 3074, -27
37101, 3074, -27
37104, 3074, -27
37107, 3074, -27
37110, 3074, -27
37113, 3074, -26
37116, 3074, -26
37119, 3074, -26
37123, 3074, -26
37126, 3075, -26
37129, 3074, -26
37132, 3074, -27
37135, 3075, -27
37139, 3074, -27
37142, 3074, -27
37145, 3074, -26
37148, 3074, -26
37151, 3074, -26
37154, 3074, -26
37158, 3074, -26
37161, 3074, -26
37164, 3074, -26
37167, 3074, -26
37170, 3074, -26
37173, 3074, -25
37177, 3074, -25
37180, 3074, -25
37183, 3074, -25
37186, 3074, -23
37189, 3075, -23
37192, 3075, -23
37195, 3075, -21
37199, 3075, -21
37202, 3075, -21
37205, 3074, -20
37208, 3074, -20
37211, 3075, -20
37214, 3074, -20
37217, 3074, -20
37220, 3074, -20
37223, 3074, -21
37226, 3074, -20
37230, 3075, -21
37233, 3075, -21
37236, 3075, -21
37239, 3075, -22
37242, 3075, -21
37245, 3075, -22
37249, 3075, -21
37252, 3075, -23
37255, 3074, -23
37258, 3074, -22
37262, 3074, -22
37265, 3074, -19
37268, 3074, -18
37271, 3075, -18
37274, 3075, -17
37278, 3075, -16
37281, 3075, -16
37284, 3075, -15
37287, 3074, -14
37290, 3074, -14
37294, 3074, -15
37297, 3074, -15
37300, 3074, -15
37303, 3074, -15
37306, 3075, -14
37309, 3075, -13
37312, 3075, -13
37316, 3075, -13
37319, 3075, -12
37322, 3075, -12
37325, 3075, -12
37328, 3075, -11
37331, 3075, -11
37334, 3075, -11
37338, 3075, -11
37341, 3075, -10
37344, 3075, -10
37347, 3075, -10
37350, 3075, -10
37353, 3074, -9
37357, 3075, -10
37360, 3075, -10
37363, 3075, -10
37366, 3075, -9
37369, 3075, -8
37373, 3075, -8
37376, 3075, -7
37379, 3075, -7
37382, 3075, -6
37385, 3075, -4
37388, 3075, -4
37391, 3075, -5
37395, 3074, -5
37398, 3075, -4
37401, 3074, -4
37404, 3074, -3
37407, 3074, -2
37410, 3074, -3
37413, 3074, -2
37416, 3074, -1
37420, 3075, -2
37423, 3074, -1
37426, 3075, -1
37429, 3075, -1
37432, 3075, -1
37435, 3075, -2
37438, 3075, -2
37441, 3075, -3
37445, 3075, -3
37448, 3075, -2
37452, 3075, -1
37455, 3076, -2
37459, 3076, -2
37462, 3076, -1
37465, 3076, 0
